# scan initial plane
# b 1.15
# r 0
# e -0.4
# p12 0.23
# ndiv 8
# n_reps 3
# A:(0,1),	A':(0,0.613),	B:(1,0),	B'=(0.613,0),	C:(1,1),	D:(0,0),	E:(0.333,0.333) 
# columns: ix iy x1_0 x2_0 rep x1_inf x2_inf sigma_1 sigma_2 t_relax
3	0	0.374000000000	0.000000000000	1	0.762988000000	0.000000000000	0.010148046060	0.000000000000	10000
3	0	0.374000000000	0.000000000000	2	0.783382000000	0.000000000000	0.012083711851	0.000000000000	26000
3	0	0.374000000000	0.000000000000	3	0.761628000000	0.000000000000	0.015778928690	0.000000000000	8000
3	1	0.374000000000	0.124000000000	1	0.734760000000	0.000000000000	0.009461496706	0.000000000000	12000
3	1	0.374000000000	0.124000000000	2	0.771150000000	0.000000000000	0.013436295398	0.000000000000	6000
3	1	0.374000000000	0.124000000000	3	0.793886000000	0.000000000000	0.012662042937	0.000000000000	36000
3	2	0.374000000000	0.250000000000	1	0.759152000000	0.000000000000	0.014228821292	0.000000000000	22000
3	2	0.374000000000	0.250000000000	2	0.767042000000	0.000000000000	0.010008116626	0.000000000000	28000
3	2	0.374000000000	0.250000000000	3	0.780076000000	0.000000000000	0.009575275970	0.000000000000	20000
3	3	0.374000000000	0.374000000000	1	0.761304000000	0.000000000000	0.012949257402	0.000000000000	18000
3	3	0.374000000000	0.374000000000	2	0.000000000000	0.775990000000	0.000000000000	0.009579962196	50000
3	3	0.374000000000	0.374000000000	3	0.000000000000	0.799830000000	0.000000000000	0.011467982151	70000
3	4	0.374000000000	0.500000000000	1	0.000000000000	0.756424000000	0.000000000000	0.014192309384	14000
3	4	0.374000000000	0.500000000000	2	0.000000000000	0.772378000000	0.000000000000	0.011542718499	86000
3	4	0.374000000000	0.500000000000	3	0.000000000000	0.766120000000	0.000000000000	0.009651048790	68000
3	5	0.374000000000	0.624000000000	1	0.000000000000	0.753566000000	0.000000000000	0.011644021094	18000
3	5	0.374000000000	0.624000000000	2	0.000000000000	0.767918000000	0.000000000000	0.014815153214	24000
3	5	0.374000000000	0.624000000000	3	0.000000000000	0.755804000000	0.000000000000	0.015746540494	14000
3	6	0.374000000000	0.750000000000	1	0.000000000000	0.750084000000	0.000000000000	0.011622048701	78000
3	6	0.374000000000	0.750000000000	2	0.000000000000	0.756686000000	0.000000000000	0.010477556165	8000
3	6	0.374000000000	0.750000000000	3	0.000000000000	0.764900000000	0.000000000000	0.010697683882	20000
3	7	0.374000000000	0.874000000000	1	0.000000000000	0.784832000000	0.000000000000	0.012133878482	30000
3	7	0.374000000000	0.874000000000	2	0.000000000000	0.771184000000	0.000000000000	0.010690202263	22000
3	7	0.374000000000	0.874000000000	3	0.000000000000	0.785792000000	0.000000000000	0.011715203028	16000
3	8	0.374000000000	1.000000000000	1	0.000000000000	1.000000000000	0.000000000000	0.000000000000	6000
3	8	0.374000000000	1.000000000000	2	0.000000000000	1.000000000000	0.000000000000	0.000000000000	6000
3	8	0.374000000000	1.000000000000	3	0.000000000000	1.000000000000	0.000000000000	0.000000000000	6000
