# scan initial plane
# b 1.15
# r 0
# e -0.4
# p12 0.22
# ndiv 8
# n_reps 3
# A:(0,1),	A':(0,0.587),	B:(1,0),	B'=(0.587,0),	C:(1,1),	D:(0,0),	E:(0.325,0.325) 
# columns: ix iy x1_0 x2_0 rep x1_inf x2_inf sigma_1 sigma_2 t_relax
5	0	0.624000000000	0.000000000000	1	0.650214000000	0.000000000000	0.008546299974	0.000000000000	40000
5	0	0.624000000000	0.000000000000	2	0.662810000000	0.000000000000	0.014747657217	0.000000000000	6000
5	0	0.624000000000	0.000000000000	3	0.645666000000	0.000000000000	0.010935631305	0.000000000000	18000
5	1	0.624000000000	0.124000000000	1	0.322238000000	0.356464000000	0.012192457177	0.011614456492	38000
5	1	0.624000000000	0.124000000000	2	0.305396000000	0.363764000000	0.012049746071	0.009251913418	26000
5	1	0.624000000000	0.124000000000	3	0.353318000000	0.327276000000	0.019592108787	0.015064088115	400000
5	2	0.624000000000	0.250000000000	1	0.368530000000	0.321296000000	0.022755590894	0.014619922234	180000
5	2	0.624000000000	0.250000000000	2	0.387354000000	0.292798000000	0.021533842908	0.021006486343	206000
5	2	0.624000000000	0.250000000000	3	0.343794000000	0.334170000000	0.029739906288	0.024073775081	70000
5	3	0.624000000000	0.374000000000	1	0.407690000000	0.272836000000	0.023670999476	0.016754635831	356000
5	3	0.624000000000	0.374000000000	2	0.440696000000	0.237118000000	0.016426363244	0.013109917847	54000
5	3	0.624000000000	0.374000000000	3	0.321264000000	0.361658000000	0.013543771179	0.013484987241	50000
5	4	0.624000000000	0.500000000000	1	0.281658000000	0.393324000000	0.033149871040	0.032265897045	244000
5	4	0.624000000000	0.500000000000	2	0.298694000000	0.378438000000	0.023470006502	0.021861795308	256000
5	4	0.624000000000	0.500000000000	3	0.298032000000	0.388956000000	0.018931385934	0.018349898713	400000
5	5	0.624000000000	0.624000000000	1	0.248400000000	0.417630000000	0.009334620246	0.014143377784	30000
5	5	0.624000000000	0.624000000000	2	0.356424000000	0.324546000000	0.017283255912	0.017129369495	90000
5	5	0.624000000000	0.624000000000	3	0.337194000000	0.342622000000	0.023086258669	0.022769619487	124000
5	6	0.624000000000	0.750000000000	1	0.289432000000	0.387900000000	0.015006084051	0.020235599311	24000
5	6	0.624000000000	0.750000000000	2	0.299382000000	0.400630000000	0.017674797721	0.017862759534	308000
5	6	0.624000000000	0.750000000000	3	0.334430000000	0.341522000000	0.017631845677	0.017126728842	34000
5	7	0.624000000000	0.874000000000	1	0.380692000000	0.299914000000	0.013399577780	0.013744581387	36000
5	7	0.624000000000	0.874000000000	2	0.284738000000	0.382474000000	0.022866005559	0.021965741914	206000
5	7	0.624000000000	0.874000000000	3	0.346772000000	0.331864000000	0.011665852224	0.011144581899	400000
5	8	0.624000000000	1.000000000000	1	0.000000000000	1.000000000000	0.000000000000	0.000000000000	6000
5	8	0.624000000000	1.000000000000	2	0.000000000000	1.000000000000	0.000000000000	0.000000000000	6000
5	8	0.624000000000	1.000000000000	3	0.000000000000	1.000000000000	0.000000000000	0.000000000000	6000
