# scan initial plane
# b 1.174
# r 0
# e -0.4
# p12 0.3
# ndiv 10
# n_reps 5
# A:(0,1),	A':(0,0.690),	B:(1,0),	B'=(0.690,0),	C:(1,1),	D:(0,0),	E:(0.347,0.347) 
# columns: ix iy x1_0 x2_0 rep x1_inf x2_inf sigma_1 sigma_2 t_relax
3	0	0.300000000000	0.000000000000	1	0.695817500000	0.000000000000	0.012462172744	0.000000000000	4000
3	0	0.300000000000	0.000000000000	2	0.697587500000	0.000000000000	0.009298389850	0.000000000000	6000
3	0	0.300000000000	0.000000000000	3	0.695827500000	0.000000000000	0.007953600034	0.000000000000	14000
3	0	0.300000000000	0.000000000000	4	0.682817500000	0.000000000000	0.007994958606	0.000000000000	30000
3	0	0.300000000000	0.000000000000	5	0.698125000000	0.000000000000	0.009307712313	0.000000000000	20000
3	1	0.300000000000	0.100000000000	1	0.688137500000	0.000000000000	0.009110864482	0.000000000000	26000
3	1	0.300000000000	0.100000000000	2	0.693237500000	0.000000000000	0.009431399421	0.000000000000	22000
3	1	0.300000000000	0.100000000000	3	0.698312500000	0.000000000000	0.010740645009	0.000000000000	28000
3	1	0.300000000000	0.100000000000	4	0.690500000000	0.000000000000	0.011997142636	0.000000000000	12000
3	1	0.300000000000	0.100000000000	5	0.695582500000	0.000000000000	0.009111803813	0.000000000000	24000
3	2	0.300000000000	0.200000000000	1	0.699737500000	0.000000000000	0.012458634007	0.000000000000	8000
3	2	0.300000000000	0.200000000000	2	0.693297500000	0.000000000000	0.008146263276	0.000000000000	30000
3	2	0.300000000000	0.200000000000	3	0.697140000000	0.000000000000	0.008759830742	0.000000000000	18000
3	2	0.300000000000	0.200000000000	4	0.684357500000	0.000000000000	0.011209107361	0.000000000000	30000
3	2	0.300000000000	0.200000000000	5	0.699470000000	0.000000000000	0.014429650544	0.000000000000	20000
3	3	0.300000000000	0.300000000000	1	0.703427500000	0.000000000000	0.008512841019	0.000000000000	16000
3	3	0.300000000000	0.300000000000	2	0.700237500000	0.000000000000	0.010212940218	0.000000000000	16000
3	3	0.300000000000	0.300000000000	3	0.000000000000	0.702315000000	0.000000000000	0.009829160055	18000
3	3	0.300000000000	0.300000000000	4	0.695072500000	0.000000000000	0.010071118169	0.000000000000	30000
3	3	0.300000000000	0.300000000000	5	0.000000000000	0.690362500000	0.000000000000	0.010029353503	30000
3	4	0.300000000000	0.400000000000	1	0.000000000000	0.698937500000	0.000000000000	0.009477851730	30000
3	4	0.300000000000	0.400000000000	2	0.000000000000	0.692025000000	0.000000000000	0.009893040344	10000
3	4	0.300000000000	0.400000000000	3	0.000000000000	0.701130000000	0.000000000000	0.011702459038	14000
3	4	0.300000000000	0.400000000000	4	0.000000000000	0.688977500000	0.000000000000	0.009388764170	8000
3	4	0.300000000000	0.400000000000	5	0.000000000000	0.693895000000	0.000000000000	0.010446319955	18000
3	5	0.300000000000	0.500000000000	1	0.000000000000	0.701562500000	0.000000000000	0.012384697189	8000
3	5	0.300000000000	0.500000000000	2	0.000000000000	0.699190000000	0.000000000000	0.012900012028	8000
3	5	0.300000000000	0.500000000000	3	0.000000000000	0.692865000000	0.000000000000	0.011422992592	24000
3	5	0.300000000000	0.500000000000	4	0.000000000000	0.692830000000	0.000000000000	0.011552578157	30000
3	5	0.300000000000	0.500000000000	5	0.000000000000	0.694522500000	0.000000000000	0.011187757133	10000
3	6	0.300000000000	0.600000000000	1	0.000000000000	0.702522500000	0.000000000000	0.008596781281	20000
3	6	0.300000000000	0.600000000000	2	0.000000000000	0.699135000000	0.000000000000	0.009122636543	18000
3	6	0.300000000000	0.600000000000	3	0.000000000000	0.699430000000	0.000000000000	0.008783635480	30000
3	6	0.300000000000	0.600000000000	4	0.000000000000	0.698497500000	0.000000000000	0.009685300656	10000
3	6	0.300000000000	0.600000000000	5	0.000000000000	0.699655000000	0.000000000000	0.008644692343	20000
3	7	0.300000000000	0.700000000000	1	0.000000000000	0.696757500000	0.000000000000	0.009506330210	30000
3	7	0.300000000000	0.700000000000	2	0.000000000000	0.699902500000	0.000000000000	0.010221360965	14000
3	7	0.300000000000	0.700000000000	3	0.000000000000	0.697902500000	0.000000000000	0.009545829802	8000
3	7	0.300000000000	0.700000000000	4	0.000000000000	0.698945000000	0.000000000000	0.011116904271	18000
3	7	0.300000000000	0.700000000000	5	0.000000000000	0.690427500000	0.000000000000	0.009096358474	30000
3	8	0.300000000000	0.800000000000	1	0.000000000000	0.696200000000	0.000000000000	0.010121138149	14000
3	8	0.300000000000	0.800000000000	2	0.000000000000	0.713547500000	0.000000000000	0.011124083737	12000
3	8	0.300000000000	0.800000000000	3	0.000000000000	0.700592500000	0.000000000000	0.009587602196	30000
3	8	0.300000000000	0.800000000000	4	0.000000000000	0.701300000000	0.000000000000	0.009599591249	8000
3	8	0.300000000000	0.800000000000	5	0.000000000000	0.692417500000	0.000000000000	0.010954197286	16000
3	9	0.300000000000	0.900000000000	1	0.000000000000	0.701542500000	0.000000000000	0.009539677626	24000
3	9	0.300000000000	0.900000000000	2	0.000000000000	0.693977500000	0.000000000000	0.009988018034	30000
3	9	0.300000000000	0.900000000000	3	0.000000000000	0.705452500000	0.000000000000	0.009252004828	12000
3	9	0.300000000000	0.900000000000	4	0.000000000000	0.699842500000	0.000000000000	0.013033661039	24000
3	9	0.300000000000	0.900000000000	5	0.000000000000	0.687425000000	0.000000000000	0.008741183174	30000
3	10	0.300000000000	1.000000000000	1	0.000000000000	1.000000000000	0.000000000000	0.000000000000	6000
3	10	0.300000000000	1.000000000000	2	0.000000000000	1.000000000000	0.000000000000	0.000000000000	6000
3	10	0.300000000000	1.000000000000	3	0.000000000000	1.000000000000	0.000000000000	0.000000000000	6000
3	10	0.300000000000	1.000000000000	4	0.000000000000	1.000000000000	0.000000000000	0.000000000000	6000
3	10	0.300000000000	1.000000000000	5	0.000000000000	1.000000000000	0.000000000000	0.000000000000	6000
