# scan initial plane
# b 1.174
# r 0
# e -0.4
# p12 0.3
# ndiv 10
# n_reps 5
# A:(0,1),	A':(0,0.690),	B:(1,0),	B'=(0.690,0),	C:(1,1),	D:(0,0),	E:(0.347,0.347) 
# columns: ix iy x1_0 x2_0 rep x1_inf x2_inf sigma_1 sigma_2 t_relax
0	0	0.000000000000	0.000000000000	1	0.000000000000	0.000000000000	0.000000000000	0.000000000000	4000
0	0	0.000000000000	0.000000000000	2	0.000000000000	0.000000000000	0.000000000000	0.000000000000	4000
0	0	0.000000000000	0.000000000000	3	0.000000000000	0.000000000000	0.000000000000	0.000000000000	4000
0	0	0.000000000000	0.000000000000	4	0.000000000000	0.000000000000	0.000000000000	0.000000000000	4000
0	0	0.000000000000	0.000000000000	5	0.000000000000	0.000000000000	0.000000000000	0.000000000000	4000
0	1	0.000000000000	0.100000000000	1	0.000000000000	0.697327500000	0.000000000000	0.009745972385	8000
0	1	0.000000000000	0.100000000000	2	0.000000000000	0.699805000000	0.000000000000	0.010405298902	18000
0	1	0.000000000000	0.100000000000	3	0.000000000000	0.704147500000	0.000000000000	0.009577772574	30000
0	1	0.000000000000	0.100000000000	4	0.000000000000	0.694002500000	0.000000000000	0.008987046832	22000
0	1	0.000000000000	0.100000000000	5	0.000000000000	0.694865000000	0.000000000000	0.008306670559	24000
0	2	0.000000000000	0.200000000000	1	0.000000000000	0.695942500000	0.000000000000	0.009484613943	10000
0	2	0.000000000000	0.200000000000	2	0.000000000000	0.700467500000	0.000000000000	0.011032765549	20000
0	2	0.000000000000	0.200000000000	3	0.000000000000	0.698635000000	0.000000000000	0.011253929355	28000
0	2	0.000000000000	0.200000000000	4	0.000000000000	0.697870000000	0.000000000000	0.009112279278	10000
0	2	0.000000000000	0.200000000000	5	0.000000000000	0.697917500000	0.000000000000	0.011471204483	10000
0	3	0.000000000000	0.300000000000	1	0.000000000000	0.701712500000	0.000000000000	0.012078161107	18000
0	3	0.000000000000	0.300000000000	2	0.000000000000	0.699860000000	0.000000000000	0.009974587329	12000
0	3	0.000000000000	0.300000000000	3	0.000000000000	0.700212500000	0.000000000000	0.010379370168	30000
0	3	0.000000000000	0.300000000000	4	0.000000000000	0.688232500000	0.000000000000	0.010535924233	14000
0	3	0.000000000000	0.300000000000	5	0.000000000000	0.700722500000	0.000000000000	0.012104989654	30000
0	4	0.000000000000	0.400000000000	1	0.000000000000	0.701180000000	0.000000000000	0.010481768337	4000
0	4	0.000000000000	0.400000000000	2	0.000000000000	0.701032500000	0.000000000000	0.012575206940	4000
0	4	0.000000000000	0.400000000000	3	0.000000000000	0.695445000000	0.000000000000	0.009096550018	4000
0	4	0.000000000000	0.400000000000	4	0.000000000000	0.699102500000	0.000000000000	0.008384273361	30000
0	4	0.000000000000	0.400000000000	5	0.000000000000	0.699077500000	0.000000000000	0.009522127633	20000
0	5	0.000000000000	0.500000000000	1	0.000000000000	0.697905000000	0.000000000000	0.009632172847	26000
0	5	0.000000000000	0.500000000000	2	0.000000000000	0.696105000000	0.000000000000	0.009638951415	10000
0	5	0.000000000000	0.500000000000	3	0.000000000000	0.698552500000	0.000000000000	0.009349379907	6000
0	5	0.000000000000	0.500000000000	4	0.000000000000	0.704690000000	0.000000000000	0.010845345616	16000
0	5	0.000000000000	0.500000000000	5	0.000000000000	0.696540000000	0.000000000000	0.008323020646	10000
0	6	0.000000000000	0.600000000000	1	0.000000000000	0.697270000000	0.000000000000	0.008915665376	16000
0	6	0.000000000000	0.600000000000	2	0.000000000000	0.698817500000	0.000000000000	0.009904218156	6000
0	6	0.000000000000	0.600000000000	3	0.000000000000	0.696907500000	0.000000000000	0.007865561697	26000
0	6	0.000000000000	0.600000000000	4	0.000000000000	0.701675000000	0.000000000000	0.013274339271	30000
0	6	0.000000000000	0.600000000000	5	0.000000000000	0.692015000000	0.000000000000	0.008392568749	6000
0	7	0.000000000000	0.700000000000	1	0.000000000000	0.695580000000	0.000000000000	0.010308727849	6000
0	7	0.000000000000	0.700000000000	2	0.000000000000	0.702880000000	0.000000000000	0.010133893417	18000
0	7	0.000000000000	0.700000000000	3	0.000000000000	0.706767500000	0.000000000000	0.010046548008	30000
0	7	0.000000000000	0.700000000000	4	0.000000000000	0.697647500000	0.000000000000	0.009559072634	30000
0	7	0.000000000000	0.700000000000	5	0.000000000000	0.705985000000	0.000000000000	0.010575519685	18000
0	8	0.000000000000	0.800000000000	1	0.000000000000	0.706850000000	0.000000000000	0.010094771142	22000
0	8	0.000000000000	0.800000000000	2	0.000000000000	0.700400000000	0.000000000000	0.008737353223	30000
0	8	0.000000000000	0.800000000000	3	0.000000000000	0.697332500000	0.000000000000	0.008695763915	30000
0	8	0.000000000000	0.800000000000	4	0.000000000000	0.699930000000	0.000000000000	0.009375259756	20000
0	8	0.000000000000	0.800000000000	5	0.000000000000	0.688690000000	0.000000000000	0.010231132688	26000
0	9	0.000000000000	0.900000000000	1	0.000000000000	0.701542500000	0.000000000000	0.010621429212	20000
0	9	0.000000000000	0.900000000000	2	0.000000000000	0.701677500000	0.000000000000	0.011173275520	8000
0	9	0.000000000000	0.900000000000	3	0.000000000000	0.693312500000	0.000000000000	0.009662528562	8000
0	9	0.000000000000	0.900000000000	4	0.000000000000	0.693835000000	0.000000000000	0.012296604470	30000
0	9	0.000000000000	0.900000000000	5	0.000000000000	0.703970000000	0.000000000000	0.009266875146	22000
0	10	0.000000000000	1.000000000000	1	0.000000000000	1.000000000000	0.000000000000	0.000000000000	4000
0	10	0.000000000000	1.000000000000	2	0.000000000000	1.000000000000	0.000000000000	0.000000000000	4000
0	10	0.000000000000	1.000000000000	3	0.000000000000	1.000000000000	0.000000000000	0.000000000000	4000
0	10	0.000000000000	1.000000000000	4	0.000000000000	1.000000000000	0.000000000000	0.000000000000	4000
0	10	0.000000000000	1.000000000000	5	0.000000000000	1.000000000000	0.000000000000	0.000000000000	4000
