# scan initial plane
# b 1.174
# r 0
# e -0.4
# p12 0.3
# ndiv 10
# n_reps 5
# A:(0,1),	A':(0,0.690),	B:(1,0),	B'=(0.690,0),	C:(1,1),	D:(0,0),	E:(0.347,0.347) 
# columns: ix iy x1_0 x2_0 rep x1_inf x2_inf sigma_1 sigma_2 t_relax
8	0	0.800000000000	0.000000000000	1	0.691472500000	0.000000000000	0.011172525188	0.000000000000	30000
8	0	0.800000000000	0.000000000000	2	0.696617500000	0.000000000000	0.013842653749	0.000000000000	30000
8	0	0.800000000000	0.000000000000	3	0.700305000000	0.000000000000	0.012518034038	0.000000000000	22000
8	0	0.800000000000	0.000000000000	4	0.695480000000	0.000000000000	0.011088510047	0.000000000000	14000
8	0	0.800000000000	0.000000000000	5	0.701452500000	0.000000000000	0.009358636537	0.000000000000	16000
8	1	0.800000000000	0.100000000000	1	0.694160000000	0.000000000000	0.009544527123	0.000000000000	6000
8	1	0.800000000000	0.100000000000	2	0.698767500000	0.000000000000	0.010819739392	0.000000000000	30000
8	1	0.800000000000	0.100000000000	3	0.700202500000	0.000000000000	0.009116515486	0.000000000000	10000
8	1	0.800000000000	0.100000000000	4	0.699382500000	0.000000000000	0.009708589004	0.000000000000	6000
8	1	0.800000000000	0.100000000000	5	0.697732500000	0.000000000000	0.010122606429	0.000000000000	30000
8	2	0.800000000000	0.200000000000	1	0.690275000000	0.000000000000	0.009260676818	0.000000000000	8000
8	2	0.800000000000	0.200000000000	2	0.699655000000	0.000000000000	0.010142551274	0.000000000000	28000
8	2	0.800000000000	0.200000000000	3	0.688705000000	0.000000000000	0.012066216000	0.000000000000	8000
8	2	0.800000000000	0.200000000000	4	0.706457500000	0.000000000000	0.012466449218	0.000000000000	30000
8	2	0.800000000000	0.200000000000	5	0.701650000000	0.000000000000	0.010596097266	0.000000000000	30000
8	3	0.800000000000	0.300000000000	1	0.695247500000	0.000000000000	0.012444370458	0.000000000000	30000
8	3	0.800000000000	0.300000000000	2	0.700720000000	0.000000000000	0.008914795206	0.000000000000	10000
8	3	0.800000000000	0.300000000000	3	0.698185000000	0.000000000000	0.011590518328	0.000000000000	22000
8	3	0.800000000000	0.300000000000	4	0.693727500000	0.000000000000	0.009948540959	0.000000000000	24000
8	3	0.800000000000	0.300000000000	5	0.695677500000	0.000000000000	0.009406020251	0.000000000000	18000
8	4	0.800000000000	0.400000000000	1	0.689157500000	0.000000000000	0.012604773860	0.000000000000	30000
8	4	0.800000000000	0.400000000000	2	0.688432500000	0.000000000000	0.006845330693	0.000000000000	12000
8	4	0.800000000000	0.400000000000	3	0.705575000000	0.000000000000	0.011802379894	0.000000000000	26000
8	4	0.800000000000	0.400000000000	4	0.695155000000	0.000000000000	0.008422256788	0.000000000000	26000
8	4	0.800000000000	0.400000000000	5	0.699557500000	0.000000000000	0.012051169007	0.000000000000	12000
8	5	0.800000000000	0.500000000000	1	0.697760000000	0.000000000000	0.010801577388	0.000000000000	14000
8	5	0.800000000000	0.500000000000	2	0.689190000000	0.000000000000	0.008642545551	0.000000000000	10000
8	5	0.800000000000	0.500000000000	3	0.692502500000	0.000000000000	0.009518894532	0.000000000000	14000
8	5	0.800000000000	0.500000000000	4	0.700912500000	0.000000000000	0.012604859231	0.000000000000	10000
8	5	0.800000000000	0.500000000000	5	0.700135000000	0.000000000000	0.011598655258	0.000000000000	26000
8	6	0.800000000000	0.600000000000	1	0.691757500000	0.000000000000	0.010940733220	0.000000000000	10000
8	6	0.800000000000	0.600000000000	2	0.686672500000	0.000000000000	0.008842351550	0.000000000000	12000
8	6	0.800000000000	0.600000000000	3	0.697095000000	0.000000000000	0.011417260128	0.000000000000	30000
8	6	0.800000000000	0.600000000000	4	0.692380000000	0.000000000000	0.009003008061	0.000000000000	20000
8	6	0.800000000000	0.600000000000	5	0.686720000000	0.000000000000	0.009820287065	0.000000000000	10000
8	7	0.800000000000	0.700000000000	1	0.702450000000	0.000000000000	0.008192350982	0.000000000000	22000
8	7	0.800000000000	0.700000000000	2	0.700980000000	0.000000000000	0.010919424611	0.000000000000	30000
8	7	0.800000000000	0.700000000000	3	0.697247500000	0.000000000000	0.008801702319	0.000000000000	14000
8	7	0.800000000000	0.700000000000	4	0.692862500000	0.000000000000	0.008943843474	0.000000000000	6000
8	7	0.800000000000	0.700000000000	5	0.694887500000	0.000000000000	0.011219713710	0.000000000000	24000
8	8	0.800000000000	0.800000000000	1	0.689880000000	0.000000000000	0.009598319005	0.000000000000	24000
8	8	0.800000000000	0.800000000000	2	0.697782500000	0.000000000000	0.008886389124	0.000000000000	24000
8	8	0.800000000000	0.800000000000	3	0.700520000000	0.000000000000	0.009335644287	0.000000000000	18000
8	8	0.800000000000	0.800000000000	4	0.000000000000	0.698360000000	0.000000000000	0.011752596459	30000
8	8	0.800000000000	0.800000000000	5	0.690015000000	0.000000000000	0.010804698817	0.000000000000	30000
8	9	0.800000000000	0.900000000000	1	0.000000000000	0.697427500000	0.000000000000	0.010057442314	30000
8	9	0.800000000000	0.900000000000	2	0.000000000000	0.698405000000	0.000000000000	0.011120572923	14000
8	9	0.800000000000	0.900000000000	3	0.000000000000	0.714447500000	0.000000000000	0.011586532764	30000
8	9	0.800000000000	0.900000000000	4	0.000000000000	0.703172500000	0.000000000000	0.013610262047	30000
8	9	0.800000000000	0.900000000000	5	0.000000000000	0.696830000000	0.000000000000	0.011627501830	30000
8	10	0.800000000000	1.000000000000	1	0.000000000000	1.000000000000	0.000000000000	0.000000000000	6000
8	10	0.800000000000	1.000000000000	2	0.000000000000	1.000000000000	0.000000000000	0.000000000000	6000
8	10	0.800000000000	1.000000000000	3	0.000000000000	1.000000000000	0.000000000000	0.000000000000	6000
8	10	0.800000000000	1.000000000000	4	0.000000000000	1.000000000000	0.000000000000	0.000000000000	6000
8	10	0.800000000000	1.000000000000	5	0.000000000000	1.000000000000	0.000000000000	0.000000000000	6000
