# scan initial plane
# b 1.15
# r 0
# e -0.4
# p12 0.23
# ndiv 8
# n_reps 3
# A:(0,1),	A':(0,0.613),	B:(1,0),	B'=(0.613,0),	C:(1,1),	D:(0,0),	E:(0.333,0.333) 
# columns: ix iy x1_0 x2_0 rep x1_inf x2_inf sigma_1 sigma_2 t_relax
3	0	0.374000000000	0.000000000000	1	0.751608000000	0.000000000000	0.012266572659	0.000000000000	26000
3	0	0.374000000000	0.000000000000	2	0.757438000000	0.000000000000	0.011039657152	0.000000000000	30000
3	0	0.374000000000	0.000000000000	3	0.733472000000	0.000000000000	0.012338291999	0.000000000000	28000
3	1	0.374000000000	0.124000000000	1	0.745722000000	0.000000000000	0.013264035986	0.000000000000	36000
3	1	0.374000000000	0.124000000000	2	0.738974000000	0.000000000000	0.014516544150	0.000000000000	32000
3	1	0.374000000000	0.124000000000	3	0.727816000000	0.000000000000	0.009663308105	0.000000000000	54000
3	2	0.374000000000	0.250000000000	1	0.747432000000	0.000000000000	0.010216739096	0.000000000000	32000
3	2	0.374000000000	0.250000000000	2	0.733206000000	0.000000000000	0.014719178585	0.000000000000	54000
3	2	0.374000000000	0.250000000000	3	0.739738000000	0.000000000000	0.009218043628	0.000000000000	62000
3	3	0.374000000000	0.374000000000	1	0.741502000000	0.000000000000	0.011996162049	0.000000000000	22000
3	3	0.374000000000	0.374000000000	2	0.744946000000	0.000000000000	0.016301374752	0.000000000000	54000
3	3	0.374000000000	0.374000000000	3	0.747748000000	0.000000000000	0.010491833709	0.000000000000	20000
3	4	0.374000000000	0.500000000000	1	0.000000000000	0.751218000000	0.000000000000	0.013522697192	18000
3	4	0.374000000000	0.500000000000	2	0.000000000000	0.742450000000	0.000000000000	0.011135416359	32000
3	4	0.374000000000	0.500000000000	3	0.000000000000	0.738694000000	0.000000000000	0.010899594725	28000
3	5	0.374000000000	0.624000000000	1	0.000000000000	0.730256000000	0.000000000000	0.012362819391	74000
3	5	0.374000000000	0.624000000000	2	0.000000000000	0.741092000000	0.000000000000	0.011605094322	68000
3	5	0.374000000000	0.624000000000	3	0.000000000000	0.739002000000	0.000000000000	0.011146849252	112000
3	6	0.374000000000	0.750000000000	1	0.000000000000	0.730890000000	0.000000000000	0.012380192614	74000
3	6	0.374000000000	0.750000000000	2	0.000000000000	0.756680000000	0.000000000000	0.012471292360	34000
3	6	0.374000000000	0.750000000000	3	0.000000000000	0.747148000000	0.000000000000	0.010885614020	52000
3	7	0.374000000000	0.874000000000	1	0.000000000000	0.743234000000	0.000000000000	0.014064958836	28000
3	7	0.374000000000	0.874000000000	2	0.000000000000	0.744718000000	0.000000000000	0.009842019170	16000
3	7	0.374000000000	0.874000000000	3	0.000000000000	0.752544000000	0.000000000000	0.007433392181	32000
3	8	0.374000000000	1.000000000000	1	0.000000000000	1.000000000000	0.000000000000	0.000000000000	6000
3	8	0.374000000000	1.000000000000	2	0.000000000000	1.000000000000	0.000000000000	0.000000000000	8000
3	8	0.374000000000	1.000000000000	3	0.000000000000	1.000000000000	0.000000000000	0.000000000000	6000
