# scan initial plane
# b 1.15
# r 0
# e -0.4
# p12 0.23
# ndiv 8
# n_reps 3
# A:(0,1),	A':(0,0.613),	B:(1,0),	B'=(0.613,0),	C:(1,1),	D:(0,0),	E:(0.333,0.333) 
# columns: ix iy x1_0 x2_0 rep x1_inf x2_inf sigma_1 sigma_2 t_relax
5	0	0.624000000000	0.000000000000	1	0.760976000000	0.000000000000	0.010491782570	0.000000000000	8000
5	0	0.624000000000	0.000000000000	2	0.753198000000	0.000000000000	0.012115592581	0.000000000000	12000
5	0	0.624000000000	0.000000000000	3	0.746198000000	0.000000000000	0.012545045802	0.000000000000	32000
5	1	0.624000000000	0.124000000000	1	0.739782000000	0.000000000000	0.009917602272	0.000000000000	88000
5	1	0.624000000000	0.124000000000	2	0.777614000000	0.000000000000	0.013425171851	0.000000000000	68000
5	1	0.624000000000	0.124000000000	3	0.754600000000	0.000000000000	0.011073329157	0.000000000000	34000
5	2	0.624000000000	0.250000000000	1	0.738004000000	0.000000000000	0.009664646366	0.000000000000	30000
5	2	0.624000000000	0.250000000000	2	0.759916000000	0.000000000000	0.010466254654	0.000000000000	22000
5	2	0.624000000000	0.250000000000	3	0.752692000000	0.000000000000	0.010045399248	0.000000000000	40000
5	3	0.624000000000	0.374000000000	1	0.733728000000	0.000000000000	0.013445996088	0.000000000000	38000
5	3	0.624000000000	0.374000000000	2	0.735820000000	0.000000000000	0.013076183946	0.000000000000	68000
5	3	0.624000000000	0.374000000000	3	0.755088000000	0.000000000000	0.010553465385	0.000000000000	26000
5	4	0.624000000000	0.500000000000	1	0.741088000000	0.000000000000	0.014795511588	0.000000000000	58000
5	4	0.624000000000	0.500000000000	2	0.744622000000	0.000000000000	0.010014659725	0.000000000000	68000
5	4	0.624000000000	0.500000000000	3	0.742726000000	0.000000000000	0.014030886992	0.000000000000	70000
5	5	0.624000000000	0.624000000000	1	0.744726000000	0.000000000000	0.012293903532	0.000000000000	104000
5	5	0.624000000000	0.624000000000	2	0.745124000000	0.000000000000	0.013449070656	0.000000000000	22000
5	5	0.624000000000	0.624000000000	3	0.735566000000	0.000000000000	0.011247673277	0.000000000000	14000
5	6	0.624000000000	0.750000000000	1	0.000000000000	0.768248000000	0.000000000000	0.018298013917	12000
5	6	0.624000000000	0.750000000000	2	0.000000000000	0.740140000000	0.000000000000	0.010563521571	48000
5	6	0.624000000000	0.750000000000	3	0.000000000000	0.737078000000	0.000000000000	0.011960307896	24000
5	7	0.624000000000	0.874000000000	1	0.000000000000	0.750856000000	0.000000000000	0.011267751605	16000
5	7	0.624000000000	0.874000000000	2	0.000000000000	0.735624000000	0.000000000000	0.010016334207	42000
5	7	0.624000000000	0.874000000000	3	0.000000000000	0.727232000000	0.000000000000	0.009571090940	44000
5	8	0.624000000000	1.000000000000	1	0.000000000000	1.000000000000	0.000000000000	0.000000000000	6000
5	8	0.624000000000	1.000000000000	2	0.000000000000	1.000000000000	0.000000000000	0.000000000000	6000
5	8	0.624000000000	1.000000000000	3	0.000000000000	1.000000000000	0.000000000000	0.000000000000	6000
