# scan initial plane
# b 1.15
# r 0
# e -0.4
# p12 0.23
# ndiv 8
# n_reps 3
# A:(0,1),	A':(0,0.613),	B:(1,0),	B'=(0.613,0),	C:(1,1),	D:(0,0),	E:(0.333,0.333) 
# columns: ix iy x1_0 x2_0 rep x1_inf x2_inf sigma_1 sigma_2 t_relax
1	0	0.124000000000	0.000000000000	1	0.754822000000	0.000000000000	0.009867202120	0.000000000000	60000
1	0	0.124000000000	0.000000000000	2	0.725416000000	0.000000000000	0.013697831017	0.000000000000	10000
1	0	0.124000000000	0.000000000000	3	0.745214000000	0.000000000000	0.012005095848	0.000000000000	28000
1	1	0.124000000000	0.124000000000	1	0.000000000000	0.759984000000	0.000000000000	0.013889011795	120000
1	1	0.124000000000	0.124000000000	2	0.000000000000	0.743344000000	0.000000000000	0.009808663205	24000
1	1	0.124000000000	0.124000000000	3	0.737966000000	0.000000000000	0.013751798281	0.000000000000	14000
1	2	0.124000000000	0.250000000000	1	0.000000000000	0.736156000000	0.000000000000	0.010954070278	18000
1	2	0.124000000000	0.250000000000	2	0.000000000000	0.746088000000	0.000000000000	0.009442532363	16000
1	2	0.124000000000	0.250000000000	3	0.000000000000	0.730434000000	0.000000000000	0.010671903932	100000
1	3	0.124000000000	0.374000000000	1	0.000000000000	0.743748000000	0.000000000000	0.014389981500	22000
1	3	0.124000000000	0.374000000000	2	0.000000000000	0.749204000000	0.000000000000	0.010972272999	10000
1	3	0.124000000000	0.374000000000	3	0.000000000000	0.748556000000	0.000000000000	0.011589701687	16000
1	4	0.124000000000	0.500000000000	1	0.000000000000	0.732118000000	0.000000000000	0.013571081396	14000
1	4	0.124000000000	0.500000000000	2	0.000000000000	0.763166000000	0.000000000000	0.012006523252	44000
1	4	0.124000000000	0.500000000000	3	0.000000000000	0.720622000000	0.000000000000	0.009323950453	18000
1	5	0.124000000000	0.624000000000	1	0.000000000000	0.733246000000	0.000000000000	0.010467141207	12000
1	5	0.124000000000	0.624000000000	2	0.000000000000	0.723950000000	0.000000000000	0.011088212139	18000
1	5	0.124000000000	0.624000000000	3	0.000000000000	0.751168000000	0.000000000000	0.019348440199	12000
1	6	0.124000000000	0.750000000000	1	0.000000000000	0.755308000000	0.000000000000	0.011993706057	10000
1	6	0.124000000000	0.750000000000	2	0.000000000000	0.740798000000	0.000000000000	0.010334117765	24000
1	6	0.124000000000	0.750000000000	3	0.000000000000	0.747566000000	0.000000000000	0.013337823718	14000
1	7	0.124000000000	0.874000000000	1	0.000000000000	0.735038000000	0.000000000000	0.009771695965	16000
1	7	0.124000000000	0.874000000000	2	0.000000000000	0.752040000000	0.000000000000	0.013004903980	14000
1	7	0.124000000000	0.874000000000	3	0.000000000000	0.742070000000	0.000000000000	0.010296850253	62000
1	8	0.124000000000	1.000000000000	1	0.000000000000	1.000000000000	0.000000000000	0.000000000000	6000
1	8	0.124000000000	1.000000000000	2	0.000000000000	1.000000000000	0.000000000000	0.000000000000	6000
1	8	0.124000000000	1.000000000000	3	0.000000000000	1.000000000000	0.000000000000	0.000000000000	6000
