# scan initial plane
# b 1.15
# r 0
# e -0.4
# p12 0.22
# ndiv 8
# n_reps 3
# A:(0,1),	A':(0,0.587),	B:(1,0),	B'=(0.587,0),	C:(1,1),	D:(0,0),	E:(0.325,0.325) 
# columns: ix iy x1_0 x2_0 rep x1_inf x2_inf sigma_1 sigma_2 t_relax
1	0	0.124000000000	0.000000000000	1	0.709734000000	0.000000000000	0.012466300680	0.000000000000	30000
1	0	0.124000000000	0.000000000000	2	0.706884000000	0.000000000000	0.012363956139	0.000000000000	50000
1	0	0.124000000000	0.000000000000	3	0.704764000000	0.000000000000	0.009451435533	0.000000000000	6000
1	1	0.124000000000	0.124000000000	1	0.710994000000	0.000000000000	0.010116833216	0.000000000000	42000
1	1	0.124000000000	0.124000000000	2	0.000000000000	0.712602000000	0.000000000000	0.010035452471	16000
1	1	0.124000000000	0.124000000000	3	0.699498000000	0.000000000000	0.009157939936	0.000000000000	56000
1	2	0.124000000000	0.250000000000	1	0.000000000000	0.717366000000	0.000000000000	0.014831791059	64000
1	2	0.124000000000	0.250000000000	2	0.000000000000	0.708058000000	0.000000000000	0.011836077422	62000
1	2	0.124000000000	0.250000000000	3	0.000000000000	0.726638000000	0.000000000000	0.013590498801	28000
1	3	0.124000000000	0.374000000000	1	0.000000000000	0.708502000000	0.000000000000	0.010471181483	12000
1	3	0.124000000000	0.374000000000	2	0.000000000000	0.707100000000	0.000000000000	0.008877658070	14000
1	3	0.124000000000	0.374000000000	3	0.000000000000	0.713484000000	0.000000000000	0.016130528136	34000
1	4	0.124000000000	0.500000000000	1	0.000000000000	0.691868000000	0.000000000000	0.010767474844	16000
1	4	0.124000000000	0.500000000000	2	0.000000000000	0.708398000000	0.000000000000	0.014895484936	54000
1	4	0.124000000000	0.500000000000	3	0.000000000000	0.738056000000	0.000000000000	0.011425208943	16000
1	5	0.124000000000	0.624000000000	1	0.000000000000	0.709760000000	0.000000000000	0.009344823472	34000
1	5	0.124000000000	0.624000000000	2	0.000000000000	0.696354000000	0.000000000000	0.010914110216	18000
1	5	0.124000000000	0.624000000000	3	0.000000000000	0.710926000000	0.000000000000	0.010784378834	38000
1	6	0.124000000000	0.750000000000	1	0.000000000000	0.709064000000	0.000000000000	0.009564485526	38000
1	6	0.124000000000	0.750000000000	2	0.000000000000	0.718960000000	0.000000000000	0.012280277082	84000
1	6	0.124000000000	0.750000000000	3	0.000000000000	0.707776000000	0.000000000000	0.010834537886	34000
1	7	0.124000000000	0.874000000000	1	0.000000000000	0.707142000000	0.000000000000	0.012429896956	42000
1	7	0.124000000000	0.874000000000	2	0.000000000000	0.719324000000	0.000000000000	0.010613937991	36000
1	7	0.124000000000	0.874000000000	3	0.000000000000	0.707088000000	0.000000000000	0.009890302021	70000
1	8	0.124000000000	1.000000000000	1	0.000000000000	1.000000000000	0.000000000000	0.000000000000	6000
1	8	0.124000000000	1.000000000000	2	0.000000000000	1.000000000000	0.000000000000	0.000000000000	6000
1	8	0.124000000000	1.000000000000	3	0.000000000000	1.000000000000	0.000000000000	0.000000000000	6000
