# scan initial plane
# b 1.15
# r 0
# e -0.4
# p12 0.22
# ndiv 8
# n_reps 3
# A:(0,1),	A':(0,0.587),	B:(1,0),	B'=(0.587,0),	C:(1,1),	D:(0,0),	E:(0.325,0.325) 
# columns: ix iy x1_0 x2_0 rep x1_inf x2_inf sigma_1 sigma_2 t_relax
0	0	0.000000000000	0.000000000000	1	0.000000000000	0.000000000000	0.000000000000	0.000000000000	4000
0	0	0.000000000000	0.000000000000	2	0.000000000000	0.000000000000	0.000000000000	0.000000000000	4000
0	0	0.000000000000	0.000000000000	3	0.000000000000	0.000000000000	0.000000000000	0.000000000000	4000
0	1	0.000000000000	0.124000000000	1	0.000000000000	0.700846000000	0.000000000000	0.015398616867	48000
0	1	0.000000000000	0.124000000000	2	0.000000000000	0.703532000000	0.000000000000	0.009834108281	16000
0	1	0.000000000000	0.124000000000	3	0.000000000000	0.719820000000	0.000000000000	0.012892704209	14000
0	2	0.000000000000	0.250000000000	1	0.000000000000	0.699854000000	0.000000000000	0.009310067742	14000
0	2	0.000000000000	0.250000000000	2	0.000000000000	0.707056000000	0.000000000000	0.011707344956	256000
0	2	0.000000000000	0.250000000000	3	0.000000000000	0.711844000000	0.000000000000	0.013265279177	30000
0	3	0.000000000000	0.374000000000	1	0.000000000000	0.703584000000	0.000000000000	0.010013951429	6000
0	3	0.000000000000	0.374000000000	2	0.000000000000	0.710256000000	0.000000000000	0.012874945756	60000
0	3	0.000000000000	0.374000000000	3	0.000000000000	0.702724000000	0.000000000000	0.015603310139	12000
0	4	0.000000000000	0.500000000000	1	0.000000000000	0.707418000000	0.000000000000	0.009296004071	50000
0	4	0.000000000000	0.500000000000	2	0.000000000000	0.707040000000	0.000000000000	0.011239783482	24000
0	4	0.000000000000	0.500000000000	3	0.000000000000	0.698742000000	0.000000000000	0.011146015865	24000
0	5	0.000000000000	0.624000000000	1	0.000000000000	0.710360000000	0.000000000000	0.013833501573	48000
0	5	0.000000000000	0.624000000000	2	0.000000000000	0.705024000000	0.000000000000	0.008313635820	22000
0	5	0.000000000000	0.624000000000	3	0.000000000000	0.701206000000	0.000000000000	0.009810494881	14000
0	6	0.000000000000	0.750000000000	1	0.000000000000	0.708426000000	0.000000000000	0.010068361133	26000
0	6	0.000000000000	0.750000000000	2	0.000000000000	0.718616000000	0.000000000000	0.012851836978	6000
0	6	0.000000000000	0.750000000000	3	0.000000000000	0.749908000000	0.000000000000	0.012404894897	10000
0	7	0.000000000000	0.874000000000	1	0.000000000000	0.711034000000	0.000000000000	0.014011822693	10000
0	7	0.000000000000	0.874000000000	2	0.000000000000	0.717110000000	0.000000000000	0.015890135191	12000
0	7	0.000000000000	0.874000000000	3	0.000000000000	0.713990000000	0.000000000000	0.010489324379	8000
0	8	0.000000000000	1.000000000000	1	0.000000000000	1.000000000000	0.000000000000	0.000000000000	4000
0	8	0.000000000000	1.000000000000	2	0.000000000000	1.000000000000	0.000000000000	0.000000000000	4000
0	8	0.000000000000	1.000000000000	3	0.000000000000	1.000000000000	0.000000000000	0.000000000000	4000
