# scan initial plane
# b 1.15
# r 0
# e -0.4
# p12 0.22
# ndiv 8
# n_reps 3
# A:(0,1),	A':(0,0.587),	B:(1,0),	B'=(0.587,0),	C:(1,1),	D:(0,0),	E:(0.325,0.325) 
# columns: ix iy x1_0 x2_0 rep x1_inf x2_inf sigma_1 sigma_2 t_relax
3	0	0.374000000000	0.000000000000	1	0.699186000000	0.000000000000	0.009613002331	0.000000000000	60000
3	0	0.374000000000	0.000000000000	2	0.719576000000	0.000000000000	0.013283549099	0.000000000000	12000
3	0	0.374000000000	0.000000000000	3	0.703718000000	0.000000000000	0.010180182322	0.000000000000	46000
3	1	0.374000000000	0.124000000000	1	0.697670000000	0.000000000000	0.012921534973	0.000000000000	114000
3	1	0.374000000000	0.124000000000	2	0.714052000000	0.000000000000	0.012129320526	0.000000000000	56000
3	1	0.374000000000	0.124000000000	3	0.000000000000	0.702524000000	0.000000000000	0.012720661903	36000
3	2	0.374000000000	0.250000000000	1	0.722984000000	0.000000000000	0.009295490850	0.000000000000	68000
3	2	0.374000000000	0.250000000000	2	0.707992000000	0.000000000000	0.012424262485	0.000000000000	52000
3	2	0.374000000000	0.250000000000	3	0.000000000000	0.711456000000	0.000000000000	0.015653405160	16000
3	3	0.374000000000	0.374000000000	1	0.725074000000	0.000000000000	0.010723689734	0.000000000000	30000
3	3	0.374000000000	0.374000000000	2	0.715714000000	0.000000000000	0.008457051834	0.000000000000	20000
3	3	0.374000000000	0.374000000000	3	0.000000000000	0.720352000000	0.000000000000	0.010510307444	56000
3	4	0.374000000000	0.500000000000	1	0.000000000000	0.716472000000	0.000000000000	0.014327822671	28000
3	4	0.374000000000	0.500000000000	2	0.000000000000	0.693196000000	0.000000000000	0.010663737586	20000
3	4	0.374000000000	0.500000000000	3	0.704550000000	0.000000000000	0.011716944430	0.000000000000	20000
3	5	0.374000000000	0.624000000000	1	0.000000000000	0.727836000000	0.000000000000	0.008190249336	24000
3	5	0.374000000000	0.624000000000	2	0.000000000000	0.719728000000	0.000000000000	0.015537033675	40000
3	5	0.374000000000	0.624000000000	3	0.000000000000	0.717052000000	0.000000000000	0.008627846529	82000
3	6	0.374000000000	0.750000000000	1	0.000000000000	0.718972000000	0.000000000000	0.012494291630	56000
3	6	0.374000000000	0.750000000000	2	0.000000000000	0.705958000000	0.000000000000	0.012801488746	18000
3	6	0.374000000000	0.750000000000	3	0.000000000000	0.701786000000	0.000000000000	0.009986888502	20000
3	7	0.374000000000	0.874000000000	1	0.000000000000	0.717140000000	0.000000000000	0.011141298332	26000
3	7	0.374000000000	0.874000000000	2	0.000000000000	0.718886000000	0.000000000000	0.012297733053	14000
3	7	0.374000000000	0.874000000000	3	0.000000000000	0.708150000000	0.000000000000	0.011880178393	26000
3	8	0.374000000000	1.000000000000	1	0.000000000000	1.000000000000	0.000000000000	0.000000000000	6000
3	8	0.374000000000	1.000000000000	2	0.000000000000	1.000000000000	0.000000000000	0.000000000000	6000
3	8	0.374000000000	1.000000000000	3	0.000000000000	1.000000000000	0.000000000000	0.000000000000	6000
