# scan initial plane
# b 1.174
# r 0
# e -0.4
# N1 75
# N2 75
# P11 0.9
# p12 0.3
# P22 0.9
# T_MCS 1000
# T_MAX 30000
# W 2000
# UPDATE_RULE 0
# FERMI_BETA 1
# DEGREE_ALPHA 0.5
# DEGREE_FACTOR_MIN 0.5
# DEGREE_FACTOR_MAX 2
# ndiv 10
# n_reps 5
# A:(0,1),	A':(0,0.690),	B:(1,0),	B'=(0.690,0),	C:(1,1),	D:(0,0),	E:(0.347,0.347) 
# columns: ix iy x1_0 x2_0 rep x1_inf x2_inf sigma_1 sigma_2 t_relax
6	0	0.600000000000	0.000000000000	1	0.565626666667	0.000000000000	0.029329559620	0.000000000000	8000
6	0	0.600000000000	0.000000000000	2	0.611453333333	0.000000000000	0.035792799587	0.000000000000	8000
6	0	0.600000000000	0.000000000000	3	0.553973333333	0.000000000000	0.033386533455	0.000000000000	6000
6	0	0.600000000000	0.000000000000	4	0.587773333333	0.000000000000	0.039011500690	0.000000000000	8000
6	0	0.600000000000	0.000000000000	5	0.549173333333	0.000000000000	0.039026425744	0.000000000000	10000
6	1	0.600000000000	0.093333333333	1	0.578853333333	0.000000000000	0.033335612868	0.000000000000	14000
6	1	0.600000000000	0.093333333333	2	0.565586666667	0.000000000000	0.036560957823	0.000000000000	30000
6	1	0.600000000000	0.093333333333	3	0.595480000000	0.000000000000	0.034720112288	0.000000000000	8000
6	1	0.600000000000	0.093333333333	4	0.560720000000	0.000000000000	0.030358651026	0.000000000000	28000
6	1	0.600000000000	0.093333333333	5	0.585440000000	0.000000000000	0.033375444871	0.000000000000	12000
6	2	0.600000000000	0.200000000000	1	0.584640000000	0.000000000000	0.039520867471	0.000000000000	10000
6	2	0.600000000000	0.200000000000	2	0.000000000000	0.621373333333	0.000000000000	0.027973933240	30000
6	2	0.600000000000	0.200000000000	3	0.572280000000	0.000000000000	0.038005575927	0.000000000000	12000
6	2	0.600000000000	0.200000000000	4	0.570706666667	0.000000000000	0.032160732465	0.000000000000	26000
6	2	0.600000000000	0.200000000000	5	0.565893333333	0.000000000000	0.030932235664	0.000000000000	28000
6	3	0.600000000000	0.293333333333	1	0.597520000000	0.000000000000	0.029785587550	0.000000000000	14000
6	3	0.600000000000	0.293333333333	2	0.596866666667	0.000000000000	0.030078013717	0.000000000000	10000
6	3	0.600000000000	0.293333333333	3	0.571520000000	0.000000000000	0.040570953513	0.000000000000	8000
6	3	0.600000000000	0.293333333333	4	0.573573333333	0.000000000000	0.034472173281	0.000000000000	6000
6	3	0.600000000000	0.293333333333	5	0.587120000000	0.000000000000	0.036413190046	0.000000000000	30000
6	4	0.600000000000	0.400000000000	1	0.582240000000	0.000000000000	0.034709083160	0.000000000000	12000
6	4	0.600000000000	0.400000000000	2	0.579266666667	0.000000000000	0.037954541413	0.000000000000	6000
6	4	0.600000000000	0.400000000000	3	0.573480000000	0.000000000000	0.036163173989	0.000000000000	22000
6	4	0.600000000000	0.400000000000	4	0.564706666667	0.000000000000	0.029403716331	0.000000000000	12000
6	4	0.600000000000	0.400000000000	5	0.597306666667	0.000000000000	0.032163512840	0.000000000000	8000
6	5	0.600000000000	0.493333333333	1	0.586760000000	0.000000000000	0.034080908920	0.000000000000	30000
6	5	0.600000000000	0.493333333333	2	0.580706666667	0.000000000000	0.029211842320	0.000000000000	30000
6	5	0.600000000000	0.493333333333	3	0.572906666667	0.000000000000	0.031219533653	0.000000000000	8000
6	5	0.600000000000	0.493333333333	4	0.593040000000	0.000000000000	0.039305540930	0.000000000000	6000
6	5	0.600000000000	0.493333333333	5	0.592013333333	0.000000000000	0.039216436123	0.000000000000	30000
6	6	0.600000000000	0.600000000000	1	0.574706666667	0.000000000000	0.046130946685	0.000000000000	10000
6	6	0.600000000000	0.600000000000	2	0.000000000000	0.617800000000	0.000000000000	0.034926301167	16000
6	6	0.600000000000	0.600000000000	3	0.590146666667	0.000000000000	0.034629787113	0.000000000000	24000
6	6	0.600000000000	0.600000000000	4	0.000000000000	0.616813333333	0.000000000000	0.032933549203	26000
6	6	0.600000000000	0.600000000000	5	0.000000000000	0.603693333333	0.000000000000	0.032149885322	18000
6	7	0.600000000000	0.693333333333	1	0.000000000000	0.601186666667	0.000000000000	0.031823892564	26000
6	7	0.600000000000	0.693333333333	2	0.000000000000	0.587213333333	0.000000000000	0.023500072531	16000
6	7	0.600000000000	0.693333333333	3	0.567666666667	0.000000000000	0.032238613759	0.000000000000	20000
6	7	0.600000000000	0.693333333333	4	0.000000000000	0.609840000000	0.000000000000	0.027278128126	22000
6	7	0.600000000000	0.693333333333	5	0.565626666667	0.000000000000	0.036939810723	0.000000000000	10000
6	8	0.600000000000	0.800000000000	1	0.000000000000	0.616333333333	0.000000000000	0.039949640193	6000
6	8	0.600000000000	0.800000000000	2	0.581586666667	0.000000000000	0.036356932457	0.000000000000	18000
6	8	0.600000000000	0.800000000000	3	0.000000000000	0.618413333333	0.000000000000	0.038329804135	16000
6	8	0.600000000000	0.800000000000	4	0.574200000000	0.000000000000	0.029094593729	0.000000000000	6000
6	8	0.600000000000	0.800000000000	5	0.000000000000	0.642413333333	0.000000000000	0.037276277962	16000
6	9	0.600000000000	0.893333333333	1	0.000000000000	0.625546666667	0.000000000000	0.035215955777	14000
6	9	0.600000000000	0.893333333333	2	0.000000000000	0.627000000000	0.000000000000	0.033281574764	30000
6	9	0.600000000000	0.893333333333	3	0.000000000000	0.587386666667	0.000000000000	0.030870178186	14000
6	9	0.600000000000	0.893333333333	4	0.000000000000	0.590400000000	0.000000000000	0.032978694045	10000
6	9	0.600000000000	0.893333333333	5	0.594586666667	0.000000000000	0.038100053845	0.000000000000	14000
6	10	0.600000000000	1.000000000000	1	0.000000000000	1.000000000000	0.000000000000	0.000000000000	6000
6	10	0.600000000000	1.000000000000	2	0.000000000000	1.000000000000	0.000000000000	0.000000000000	6000
6	10	0.600000000000	1.000000000000	3	0.000000000000	1.000000000000	0.000000000000	0.000000000000	6000
6	10	0.600000000000	1.000000000000	4	0.000000000000	1.000000000000	0.000000000000	0.000000000000	6000
6	10	0.600000000000	1.000000000000	5	0.000000000000	1.000000000000	0.000000000000	0.000000000000	6000
7	0	0.693333333333	0.000000000000	1	0.568826666667	0.000000000000	0.032165062000	0.000000000000	12000
7	0	0.693333333333	0.000000000000	2	0.553960000000	0.000000000000	0.037246552937	0.000000000000	20000
7	0	0.693333333333	0.000000000000	3	0.591266666667	0.000000000000	0.041405568318	0.000000000000	6000
7	0	0.693333333333	0.000000000000	4	0.560920000000	0.000000000000	0.034214548754	0.000000000000	10000
7	0	0.693333333333	0.000000000000	5	0.592720000000	0.000000000000	0.032402441032	0.000000000000	20000
7	1	0.693333333333	0.093333333333	1	0.566480000000	0.000000000000	0.029438232672	0.000000000000	6000
7	1	0.693333333333	0.093333333333	2	0.562920000000	0.000000000000	0.037827886452	0.000000000000	8000
7	1	0.693333333333	0.093333333333	3	0.543306666667	0.000000000000	0.030671848223	0.000000000000	30000
7	1	0.693333333333	0.093333333333	4	0.573853333333	0.000000000000	0.028132799145	0.000000000000	8000
7	1	0.693333333333	0.093333333333	5	0.567933333333	0.000000000000	0.033368616628	0.000000000000	10000
7	2	0.693333333333	0.200000000000	1	0.574186666667	0.000000000000	0.041422603718	0.000000000000	14000
7	2	0.693333333333	0.200000000000	2	0.000000000000	0.616386666667	0.000000000000	0.033712383355	8000
7	2	0.693333333333	0.200000000000	3	0.579573333333	0.000000000000	0.033047088610	0.000000000000	30000
7	2	0.693333333333	0.200000000000	4	0.580733333333	0.000000000000	0.032355975203	0.000000000000	6000
7	2	0.693333333333	0.200000000000	5	0.564626666667	0.000000000000	0.029555234932	0.000000000000	30000
7	3	0.693333333333	0.293333333333	1	0.567826666667	0.000000000000	0.035441335557	0.000000000000	20000
7	3	0.693333333333	0.293333333333	2	0.578080000000	0.000000000000	0.030708865368	0.000000000000	10000
7	3	0.693333333333	0.293333333333	3	0.583760000000	0.000000000000	0.029355516834	0.000000000000	30000
7	3	0.693333333333	0.293333333333	4	0.573400000000	0.000000000000	0.027761877331	0.000000000000	30000
7	3	0.693333333333	0.293333333333	5	0.576200000000	0.000000000000	0.031053213680	0.000000000000	24000
7	4	0.693333333333	0.400000000000	1	0.591066666667	0.000000000000	0.037898529269	0.000000000000	10000
7	4	0.693333333333	0.400000000000	2	0.589520000000	0.000000000000	0.039573308655	0.000000000000	18000
7	4	0.693333333333	0.400000000000	3	0.566306666667	0.000000000000	0.035778259001	0.000000000000	12000
7	4	0.693333333333	0.400000000000	4	0.000000000000	0.616533333333	0.000000000000	0.031681879984	30000
7	4	0.693333333333	0.400000000000	5	0.597426666667	0.000000000000	0.036297932998	0.000000000000	12000
7	5	0.693333333333	0.493333333333	1	0.596013333333	0.000000000000	0.034559622728	0.000000000000	30000
7	5	0.693333333333	0.493333333333	2	0.568573333333	0.000000000000	0.029660297442	0.000000000000	26000
7	5	0.693333333333	0.493333333333	3	0.580026666667	0.000000000000	0.034719899582	0.000000000000	12000
7	5	0.693333333333	0.493333333333	4	0.561426666667	0.000000000000	0.038007430096	0.000000000000	6000
7	5	0.693333333333	0.493333333333	5	0.566640000000	0.000000000000	0.033952857462	0.000000000000	8000
7	6	0.693333333333	0.600000000000	1	0.578160000000	0.000000000000	0.030898619390	0.000000000000	16000
7	6	0.693333333333	0.600000000000	2	0.569680000000	0.000000000000	0.051071358524	0.000000000000	8000
7	6	0.693333333333	0.600000000000	3	0.582840000000	0.000000000000	0.028438409645	0.000000000000	8000
7	6	0.693333333333	0.600000000000	4	0.573573333333	0.000000000000	0.029582573244	0.000000000000	20000
7	6	0.693333333333	0.600000000000	5	0.599946666667	0.000000000000	0.033636880152	0.000000000000	10000
7	7	0.693333333333	0.693333333333	1	0.000000000000	0.619186666667	0.000000000000	0.037609065657	6000
7	7	0.693333333333	0.693333333333	2	0.586026666667	0.000000000000	0.027285759848	0.000000000000	20000
7	7	0.693333333333	0.693333333333	3	0.581293333333	0.000000000000	0.036612398947	0.000000000000	16000
7	7	0.693333333333	0.693333333333	4	0.582586666667	0.000000000000	0.039139592869	0.000000000000	6000
7	7	0.693333333333	0.693333333333	5	0.000000000000	0.589666666667	0.000000000000	0.032238613759	10000
7	8	0.693333333333	0.800000000000	1	0.552360000000	0.000000000000	0.032084503595	0.000000000000	30000
7	8	0.693333333333	0.800000000000	2	0.000000000000	0.622853333333	0.000000000000	0.031319775001	24000
7	8	0.693333333333	0.800000000000	3	0.564173333333	0.000000000000	0.034206205058	0.000000000000	8000
7	8	0.693333333333	0.800000000000	4	0.602386666667	0.000000000000	0.029592446138	0.000000000000	30000
7	8	0.693333333333	0.800000000000	5	0.558666666667	0.000000000000	0.033968588079	0.000000000000	16000
7	9	0.693333333333	0.893333333333	1	0.589906666667	0.000000000000	0.037170412900	0.000000000000	12000
7	9	0.693333333333	0.893333333333	2	0.000000000000	0.624133333333	0.000000000000	0.032087911720	10000
7	9	0.693333333333	0.893333333333	3	0.000000000000	0.585080000000	0.000000000000	0.028570164486	10000
7	9	0.693333333333	0.893333333333	4	0.000000000000	0.633586666667	0.000000000000	0.043741465507	30000
7	9	0.693333333333	0.893333333333	5	0.000000000000	0.596440000000	0.000000000000	0.031153156202	30000
7	10	0.693333333333	1.000000000000	1	0.000000000000	1.000000000000	0.000000000000	0.000000000000	6000
7	10	0.693333333333	1.000000000000	2	0.000000000000	1.000000000000	0.000000000000	0.000000000000	6000
7	10	0.693333333333	1.000000000000	3	0.000000000000	1.000000000000	0.000000000000	0.000000000000	6000
7	10	0.693333333333	1.000000000000	4	0.000000000000	1.000000000000	0.000000000000	0.000000000000	6000
7	10	0.693333333333	1.000000000000	5	0.000000000000	1.000000000000	0.000000000000	0.000000000000	6000
