# scan initial plane
# b 1.15
# r 0
# e -0.4
# p12 0.22
# ndiv 8
# n_reps 3
# A:(0,1),	A':(0,0.587),	B:(1,0),	B'=(0.587,0),	C:(1,1),	D:(0,0),	E:(0.325,0.325) 
# columns: ix iy x1_0 x2_0 rep x1_inf x2_inf sigma_1 sigma_2 t_relax
7	0	0.874000000000	0.000000000000	1	0.707412000000	0.000000000000	0.012585891334	0.000000000000	42000
7	0	0.874000000000	0.000000000000	2	0.712996000000	0.000000000000	0.015521369041	0.000000000000	24000
7	0	0.874000000000	0.000000000000	3	0.711164000000	0.000000000000	0.014961716377	0.000000000000	112000
7	1	0.874000000000	0.124000000000	1	0.702622000000	0.000000000000	0.011229212404	0.000000000000	14000
7	1	0.874000000000	0.124000000000	2	0.703484000000	0.000000000000	0.009564163174	0.000000000000	18000
7	1	0.874000000000	0.124000000000	3	0.710496000000	0.000000000000	0.009095312458	0.000000000000	20000
7	2	0.874000000000	0.250000000000	1	0.719514000000	0.000000000000	0.010448204103	0.000000000000	14000
7	2	0.874000000000	0.250000000000	2	0.705814000000	0.000000000000	0.012172328026	0.000000000000	30000
7	2	0.874000000000	0.250000000000	3	0.715672000000	0.000000000000	0.011513512799	0.000000000000	26000
7	3	0.874000000000	0.374000000000	1	0.698416000000	0.000000000000	0.015161293111	0.000000000000	34000
7	3	0.874000000000	0.374000000000	2	0.706318000000	0.000000000000	0.010636164911	0.000000000000	18000
7	3	0.874000000000	0.374000000000	3	0.714948000000	0.000000000000	0.013190727474	0.000000000000	28000
7	4	0.874000000000	0.500000000000	1	0.718680000000	0.000000000000	0.009322258552	0.000000000000	20000
7	4	0.874000000000	0.500000000000	2	0.699588000000	0.000000000000	0.010998510046	0.000000000000	22000
7	4	0.874000000000	0.500000000000	3	0.713552000000	0.000000000000	0.011124524756	0.000000000000	36000
7	5	0.874000000000	0.624000000000	1	0.694810000000	0.000000000000	0.012423133028	0.000000000000	22000
7	5	0.874000000000	0.624000000000	2	0.705516000000	0.000000000000	0.008855063871	0.000000000000	32000
7	5	0.874000000000	0.624000000000	3	0.713010000000	0.000000000000	0.011730707971	0.000000000000	34000
7	6	0.874000000000	0.750000000000	1	0.718680000000	0.000000000000	0.012438179461	0.000000000000	60000
7	6	0.874000000000	0.750000000000	2	0.718352000000	0.000000000000	0.012043801275	0.000000000000	76000
7	6	0.874000000000	0.750000000000	3	0.717328000000	0.000000000000	0.011524635926	0.000000000000	14000
7	7	0.874000000000	0.874000000000	1	0.000000000000	0.727018000000	0.000000000000	0.011343383461	20000
7	7	0.874000000000	0.874000000000	2	0.696094000000	0.000000000000	0.011772755063	0.000000000000	34000
7	7	0.874000000000	0.874000000000	3	0.702964000000	0.000000000000	0.013011379635	0.000000000000	30000
7	8	0.874000000000	1.000000000000	1	0.000000000000	1.000000000000	0.000000000000	0.000000000000	8000
7	8	0.874000000000	1.000000000000	2	0.000000000000	1.000000000000	0.000000000000	0.000000000000	6000
7	8	0.874000000000	1.000000000000	3	0.000000000000	1.000000000000	0.000000000000	0.000000000000	6000
