# scan initial plane
# b 1.15
# r 0
# e -0.4
# p12 0.2
# ndiv 8
# n_reps 10
# A:(0,1),	A':(0,0.533),	B:(1,0),	B'=(0.533,0),	C:(1,1),	D:(0,0),	E:(0.308,0.308) 
# columns: ix iy x1_0 x2_0 rep x1_inf x2_inf sigma_1 sigma_2 t_relax
6	0	0.750000000000	0.000000000000	1	0.678232000000	0.000000000000	0.011733194102	0.000000000000	30000
6	0	0.750000000000	0.000000000000	2	0.649354000000	0.000000000000	0.012523558740	0.000000000000	26000
6	0	0.750000000000	0.000000000000	3	0.678238000000	0.000000000000	0.011945964258	0.000000000000	44000
6	0	0.750000000000	0.000000000000	4	0.675052000000	0.000000000000	0.010178649267	0.000000000000	44000
6	0	0.750000000000	0.000000000000	5	0.667498000000	0.000000000000	0.017588102153	0.000000000000	6000
6	0	0.750000000000	0.000000000000	6	0.662856000000	0.000000000000	0.010895594430	0.000000000000	26000
6	0	0.750000000000	0.000000000000	7	0.670480000000	0.000000000000	0.015741963328	0.000000000000	58000
6	0	0.750000000000	0.000000000000	8	0.667626000000	0.000000000000	0.008562794255	0.000000000000	34000
6	0	0.750000000000	0.000000000000	9	0.664588000000	0.000000000000	0.014596551487	0.000000000000	24000
6	0	0.750000000000	0.000000000000	10	0.674170000000	0.000000000000	0.013179256155	0.000000000000	40000
6	1	0.750000000000	0.124000000000	1	0.256996000000	0.419672000000	0.015560273330	0.017455231339	400000
6	1	0.750000000000	0.124000000000	2	0.694312000000	0.000000000000	0.014422713707	0.000000000000	130000
6	1	0.750000000000	0.124000000000	3	0.677774000000	0.000000000000	0.009172843892	0.000000000000	174000
6	1	0.750000000000	0.124000000000	4	0.496636000000	0.194748000000	0.013651881844	0.019362215560	400000
6	1	0.750000000000	0.124000000000	5	0.674866000000	0.000000000000	0.014750716173	0.000000000000	54000
6	1	0.750000000000	0.124000000000	6	0.273966000000	0.409176000000	0.017674253116	0.018830922113	140000
6	1	0.750000000000	0.124000000000	7	0.438320000000	0.247650000000	0.021456886960	0.025623154491	128000
6	1	0.750000000000	0.124000000000	8	0.674662000000	0.000000000000	0.013509265571	0.000000000000	52000
6	1	0.750000000000	0.124000000000	9	0.677608000000	0.000000000000	0.012721012545	0.000000000000	338000
6	1	0.750000000000	0.124000000000	10	0.685604000000	0.000000000000	0.015033468967	0.000000000000	10000
6	2	0.750000000000	0.250000000000	1	0.569842000000	0.116786000000	0.010345533629	0.009876221127	14000
6	2	0.750000000000	0.250000000000	2	0.680502000000	0.000000000000	0.011499749573	0.000000000000	242000
6	2	0.750000000000	0.250000000000	3	0.414882000000	0.268506000000	0.012930013970	0.008005751436	328000
6	2	0.750000000000	0.250000000000	4	0.358938000000	0.326808000000	0.040492910884	0.037860646647	30000
6	2	0.750000000000	0.250000000000	5	0.437806000000	0.239606000000	0.028674249364	0.025153000565	20000
6	2	0.750000000000	0.250000000000	6	0.378644000000	0.308832000000	0.021532322330	0.026111713800	32000
6	2	0.750000000000	0.250000000000	7	0.432804000000	0.249598000000	0.014167932606	0.015247651848	48000
6	2	0.750000000000	0.250000000000	8	0.691836000000	0.000000000000	0.009721090659	0.000000000000	24000
6	2	0.750000000000	0.250000000000	9	0.438168000000	0.246292000000	0.013360774165	0.013846387921	90000
6	2	0.750000000000	0.250000000000	10	0.347568000000	0.341086000000	0.043766206791	0.051114041606	98000
6	3	0.750000000000	0.374000000000	1	0.261092000000	0.421064000000	0.041795147689	0.044842912381	50000
6	3	0.750000000000	0.374000000000	2	0.361960000000	0.336446000000	0.037822386664	0.031883501088	32000
6	3	0.750000000000	0.374000000000	3	0.662622000000	0.000000000000	0.010099857579	0.000000000000	76000
6	3	0.750000000000	0.374000000000	4	0.530892000000	0.145114000000	0.019046445944	0.015246621379	122000
6	3	0.750000000000	0.374000000000	5	0.503942000000	0.186276000000	0.021440063253	0.020169348691	38000
6	3	0.750000000000	0.374000000000	6	0.567448000000	0.114204000000	0.019499423672	0.014957476729	68000
6	3	0.750000000000	0.374000000000	7	0.338236000000	0.346752000000	0.013383400891	0.012427265706	384000
6	3	0.750000000000	0.374000000000	8	0.655416000000	0.000000000000	0.011545399094	0.000000000000	60000
6	3	0.750000000000	0.374000000000	9	0.680836000000	0.000000000000	0.011157131602	0.000000000000	296000
6	3	0.750000000000	0.374000000000	10	0.383558000000	0.306116000000	0.015631922242	0.011412483901	152000
6	4	0.750000000000	0.500000000000	1	0.565990000000	0.114026000000	0.010769953198	0.009010466831	400000
6	4	0.750000000000	0.500000000000	2	0.460760000000	0.216594000000	0.020730947209	0.020952951825	44000
6	4	0.750000000000	0.500000000000	3	0.658754000000	0.000000000000	0.008548014539	0.000000000000	182000
6	4	0.750000000000	0.500000000000	4	0.658300000000	0.000000000000	0.011398944510	0.000000000000	90000
6	4	0.750000000000	0.500000000000	5	0.395136000000	0.277634000000	0.013230440225	0.011195507286	400000
6	4	0.750000000000	0.500000000000	6	0.508236000000	0.177514000000	0.025485875183	0.017456016628	254000
6	4	0.750000000000	0.500000000000	7	0.636946000000	0.038930000000	0.013933528886	0.007160892289	400000
6	4	0.750000000000	0.500000000000	8	0.462366000000	0.215854000000	0.022475212550	0.024745970319	168000
6	4	0.750000000000	0.500000000000	9	0.527384000000	0.161620000000	0.014500441607	0.014473737910	198000
6	4	0.750000000000	0.500000000000	10	0.351142000000	0.330770000000	0.026965069089	0.027681932544	50000
6	5	0.750000000000	0.624000000000	1	0.686752000000	0.000000000000	0.016129682658	0.000000000000	76000
6	5	0.750000000000	0.624000000000	2	0.334674000000	0.352644000000	0.016325202487	0.019743126780	122000
6	5	0.750000000000	0.624000000000	3	0.231970000000	0.445794000000	0.012487074398	0.014774974242	400000
6	5	0.750000000000	0.624000000000	4	0.658748000000	0.000000000000	0.015241285799	0.000000000000	124000
6	5	0.750000000000	0.624000000000	5	0.382950000000	0.298364000000	0.041786500351	0.034814473306	400000
6	5	0.750000000000	0.624000000000	6	0.500918000000	0.177984000000	0.019715729405	0.016633593130	400000
6	5	0.750000000000	0.624000000000	7	0.414054000000	0.260608000000	0.017603834212	0.020717807885	400000
6	5	0.750000000000	0.624000000000	8	0.672498000000	0.000000000000	0.012403138064	0.000000000000	302000
6	5	0.750000000000	0.624000000000	9	0.372478000000	0.314132000000	0.015821562434	0.016779276508	70000
6	5	0.750000000000	0.624000000000	10	0.669660000000	0.000000000000	0.015162133435	0.000000000000	352000
6	6	0.750000000000	0.750000000000	1	0.354300000000	0.340026000000	0.013403045984	0.010769554648	154000
6	6	0.750000000000	0.750000000000	2	0.668542000000	0.000000000000	0.009649629597	0.000000000000	290000
6	6	0.750000000000	0.750000000000	3	0.391916000000	0.302650000000	0.039015011407	0.029885023249	22000
6	6	0.750000000000	0.750000000000	4	0.653142000000	0.000000000000	0.010220581994	0.000000000000	204000
6	6	0.750000000000	0.750000000000	5	0.651386000000	0.000000000000	0.011498487693	0.000000000000	112000
6	6	0.750000000000	0.750000000000	6	0.000000000000	0.674948000000	0.000000000000	0.008741722583	168000
6	6	0.750000000000	0.750000000000	7	0.677124000000	0.000000000000	0.012274497435	0.000000000000	186000
6	6	0.750000000000	0.750000000000	8	0.535470000000	0.131926000000	0.021193306874	0.017765419616	262000
6	6	0.750000000000	0.750000000000	9	0.557730000000	0.120268000000	0.019149145928	0.020197824837	400000
6	6	0.750000000000	0.750000000000	10	0.483660000000	0.203294000000	0.044042617453	0.042426236571	100000
6	7	0.750000000000	0.874000000000	1	0.455654000000	0.228520000000	0.013028200874	0.015154116512	28000
6	7	0.750000000000	0.874000000000	2	0.664234000000	0.000000000000	0.010101647751	0.000000000000	72000
6	7	0.750000000000	0.874000000000	3	0.317664000000	0.373694000000	0.027764473162	0.026757023420	48000
6	7	0.750000000000	0.874000000000	4	0.605566000000	0.071650000000	0.014406081326	0.012924726247	246000
6	7	0.750000000000	0.874000000000	5	0.455656000000	0.228634000000	0.016660108740	0.017699811505	326000
6	7	0.750000000000	0.874000000000	6	0.258308000000	0.428586000000	0.022437838412	0.016865380074	218000
6	7	0.750000000000	0.874000000000	7	0.672604000000	0.000000000000	0.010968112120	0.000000000000	110000
6	7	0.750000000000	0.874000000000	8	0.281276000000	0.400360000000	0.015827265283	0.014649129564	326000
6	7	0.750000000000	0.874000000000	9	0.658632000000	0.000000000000	0.011285740735	0.000000000000	208000
6	7	0.750000000000	0.874000000000	10	0.655562000000	0.000000000000	0.011346757462	0.000000000000	160000
6	8	0.750000000000	1.000000000000	1	0.000000000000	1.000000000000	0.000000000000	0.000000000000	6000
6	8	0.750000000000	1.000000000000	2	0.000000000000	1.000000000000	0.000000000000	0.000000000000	6000
6	8	0.750000000000	1.000000000000	3	0.000000000000	1.000000000000	0.000000000000	0.000000000000	6000
6	8	0.750000000000	1.000000000000	4	0.000000000000	1.000000000000	0.000000000000	0.000000000000	6000
6	8	0.750000000000	1.000000000000	5	0.000000000000	1.000000000000	0.000000000000	0.000000000000	6000
6	8	0.750000000000	1.000000000000	6	0.000000000000	1.000000000000	0.000000000000	0.000000000000	6000
6	8	0.750000000000	1.000000000000	7	0.000000000000	1.000000000000	0.000000000000	0.000000000000	6000
6	8	0.750000000000	1.000000000000	8	0.000000000000	1.000000000000	0.000000000000	0.000000000000	6000
6	8	0.750000000000	1.000000000000	9	0.000000000000	1.000000000000	0.000000000000	0.000000000000	6000
6	8	0.750000000000	1.000000000000	10	0.000000000000	1.000000000000	0.000000000000	0.000000000000	6000
