# scan initial plane
# b 1.174
# r 0
# e -0.4
# N1 50
# N2 50
# P11 0.9
# p12 0.3
# P22 0.9
# T_MCS 1000
# T_MAX 30000
# W 2000
# UPDATE_RULE 0
# FERMI_BETA 1
# DEGREE_ALPHA 0.5
# DEGREE_FACTOR_MIN 0.5
# DEGREE_FACTOR_MAX 2
# ndiv 10
# n_reps 5
# A:(0,1),	A':(0,0.690),	B:(1,0),	B'=(0.690,0),	C:(1,1),	D:(0,0),	E:(0.347,0.347) 
# columns: ix iy x1_0 x2_0 rep x1_inf x2_inf sigma_1 sigma_2 t_relax
6	0	0.600000000000	0.000000000000	1	0.572240000000	0.000000000000	0.041442730363	0.000000000000	18000
6	0	0.600000000000	0.000000000000	2	0.531220000000	0.000000000000	0.037925584372	0.000000000000	10000
6	0	0.600000000000	0.000000000000	3	0.558060000000	0.000000000000	0.049435617527	0.000000000000	12000
6	0	0.600000000000	0.000000000000	4	0.501480000000	0.000000000000	0.045973069542	0.000000000000	24000
6	0	0.600000000000	0.000000000000	5	0.540460000000	0.000000000000	0.052426490794	0.000000000000	10000
6	1	0.600000000000	0.100000000000	1	0.528020000000	0.000000000000	0.038884336070	0.000000000000	30000
6	1	0.600000000000	0.100000000000	2	0.523020000000	0.000000000000	0.043593347887	0.000000000000	24000
6	1	0.600000000000	0.100000000000	3	0.548180000000	0.000000000000	0.053639209211	0.000000000000	30000
6	1	0.600000000000	0.100000000000	4	0.540040000000	0.000000000000	0.036950829000	0.000000000000	14000
6	1	0.600000000000	0.100000000000	5	0.554040000000	0.000000000000	0.047795007718	0.000000000000	6000
6	2	0.600000000000	0.200000000000	1	0.538280000000	0.000000000000	0.050789971660	0.000000000000	26000
6	2	0.600000000000	0.200000000000	2	0.532480000000	0.000000000000	0.040093104857	0.000000000000	20000
6	2	0.600000000000	0.200000000000	3	0.544040000000	0.000000000000	0.043918187658	0.000000000000	12000
6	2	0.600000000000	0.200000000000	4	0.531440000000	0.000000000000	0.045289927993	0.000000000000	12000
6	2	0.600000000000	0.200000000000	5	0.000000000000	0.551740000000	0.000000000000	0.046397468952	10000
6	3	0.600000000000	0.300000000000	1	0.515440000000	0.000000000000	0.044357344082	0.000000000000	30000
6	3	0.600000000000	0.300000000000	2	0.530940000000	0.000000000000	0.050794650274	0.000000000000	22000
6	3	0.600000000000	0.300000000000	3	0.530920000000	0.000000000000	0.039241476699	0.000000000000	18000
6	3	0.600000000000	0.300000000000	4	0.542740000000	0.000000000000	0.060799580500	0.000000000000	12000
6	3	0.600000000000	0.300000000000	5	0.000000000000	0.519280000000	0.000000000000	0.037406963000	10000
6	4	0.600000000000	0.400000000000	1	0.505440000000	0.000000000000	0.039323692003	0.000000000000	30000
6	4	0.600000000000	0.400000000000	2	0.510340000000	0.000000000000	0.045654887677	0.000000000000	30000
6	4	0.600000000000	0.400000000000	3	0.000000000000	0.547100000000	0.000000000000	0.047944641918	22000
6	4	0.600000000000	0.400000000000	4	0.541060000000	0.000000000000	0.044851845983	0.000000000000	6000
6	4	0.600000000000	0.400000000000	5	0.500000000000	0.000000000000	0.045612284316	0.000000000000	30000
6	5	0.600000000000	0.500000000000	1	0.000000000000	0.560940000000	0.000000000000	0.049956100849	22000
6	5	0.600000000000	0.500000000000	2	0.000000000000	0.576580000000	0.000000000000	0.033108908164	8000
6	5	0.600000000000	0.500000000000	3	0.542420000000	0.000000000000	0.046241560115	0.000000000000	14000
6	5	0.600000000000	0.500000000000	4	0.000000000000	0.580260000000	0.000000000000	0.040963525366	14000
6	5	0.600000000000	0.500000000000	5	0.000000000000	0.540680000000	0.000000000000	0.036825177443	30000
6	6	0.600000000000	0.600000000000	1	0.550880000000	0.000000000000	0.050217002572	0.000000000000	28000
6	6	0.600000000000	0.600000000000	2	0.000000000000	0.581340000000	0.000000000000	0.038700156358	28000
6	6	0.600000000000	0.600000000000	3	0.539940000000	0.000000000000	0.048277604820	0.000000000000	20000
6	6	0.600000000000	0.600000000000	4	0.000000000000	0.565640000000	0.000000000000	0.048399720381	18000
6	6	0.600000000000	0.600000000000	5	0.569580000000	0.000000000000	0.070461254519	0.000000000000	8000
6	7	0.600000000000	0.700000000000	1	0.000000000000	0.560880000000	0.000000000000	0.044797683338	18000
6	7	0.600000000000	0.700000000000	2	0.000000000000	0.551700000000	0.000000000000	0.037084839022	20000
6	7	0.600000000000	0.700000000000	3	0.000000000000	0.553360000000	0.000000000000	0.033048488658	30000
6	7	0.600000000000	0.700000000000	4	0.000000000000	0.527260000000	0.000000000000	0.038350530155	30000
6	7	0.600000000000	0.700000000000	5	0.000000000000	0.565060000000	0.000000000000	0.048327341453	30000
6	8	0.600000000000	0.800000000000	1	0.000000000000	0.524920000000	0.000000000000	0.045337060437	28000
6	8	0.600000000000	0.800000000000	2	0.000000000000	0.577920000000	0.000000000000	0.040095901053	30000
6	8	0.600000000000	0.800000000000	3	0.000000000000	0.558180000000	0.000000000000	0.045991333997	30000
6	8	0.600000000000	0.800000000000	4	0.543760000000	0.000000000000	0.047261994204	0.000000000000	18000
6	8	0.600000000000	0.800000000000	5	0.000000000000	0.513200000000	0.000000000000	0.059225565997	26000
6	9	0.600000000000	0.900000000000	1	0.000000000000	0.504820000000	0.000000000000	0.055312087531	30000
6	9	0.600000000000	0.900000000000	2	0.000000000000	0.547860000000	0.000000000000	0.042816511461	8000
6	9	0.600000000000	0.900000000000	3	0.000000000000	0.508040000000	0.000000000000	0.048581051023	8000
6	9	0.600000000000	0.900000000000	4	0.000000000000	0.513960000000	0.000000000000	0.041197276799	6000
6	9	0.600000000000	0.900000000000	5	0.000000000000	0.542320000000	0.000000000000	0.043723327062	8000
6	10	0.600000000000	1.000000000000	1	0.000000000000	1.000000000000	0.000000000000	0.000000000000	6000
6	10	0.600000000000	1.000000000000	2	0.000000000000	1.000000000000	0.000000000000	0.000000000000	6000
6	10	0.600000000000	1.000000000000	3	0.000000000000	1.000000000000	0.000000000000	0.000000000000	6000
6	10	0.600000000000	1.000000000000	4	0.000000000000	1.000000000000	0.000000000000	0.000000000000	6000
6	10	0.600000000000	1.000000000000	5	0.000000000000	1.000000000000	0.000000000000	0.000000000000	10000
7	0	0.700000000000	0.000000000000	1	0.511500000000	0.000000000000	0.049203363411	0.000000000000	26000
7	0	0.700000000000	0.000000000000	2	0.544460000000	0.000000000000	0.046314721779	0.000000000000	30000
7	0	0.700000000000	0.000000000000	3	0.529520000000	0.000000000000	0.051497782686	0.000000000000	16000
7	0	0.700000000000	0.000000000000	4	0.524000000000	0.000000000000	0.047208353378	0.000000000000	8000
7	0	0.700000000000	0.000000000000	5	0.506320000000	0.000000000000	0.046697304400	0.000000000000	30000
7	1	0.700000000000	0.100000000000	1	0.507800000000	0.000000000000	0.037123282966	0.000000000000	12000
7	1	0.700000000000	0.100000000000	2	0.559320000000	0.000000000000	0.044198315478	0.000000000000	8000
7	1	0.700000000000	0.100000000000	3	0.510480000000	0.000000000000	0.038330651427	0.000000000000	8000
7	1	0.700000000000	0.100000000000	4	0.534820000000	0.000000000000	0.039999594593	0.000000000000	6000
7	1	0.700000000000	0.100000000000	5	0.571860000000	0.000000000000	0.044173427439	0.000000000000	8000
7	2	0.700000000000	0.200000000000	1	0.521280000000	0.000000000000	0.037934161393	0.000000000000	30000
7	2	0.700000000000	0.200000000000	2	0.541220000000	0.000000000000	0.043118102588	0.000000000000	30000
7	2	0.700000000000	0.200000000000	3	0.000000000000	0.533860000000	0.000000000000	0.039813132073	22000
7	2	0.700000000000	0.200000000000	4	0.502420000000	0.000000000000	0.045305586810	0.000000000000	14000
7	2	0.700000000000	0.200000000000	5	0.543940000000	0.000000000000	0.043776623817	0.000000000000	16000
7	3	0.700000000000	0.300000000000	1	0.525240000000	0.000000000000	0.051830771061	0.000000000000	30000
7	3	0.700000000000	0.300000000000	2	0.510620000000	0.000000000000	0.051651558384	0.000000000000	30000
7	3	0.700000000000	0.300000000000	3	0.526460000000	0.000000000000	0.042798365624	0.000000000000	30000
7	3	0.700000000000	0.300000000000	4	0.000000000000	0.556460000000	0.000000000000	0.040267727647	16000
7	3	0.700000000000	0.300000000000	5	0.521160000000	0.000000000000	0.041351715374	0.000000000000	10000
7	4	0.700000000000	0.400000000000	1	0.528040000000	0.000000000000	0.044897373800	0.000000000000	30000
7	4	0.700000000000	0.400000000000	2	0.516020000000	0.000000000000	0.040907615832	0.000000000000	6000
7	4	0.700000000000	0.400000000000	3	0.536740000000	0.000000000000	0.054013793515	0.000000000000	30000
7	4	0.700000000000	0.400000000000	4	0.559440000000	0.000000000000	0.068972774655	0.000000000000	14000
7	4	0.700000000000	0.400000000000	5	0.539360000000	0.000000000000	0.049876628576	0.000000000000	12000
7	5	0.700000000000	0.500000000000	1	0.526040000000	0.000000000000	0.038494158001	0.000000000000	14000
7	5	0.700000000000	0.500000000000	2	0.532380000000	0.000000000000	0.035298464295	0.000000000000	30000
7	5	0.700000000000	0.500000000000	3	0.544480000000	0.000000000000	0.041026976647	0.000000000000	30000
7	5	0.700000000000	0.500000000000	4	0.000000000000	0.550820000000	0.000000000000	0.047471898858	20000
7	5	0.700000000000	0.500000000000	5	0.000000000000	0.551720000000	0.000000000000	0.046622046450	12000
7	6	0.700000000000	0.600000000000	1	0.000000000000	0.571920000000	0.000000000000	0.044315657250	6000
7	6	0.700000000000	0.600000000000	2	0.532780000000	0.000000000000	0.041842830000	0.000000000000	30000
7	6	0.700000000000	0.600000000000	3	0.000000000000	0.531520000000	0.000000000000	0.060779797497	6000
7	6	0.700000000000	0.600000000000	4	0.000000000000	0.543900000000	0.000000000000	0.048715122531	28000
7	6	0.700000000000	0.600000000000	5	0.526420000000	0.000000000000	0.038985939818	0.000000000000	14000
7	7	0.700000000000	0.700000000000	1	0.000000000000	0.573620000000	0.000000000000	0.047382916127	16000
7	7	0.700000000000	0.700000000000	2	0.000000000000	0.537020000000	0.000000000000	0.041158396636	18000
7	7	0.700000000000	0.700000000000	3	0.000000000000	0.571180000000	0.000000000000	0.047825671923	30000
7	7	0.700000000000	0.700000000000	4	0.000000000000	0.535740000000	0.000000000000	0.040898962397	14000
7	7	0.700000000000	0.700000000000	5	0.563220000000	0.000000000000	0.044730665459	0.000000000000	20000
7	8	0.700000000000	0.800000000000	1	0.000000000000	0.556120000000	0.000000000000	0.038977748330	20000
7	8	0.700000000000	0.800000000000	2	0.000000000000	0.550400000000	0.000000000000	0.044020197385	6000
7	8	0.700000000000	0.800000000000	3	0.000000000000	0.538300000000	0.000000000000	0.043453402608	6000
7	8	0.700000000000	0.800000000000	4	0.000000000000	0.563600000000	0.000000000000	0.041856803413	10000
7	8	0.700000000000	0.800000000000	5	0.000000000000	0.548140000000	0.000000000000	0.053300857229	22000
7	9	0.700000000000	0.900000000000	1	0.000000000000	0.560360000000	0.000000000000	0.047561881087	14000
7	9	0.700000000000	0.900000000000	2	0.545360000000	0.000000000000	0.045225166840	0.000000000000	8000
7	9	0.700000000000	0.900000000000	3	0.523360000000	0.000000000000	0.042915639948	0.000000000000	22000
7	9	0.700000000000	0.900000000000	4	0.000000000000	0.560440000000	0.000000000000	0.046583005231	28000
7	9	0.700000000000	0.900000000000	5	0.570400000000	0.000000000000	0.049718325715	0.000000000000	18000
7	10	0.700000000000	1.000000000000	1	0.000000000000	1.000000000000	0.000000000000	0.000000000000	8000
7	10	0.700000000000	1.000000000000	2	0.000000000000	1.000000000000	0.000000000000	0.000000000000	6000
7	10	0.700000000000	1.000000000000	3	0.000000000000	1.000000000000	0.000000000000	0.000000000000	6000
7	10	0.700000000000	1.000000000000	4	0.000000000000	1.000000000000	0.000000000000	0.000000000000	6000
7	10	0.700000000000	1.000000000000	5	0.000000000000	1.000000000000	0.000000000000	0.000000000000	6000
