# scan initial plane
# b 1.174
# r 0
# e -0.4
# N1 50
# N2 50
# P11 0.9
# p12 0.3
# P22 0.9
# T_MCS 1000
# T_MAX 30000
# W 2000
# UPDATE_RULE 0
# FERMI_BETA 1
# DEGREE_ALPHA 0.5
# DEGREE_FACTOR_MIN 0.5
# DEGREE_FACTOR_MAX 2
# ndiv 10
# n_reps 5
# A:(0,1),	A':(0,0.690),	B:(1,0),	B'=(0.690,0),	C:(1,1),	D:(0,0),	E:(0.347,0.347) 
# columns: ix iy x1_0 x2_0 rep x1_inf x2_inf sigma_1 sigma_2 t_relax
2	0	0.200000000000	0.000000000000	1	0.572240000000	0.000000000000	0.041442730363	0.000000000000	18000
2	0	0.200000000000	0.000000000000	2	0.554620000000	0.000000000000	0.045615088911	0.000000000000	20000
2	0	0.200000000000	0.000000000000	3	0.515960000000	0.000000000000	0.042912934180	0.000000000000	26000
2	0	0.200000000000	0.000000000000	4	0.501620000000	0.000000000000	0.040181963493	0.000000000000	6000
2	0	0.200000000000	0.000000000000	5	0.518840000000	0.000000000000	0.064897350224	0.000000000000	6000
2	1	0.200000000000	0.100000000000	1	0.533160000000	0.000000000000	0.048286084392	0.000000000000	6000
2	1	0.200000000000	0.100000000000	2	0.534100000000	0.000000000000	0.059567930452	0.000000000000	6000
2	1	0.200000000000	0.100000000000	3	0.548060000000	0.000000000000	0.038148285567	0.000000000000	8000
2	1	0.200000000000	0.100000000000	4	0.541680000000	0.000000000000	0.045139951431	0.000000000000	30000
2	1	0.200000000000	0.100000000000	5	0.536480000000	0.000000000000	0.042035420500	0.000000000000	14000
2	2	0.200000000000	0.200000000000	1	0.000000000000	0.580240000000	0.000000000000	0.046489823657	20000
2	2	0.200000000000	0.200000000000	2	0.000000000000	0.515380000000	0.000000000000	0.051506392890	8000
2	2	0.200000000000	0.200000000000	3	0.000000000000	0.583300000000	0.000000000000	0.049735134297	6000
2	2	0.200000000000	0.200000000000	4	0.000000000000	0.569940000000	0.000000000000	0.035367318915	6000
2	2	0.200000000000	0.200000000000	5	0.000000000000	0.564980000000	0.000000000000	0.038836939992	24000
2	3	0.200000000000	0.300000000000	1	0.000000000000	0.574320000000	0.000000000000	0.055204938051	30000
2	3	0.200000000000	0.300000000000	2	0.000000000000	0.532780000000	0.000000000000	0.051828156033	28000
2	3	0.200000000000	0.300000000000	3	0.000000000000	0.570800000000	0.000000000000	0.042581371199	28000
2	3	0.200000000000	0.300000000000	4	0.000000000000	0.531560000000	0.000000000000	0.036338504192	26000
2	3	0.200000000000	0.300000000000	5	0.521300000000	0.000000000000	0.052686676550	0.000000000000	18000
2	4	0.200000000000	0.400000000000	1	0.582880000000	0.000000000000	0.043909379791	0.000000000000	14000
2	4	0.200000000000	0.400000000000	2	0.000000000000	0.545080000000	0.000000000000	0.046985116805	30000
2	4	0.200000000000	0.400000000000	3	0.000000000000	0.532300000000	0.000000000000	0.039449540761	26000
2	4	0.200000000000	0.400000000000	4	0.000000000000	0.546020000000	0.000000000000	0.056079448147	8000
2	4	0.200000000000	0.400000000000	5	0.000000000000	0.576580000000	0.000000000000	0.045081436711	14000
2	5	0.200000000000	0.500000000000	1	0.000000000000	0.549460000000	0.000000000000	0.038683391847	18000
2	5	0.200000000000	0.500000000000	2	0.000000000000	0.590960000000	0.000000000000	0.037519142928	30000
2	5	0.200000000000	0.500000000000	3	0.000000000000	0.563340000000	0.000000000000	0.053367522825	30000
2	5	0.200000000000	0.500000000000	4	0.000000000000	0.553720000000	0.000000000000	0.045257152029	8000
2	5	0.200000000000	0.500000000000	5	0.000000000000	0.559620000000	0.000000000000	0.044925203103	30000
2	6	0.200000000000	0.600000000000	1	0.000000000000	0.553840000000	0.000000000000	0.035373799707	8000
2	6	0.200000000000	0.600000000000	2	0.481680000000	0.000000000000	0.033176471758	0.000000000000	10000
2	6	0.200000000000	0.600000000000	3	0.000000000000	0.568160000000	0.000000000000	0.059283462525	18000
2	6	0.200000000000	0.600000000000	4	0.000000000000	0.565020000000	0.000000000000	0.052409410857	6000
2	6	0.200000000000	0.600000000000	5	0.000000000000	0.577800000000	0.000000000000	0.043093120298	28000
2	7	0.200000000000	0.700000000000	1	0.000000000000	0.567920000000	0.000000000000	0.051356704636	30000
2	7	0.200000000000	0.700000000000	2	0.000000000000	0.552480000000	0.000000000000	0.040903822838	6000
2	7	0.200000000000	0.700000000000	3	0.000000000000	0.578360000000	0.000000000000	0.055327855295	24000
2	7	0.200000000000	0.700000000000	4	0.000000000000	0.528760000000	0.000000000000	0.034740024025	20000
2	7	0.200000000000	0.700000000000	5	0.000000000000	0.572060000000	0.000000000000	0.044128264227	22000
2	8	0.200000000000	0.800000000000	1	0.000000000000	0.578660000000	0.000000000000	0.037234269038	18000
2	8	0.200000000000	0.800000000000	2	0.000000000000	0.503960000000	0.000000000000	0.038701630666	16000
2	8	0.200000000000	0.800000000000	3	0.000000000000	0.557600000000	0.000000000000	0.039757019765	10000
2	8	0.200000000000	0.800000000000	4	0.000000000000	0.549800000000	0.000000000000	0.045197376061	10000
2	8	0.200000000000	0.800000000000	5	0.000000000000	0.568120000000	0.000000000000	0.036696215230	6000
2	9	0.200000000000	0.900000000000	1	0.000000000000	0.546420000000	0.000000000000	0.032302121092	12000
2	9	0.200000000000	0.900000000000	2	0.000000000000	0.555580000000	0.000000000000	0.045709440523	30000
2	9	0.200000000000	0.900000000000	3	0.000000000000	0.578320000000	0.000000000000	0.056649684790	30000
2	9	0.200000000000	0.900000000000	4	0.000000000000	0.589660000000	0.000000000000	0.038623518433	20000
2	9	0.200000000000	0.900000000000	5	0.000000000000	0.555360000000	0.000000000000	0.046240767820	20000
2	10	0.200000000000	1.000000000000	1	0.000000000000	1.000000000000	0.000000000000	0.000000000000	6000
2	10	0.200000000000	1.000000000000	2	0.000000000000	1.000000000000	0.000000000000	0.000000000000	6000
2	10	0.200000000000	1.000000000000	3	0.000000000000	1.000000000000	0.000000000000	0.000000000000	6000
2	10	0.200000000000	1.000000000000	4	0.000000000000	1.000000000000	0.000000000000	0.000000000000	6000
2	10	0.200000000000	1.000000000000	5	0.000000000000	1.000000000000	0.000000000000	0.000000000000	6000
3	0	0.300000000000	0.000000000000	1	0.515320000000	0.000000000000	0.043607329650	0.000000000000	8000
3	0	0.300000000000	0.000000000000	2	0.524400000000	0.000000000000	0.045531451911	0.000000000000	30000
3	0	0.300000000000	0.000000000000	3	0.520100000000	0.000000000000	0.038495088932	0.000000000000	30000
3	0	0.300000000000	0.000000000000	4	0.537080000000	0.000000000000	0.047549285321	0.000000000000	6000
3	0	0.300000000000	0.000000000000	5	0.522680000000	0.000000000000	0.073177678103	0.000000000000	18000
3	1	0.300000000000	0.100000000000	1	0.528240000000	0.000000000000	0.040449209369	0.000000000000	10000
3	1	0.300000000000	0.100000000000	2	0.529520000000	0.000000000000	0.047493422968	0.000000000000	26000
3	1	0.300000000000	0.100000000000	3	0.501880000000	0.000000000000	0.045078794324	0.000000000000	30000
3	1	0.300000000000	0.100000000000	4	0.528160000000	0.000000000000	0.036991658286	0.000000000000	30000
3	1	0.300000000000	0.100000000000	5	0.526840000000	0.000000000000	0.052990776767	0.000000000000	30000
3	2	0.300000000000	0.200000000000	1	0.000000000000	0.567560000000	0.000000000000	0.039022675064	28000
3	2	0.300000000000	0.200000000000	2	0.527040000000	0.000000000000	0.043638775679	0.000000000000	8000
3	2	0.300000000000	0.200000000000	3	0.534860000000	0.000000000000	0.041275708160	0.000000000000	12000
3	2	0.300000000000	0.200000000000	4	0.000000000000	0.558460000000	0.000000000000	0.048961470828	10000
3	2	0.300000000000	0.200000000000	5	0.544340000000	0.000000000000	0.045277084871	0.000000000000	6000
3	3	0.300000000000	0.300000000000	1	0.550080000000	0.000000000000	0.035995684315	0.000000000000	12000
3	3	0.300000000000	0.300000000000	2	0.534700000000	0.000000000000	0.050163995320	0.000000000000	6000
3	3	0.300000000000	0.300000000000	3	0.526200000000	0.000000000000	0.039859111239	0.000000000000	8000
3	3	0.300000000000	0.300000000000	4	0.496020000000	0.000000000000	0.047712011444	0.000000000000	8000
3	3	0.300000000000	0.300000000000	5	0.000000000000	0.589460000000	0.000000000000	0.035880298156	12000
3	4	0.300000000000	0.400000000000	1	0.000000000000	0.517400000000	0.000000000000	0.032247168556	30000
3	4	0.300000000000	0.400000000000	2	0.514060000000	0.000000000000	0.041031695066	0.000000000000	8000
3	4	0.300000000000	0.400000000000	3	0.000000000000	0.549800000000	0.000000000000	0.041202641392	6000
3	4	0.300000000000	0.400000000000	4	0.000000000000	0.524580000000	0.000000000000	0.044269440739	14000
3	4	0.300000000000	0.400000000000	5	0.552420000000	0.000000000000	0.050142375870	0.000000000000	12000
3	5	0.300000000000	0.500000000000	1	0.000000000000	0.579760000000	0.000000000000	0.044211956495	24000
3	5	0.300000000000	0.500000000000	2	0.000000000000	0.537980000000	0.000000000000	0.040461793791	30000
3	5	0.300000000000	0.500000000000	3	0.000000000000	0.565820000000	0.000000000000	0.035953027970	16000
3	5	0.300000000000	0.500000000000	4	0.000000000000	0.577920000000	0.000000000000	0.040185675165	8000
3	5	0.300000000000	0.500000000000	5	0.000000000000	0.578320000000	0.000000000000	0.037268841766	24000
3	6	0.300000000000	0.600000000000	1	0.000000000000	0.518420000000	0.000000000000	0.052136568949	12000
3	6	0.300000000000	0.600000000000	2	0.557240000000	0.000000000000	0.040993449024	0.000000000000	30000
3	6	0.300000000000	0.600000000000	3	0.000000000000	0.545820000000	0.000000000000	0.044340655089	30000
3	6	0.300000000000	0.600000000000	4	0.000000000000	0.583420000000	0.000000000000	0.045400052475	30000
3	6	0.300000000000	0.600000000000	5	0.000000000000	0.568880000000	0.000000000000	0.042639931564	14000
3	7	0.300000000000	0.700000000000	1	0.000000000000	0.574980000000	0.000000000000	0.041406691659	10000
3	7	0.300000000000	0.700000000000	2	0.000000000000	0.532180000000	0.000000000000	0.042050158333	14000
3	7	0.300000000000	0.700000000000	3	0.000000000000	0.565160000000	0.000000000000	0.053958186458	28000
3	7	0.300000000000	0.700000000000	4	0.000000000000	0.540460000000	0.000000000000	0.042553486334	24000
3	7	0.300000000000	0.700000000000	5	0.000000000000	0.547020000000	0.000000000000	0.039454737057	30000
3	8	0.300000000000	0.800000000000	1	0.000000000000	0.550620000000	0.000000000000	0.056586373074	8000
3	8	0.300000000000	0.800000000000	2	0.000000000000	0.572000000000	0.000000000000	0.039006685600	30000
3	8	0.300000000000	0.800000000000	3	0.512120000000	0.000000000000	0.045050362209	0.000000000000	12000
3	8	0.300000000000	0.800000000000	4	0.000000000000	0.592400000000	0.000000000000	0.043341879499	30000
3	8	0.300000000000	0.800000000000	5	0.000000000000	0.542500000000	0.000000000000	0.042217677960	16000
3	9	0.300000000000	0.900000000000	1	0.000000000000	0.527020000000	0.000000000000	0.048031517014	8000
3	9	0.300000000000	0.900000000000	2	0.000000000000	0.550640000000	0.000000000000	0.047592598747	30000
3	9	0.300000000000	0.900000000000	3	0.000000000000	0.558320000000	0.000000000000	0.053065936283	6000
3	9	0.300000000000	0.900000000000	4	0.000000000000	0.572260000000	0.000000000000	0.042188532474	30000
3	9	0.300000000000	0.900000000000	5	0.000000000000	0.567420000000	0.000000000000	0.051404143666	30000
3	10	0.300000000000	1.000000000000	1	0.000000000000	1.000000000000	0.000000000000	0.000000000000	6000
3	10	0.300000000000	1.000000000000	2	0.000000000000	1.000000000000	0.000000000000	0.000000000000	6000
3	10	0.300000000000	1.000000000000	3	0.000000000000	1.000000000000	0.000000000000	0.000000000000	6000
3	10	0.300000000000	1.000000000000	4	0.037600000000	1.000000000000	0.019622054557	0.000000000000	6000
3	10	0.300000000000	1.000000000000	5	0.000000000000	1.000000000000	0.000000000000	0.000000000000	6000
