# scan initial plane
# b 1.15
# r 0
# e -0.4
# p12 0.2
# ndiv 8
# n_reps 3
# A:(0,1),	A':(0,0.533),	B:(1,0),	B'=(0.533,0),	C:(1,1),	D:(0,0),	E:(0.308,0.308) 
# columns: ix iy x1_0 x2_0 rep x1_inf x2_inf sigma_1 sigma_2 t_relax
7	0	0.874000000000	0.000000000000	1	0.760184000000	0.000000000000	0.013388704247	0.000000000000	20000
7	0	0.874000000000	0.000000000000	2	0.744890000000	0.000000000000	0.014206679054	0.000000000000	25000
7	0	0.874000000000	0.000000000000	3	0.745890000000	0.000000000000	0.011147204141	0.000000000000	25000
7	1	0.874000000000	0.124000000000	1	0.764706000000	0.000000000000	0.012560546618	0.000000000000	12000
7	1	0.874000000000	0.124000000000	2	0.772576000000	0.000000000000	0.011765655726	0.000000000000	25000
7	1	0.874000000000	0.124000000000	3	0.751478000000	0.000000000000	0.011455249397	0.000000000000	25000
7	2	0.874000000000	0.250000000000	1	0.747010000000	0.000000000000	0.012797330646	0.000000000000	25000
7	2	0.874000000000	0.250000000000	2	0.776396000000	0.000000000000	0.013936046692	0.000000000000	24000
7	2	0.874000000000	0.250000000000	3	0.726986000000	0.000000000000	0.011310868213	0.000000000000	10000
7	3	0.874000000000	0.374000000000	1	0.768438000000	0.000000000000	0.014088386658	0.000000000000	25000
7	3	0.874000000000	0.374000000000	2	0.738188000000	0.000000000000	0.011986840298	0.000000000000	10000
7	3	0.874000000000	0.374000000000	3	0.751296000000	0.000000000000	0.017262513675	0.000000000000	10000
7	4	0.874000000000	0.500000000000	1	0.741388000000	0.000000000000	0.013463681767	0.000000000000	10000
7	4	0.874000000000	0.500000000000	2	0.731882000000	0.000000000000	0.011607101309	0.000000000000	25000
7	4	0.874000000000	0.500000000000	3	0.774520000000	0.000000000000	0.014473530429	0.000000000000	25000
7	5	0.874000000000	0.624000000000	1	0.746014000000	0.000000000000	0.013902124768	0.000000000000	25000
7	5	0.874000000000	0.624000000000	2	0.747448000000	0.000000000000	0.012515107827	0.000000000000	25000
7	5	0.874000000000	0.624000000000	3	0.746992000000	0.000000000000	0.013506975027	0.000000000000	24000
7	6	0.874000000000	0.750000000000	1	0.765630000000	0.000000000000	0.015899682384	0.000000000000	25000
7	6	0.874000000000	0.750000000000	2	0.723182000000	0.000000000000	0.013517010971	0.000000000000	24000
7	6	0.874000000000	0.750000000000	3	0.759898000000	0.000000000000	0.009526192542	0.000000000000	25000
7	7	0.874000000000	0.874000000000	1	0.754114000000	0.000000000000	0.011508407685	0.000000000000	25000
7	7	0.874000000000	0.874000000000	2	0.000000000000	0.778798000000	0.000000000000	0.014391883905	18000
7	7	0.874000000000	0.874000000000	3	0.720798000000	0.000000000000	0.012921538692	0.000000000000	12000
7	8	0.874000000000	1.000000000000	1	0.000000000000	1.000000000000	0.000000000000	0.000000000000	6000
7	8	0.874000000000	1.000000000000	2	0.000000000000	1.000000000000	0.000000000000	0.000000000000	6000
7	8	0.874000000000	1.000000000000	3	0.000000000000	1.000000000000	0.000000000000	0.000000000000	6000
