# scan initial plane
# b 1.15
# r 0
# e -0.4
# p12 0.2
# ndiv 8
# n_reps 3
# A:(0,1),	A':(0,0.533),	B:(1,0),	B'=(0.533,0),	C:(1,1),	D:(0,0),	E:(0.308,0.308) 
# columns: ix iy x1_0 x2_0 rep x1_inf x2_inf sigma_1 sigma_2 t_relax
5	0	0.624000000000	0.000000000000	1	0.748250000000	0.000000000000	0.015051114113	0.000000000000	18000
5	0	0.624000000000	0.000000000000	2	0.748830000000	0.000000000000	0.015955239568	0.000000000000	6000
5	0	0.624000000000	0.000000000000	3	0.747936000000	0.000000000000	0.012840903114	0.000000000000	8000
5	1	0.624000000000	0.124000000000	1	0.739254000000	0.000000000000	0.014722235843	0.000000000000	8000
5	1	0.624000000000	0.124000000000	2	0.750164000000	0.000000000000	0.013731484175	0.000000000000	25000
5	1	0.624000000000	0.124000000000	3	0.779704000000	0.000000000000	0.013741805603	0.000000000000	8000
5	2	0.624000000000	0.250000000000	1	0.772180000000	0.000000000000	0.014120587487	0.000000000000	25000
5	2	0.624000000000	0.250000000000	2	0.744372000000	0.000000000000	0.011043168366	0.000000000000	25000
5	2	0.624000000000	0.250000000000	3	0.750678000000	0.000000000000	0.012234950348	0.000000000000	25000
5	3	0.624000000000	0.374000000000	1	0.757600000000	0.000000000000	0.012241480869	0.000000000000	25000
5	3	0.624000000000	0.374000000000	2	0.755258000000	0.000000000000	0.016349211991	0.000000000000	22000
5	3	0.624000000000	0.374000000000	3	0.734348000000	0.000000000000	0.015775670121	0.000000000000	25000
5	4	0.624000000000	0.500000000000	1	0.744308000000	0.000000000000	0.011912978429	0.000000000000	22000
5	4	0.624000000000	0.500000000000	2	0.735352000000	0.000000000000	0.010787050406	0.000000000000	25000
5	4	0.624000000000	0.500000000000	3	0.752266000000	0.000000000000	0.014068801483	0.000000000000	22000
5	5	0.624000000000	0.624000000000	1	0.739316000000	0.000000000000	0.010599079417	0.000000000000	16000
5	5	0.624000000000	0.624000000000	2	0.000000000000	0.750392000000	0.000000000000	0.011556638434	25000
5	5	0.624000000000	0.624000000000	3	0.000000000000	0.781794000000	0.000000000000	0.013001638612	18000
5	6	0.624000000000	0.750000000000	1	0.000000000000	0.766200000000	0.000000000000	0.015477711703	20000
5	6	0.624000000000	0.750000000000	2	0.000000000000	0.780914000000	0.000000000000	0.012877516625	25000
5	6	0.624000000000	0.750000000000	3	0.000000000000	0.759778000000	0.000000000000	0.011534980354	25000
5	7	0.624000000000	0.874000000000	1	0.000000000000	0.742334000000	0.000000000000	0.012527465082	16000
5	7	0.624000000000	0.874000000000	2	0.000000000000	0.762714000000	0.000000000000	0.013315837019	18000
5	7	0.624000000000	0.874000000000	3	0.000000000000	0.792460000000	0.000000000000	0.018704926471	18000
5	8	0.624000000000	1.000000000000	1	0.000000000000	1.000000000000	0.000000000000	0.000000000000	6000
5	8	0.624000000000	1.000000000000	2	0.000000000000	1.000000000000	0.000000000000	0.000000000000	6000
5	8	0.624000000000	1.000000000000	3	0.000000000000	1.000000000000	0.000000000000	0.000000000000	6000
