# scan initial plane
# b 1.15
# r 0
# e -0.4
# p12 0.2
# ndiv 8
# n_reps 3
# A:(0,1),	A':(0,0.533),	B:(1,0),	B'=(0.533,0),	C:(1,1),	D:(0,0),	E:(0.308,0.308) 
# columns: ix iy x1_0 x2_0 rep x1_inf x2_inf sigma_1 sigma_2 t_relax
0	0	0.000000000000	0.000000000000	1	0.000000000000	0.000000000000	0.000000000000	0.000000000000	4000
0	0	0.000000000000	0.000000000000	2	0.000000000000	0.000000000000	0.000000000000	0.000000000000	4000
0	0	0.000000000000	0.000000000000	3	0.000000000000	0.000000000000	0.000000000000	0.000000000000	4000
0	1	0.000000000000	0.124000000000	1	0.000000000000	0.653168000000	0.000000000000	0.011683333269	25000
0	1	0.000000000000	0.124000000000	2	0.000000000000	0.673604000000	0.000000000000	0.012428259960	25000
0	1	0.000000000000	0.124000000000	3	0.000000000000	0.666290000000	0.000000000000	0.011522007492	25000
0	2	0.000000000000	0.250000000000	1	0.000000000000	0.678558000000	0.000000000000	0.010080190784	25000
0	2	0.000000000000	0.250000000000	2	0.000000000000	0.685812000000	0.000000000000	0.010412736484	25000
0	2	0.000000000000	0.250000000000	3	0.000000000000	0.666206000000	0.000000000000	0.012880041128	8000
0	3	0.000000000000	0.374000000000	1	0.000000000000	0.665596000000	0.000000000000	0.011978826164	12000
0	3	0.000000000000	0.374000000000	2	0.000000000000	0.664106000000	0.000000000000	0.014401672548	8000
0	3	0.000000000000	0.374000000000	3	0.000000000000	0.657502000000	0.000000000000	0.011832159397	25000
0	4	0.000000000000	0.500000000000	1	0.000000000000	0.667830000000	0.000000000000	0.010306955580	8000
0	4	0.000000000000	0.500000000000	2	0.000000000000	0.660780000000	0.000000000000	0.011179113228	24000
0	4	0.000000000000	0.500000000000	3	0.000000000000	0.674378000000	0.000000000000	0.011319242079	6000
0	5	0.000000000000	0.624000000000	1	0.000000000000	0.669034000000	0.000000000000	0.013998385578	10000
0	5	0.000000000000	0.624000000000	2	0.000000000000	0.671632000000	0.000000000000	0.012627273024	6000
0	5	0.000000000000	0.624000000000	3	0.000000000000	0.677574000000	0.000000000000	0.010839373414	25000
0	6	0.000000000000	0.750000000000	1	0.000000000000	0.673438000000	0.000000000000	0.016886838701	25000
0	6	0.000000000000	0.750000000000	2	0.000000000000	0.656644000000	0.000000000000	0.015193950116	10000
0	6	0.000000000000	0.750000000000	3	0.000000000000	0.644410000000	0.000000000000	0.010365681229	8000
0	7	0.000000000000	0.874000000000	1	0.000000000000	0.687464000000	0.000000000000	0.012277436192	25000
0	7	0.000000000000	0.874000000000	2	0.000000000000	0.656380000000	0.000000000000	0.011027293467	25000
0	7	0.000000000000	0.874000000000	3	0.000000000000	0.662080000000	0.000000000000	0.010225172573	25000
0	8	0.000000000000	1.000000000000	1	0.000000000000	1.000000000000	0.000000000000	0.000000000000	4000
0	8	0.000000000000	1.000000000000	2	0.000000000000	1.000000000000	0.000000000000	0.000000000000	4000
0	8	0.000000000000	1.000000000000	3	0.000000000000	1.000000000000	0.000000000000	0.000000000000	4000
