# scan initial plane
# b 1.15
# r 0
# e -0.4
# p12 0.2
# ndiv 8
# n_reps 3
# A:(0,1),	A':(0,0.533),	B:(1,0),	B'=(0.533,0),	C:(1,1),	D:(0,0),	E:(0.308,0.308) 
# columns: ix iy x1_0 x2_0 rep x1_inf x2_inf sigma_1 sigma_2 t_relax
3	0	0.374000000000	0.000000000000	1	0.678254000000	0.000000000000	0.011276996704	0.000000000000	30000
3	0	0.374000000000	0.000000000000	2	0.668642000000	0.000000000000	0.016059444005	0.000000000000	40000
3	0	0.374000000000	0.000000000000	3	0.669448000000	0.000000000000	0.011173009090	0.000000000000	24000
3	1	0.374000000000	0.124000000000	1	0.670080000000	0.000000000000	0.011509912166	0.000000000000	70000
3	1	0.374000000000	0.124000000000	2	0.386698000000	0.296018000000	0.017948117755	0.016806848192	72000
3	1	0.374000000000	0.124000000000	3	0.485220000000	0.209558000000	0.014814961461	0.010754175389	122000
3	2	0.374000000000	0.250000000000	1	0.395908000000	0.292136000000	0.018099921081	0.017504739927	28000
3	2	0.374000000000	0.250000000000	2	0.345872000000	0.338996000000	0.016275149661	0.017588557114	140000
3	2	0.374000000000	0.250000000000	3	0.542704000000	0.154642000000	0.017398134356	0.016819355717	200000
3	3	0.374000000000	0.374000000000	1	0.675412000000	0.000000000000	0.011596410338	0.000000000000	42000
3	3	0.374000000000	0.374000000000	2	0.312334000000	0.378760000000	0.022977824623	0.023723937810	8000
3	3	0.374000000000	0.374000000000	3	0.000000000000	0.676032000000	0.000000000000	0.010223869302	26000
3	4	0.374000000000	0.500000000000	1	0.389298000000	0.287450000000	0.024161104175	0.024841872285	50000
3	4	0.374000000000	0.500000000000	2	0.397174000000	0.287042000000	0.016580368893	0.013919769969	200000
3	4	0.374000000000	0.500000000000	3	0.302010000000	0.372778000000	0.028211625189	0.033004606042	142000
3	5	0.374000000000	0.624000000000	1	0.408052000000	0.276696000000	0.019754380059	0.015880042814	24000
3	5	0.374000000000	0.624000000000	2	0.402802000000	0.286690000000	0.028521400146	0.020500638433	200000
3	5	0.374000000000	0.624000000000	3	0.405614000000	0.280482000000	0.018908319030	0.013521631207	78000
3	6	0.374000000000	0.750000000000	1	0.440322000000	0.235952000000	0.017130842997	0.013845048984	116000
3	6	0.374000000000	0.750000000000	2	0.341102000000	0.332836000000	0.042887911688	0.049478047467	50000
3	6	0.374000000000	0.750000000000	3	0.671020000000	0.000000000000	0.011077287859	0.000000000000	180000
3	7	0.374000000000	0.874000000000	1	0.601922000000	0.085940000000	0.013005808974	0.011213658910	106000
3	7	0.374000000000	0.874000000000	2	0.391086000000	0.291446000000	0.020222204171	0.019646349866	132000
3	7	0.374000000000	0.874000000000	3	0.498762000000	0.188236000000	0.017921398733	0.021620632640	200000
3	8	0.374000000000	1.000000000000	1	0.000000000000	1.000000000000	0.000000000000	0.000000000000	6000
3	8	0.374000000000	1.000000000000	2	0.000000000000	1.000000000000	0.000000000000	0.000000000000	6000
3	8	0.374000000000	1.000000000000	3	0.000000000000	1.000000000000	0.000000000000	0.000000000000	6000
