# scan initial plane
# b 1.15
# r 0
# e -0.4
# p12 0.22
# ndiv 8
# n_reps 3
# A:(0,1),	A':(0,0.587),	B:(1,0),	B'=(0.587,0),	C:(1,1),	D:(0,0),	E:(0.325,0.325) 
# columns: ix iy x1_0 x2_0 rep x1_inf x2_inf sigma_1 sigma_2 t_relax
3	0	0.374000000000	0.000000000000	1	0.680548000000	0.000000000000	0.010085306610	0.000000000000	6000
3	0	0.374000000000	0.000000000000	2	0.671332000000	0.000000000000	0.012127854751	0.000000000000	10000
3	0	0.374000000000	0.000000000000	3	0.670936000000	0.000000000000	0.010841099272	0.000000000000	24000
3	1	0.374000000000	0.124000000000	1	0.675272000000	0.000000000000	0.009032807294	0.000000000000	92000
3	1	0.374000000000	0.124000000000	2	0.663920000000	0.000000000000	0.008782638256	0.000000000000	64000
3	1	0.374000000000	0.124000000000	3	0.477330000000	0.206748000000	0.014534040675	0.018975156193	20000
3	2	0.374000000000	0.250000000000	1	0.676916000000	0.000000000000	0.012275489059	0.000000000000	48000
3	2	0.374000000000	0.250000000000	2	0.655144000000	0.000000000000	0.011856805972	0.000000000000	68000
3	2	0.374000000000	0.250000000000	3	0.670394000000	0.000000000000	0.008621083870	0.000000000000	272000
3	3	0.374000000000	0.374000000000	1	0.251660000000	0.433292000000	0.019388354967	0.023677401786	6000
3	3	0.374000000000	0.374000000000	2	0.348674000000	0.332790000000	0.018272263122	0.022681762770	12000
3	3	0.374000000000	0.374000000000	3	0.499380000000	0.187738000000	0.023284625266	0.027352724316	8000
3	4	0.374000000000	0.500000000000	1	0.280098000000	0.405190000000	0.018589781493	0.013766096230	122000
3	4	0.374000000000	0.500000000000	2	0.357770000000	0.320246000000	0.019907471145	0.018294430031	122000
3	4	0.374000000000	0.500000000000	3	0.515732000000	0.166862000000	0.012843252124	0.014537410096	118000
3	5	0.374000000000	0.624000000000	1	0.459190000000	0.222898000000	0.032791327682	0.029638961926	158000
3	5	0.374000000000	0.624000000000	2	0.658878000000	0.000000000000	0.011093970984	0.000000000000	30000
3	5	0.374000000000	0.624000000000	3	0.683444000000	0.000000000000	0.012174032654	0.000000000000	74000
3	6	0.374000000000	0.750000000000	1	0.664476000000	0.000000000000	0.009849590775	0.000000000000	288000
3	6	0.374000000000	0.750000000000	2	0.665974000000	0.000000000000	0.010122143142	0.000000000000	122000
3	6	0.374000000000	0.750000000000	3	0.587320000000	0.090446000000	0.018262505828	0.015478652159	82000
3	7	0.374000000000	0.874000000000	1	0.396858000000	0.292436000000	0.026703200125	0.023537457720	112000
3	7	0.374000000000	0.874000000000	2	0.659896000000	0.029720000000	0.011966134396	0.009079870266	310000
3	7	0.374000000000	0.874000000000	3	0.684452000000	0.000000000000	0.016583084595	0.000000000000	76000
3	8	0.374000000000	1.000000000000	1	0.000000000000	1.000000000000	0.000000000000	0.000000000000	6000
3	8	0.374000000000	1.000000000000	2	0.000000000000	1.000000000000	0.000000000000	0.000000000000	6000
3	8	0.374000000000	1.000000000000	3	0.000000000000	1.000000000000	0.000000000000	0.000000000000	6000
