# scan initial plane
# b 1.15
# r 0
# e -0.4
# p12 0.24
# ndiv 8
# n_reps 3
# A:(0,1),	A':(0,0.640),	B:(1,0),	B'=(0.640,0),	C:(1,1),	D:(0,0),	E:(0.340,0.340) 
# columns: ix iy x1_0 x2_0 rep x1_inf x2_inf sigma_1 sigma_2 t_relax
3	0	0.374000000000	0.000000000000	1	0.826180000000	0.000000000000	0.012322639630	0.000000000000	132000
3	0	0.374000000000	0.000000000000	2	0.841944000000	0.000000000000	0.010607798518	0.000000000000	48000
3	0	0.374000000000	0.000000000000	3	0.806284000000	0.000000000000	0.011195207755	0.000000000000	36000
3	1	0.374000000000	0.124000000000	1	0.860022000000	0.000000000000	0.011148803156	0.000000000000	36000
3	1	0.374000000000	0.124000000000	2	0.865226000000	0.000000000000	0.013202849664	0.000000000000	48000
3	1	0.374000000000	0.124000000000	3	0.808412000000	0.000000000000	0.013218054810	0.000000000000	16000
3	2	0.374000000000	0.250000000000	1	0.845846000000	0.000000000000	0.011235769957	0.000000000000	96000
3	2	0.374000000000	0.250000000000	2	0.872364000000	0.000000000000	0.011986124110	0.000000000000	64000
3	2	0.374000000000	0.250000000000	3	0.823556000000	0.000000000000	0.013763149650	0.000000000000	34000
3	3	0.374000000000	0.374000000000	1	0.000000000000	0.845794000000	0.000000000000	0.011084242167	48000
3	3	0.374000000000	0.374000000000	2	0.816042000000	0.000000000000	0.008633700063	0.000000000000	40000
3	3	0.374000000000	0.374000000000	3	0.000000000000	0.830368000000	0.000000000000	0.016200711066	44000
3	4	0.374000000000	0.500000000000	1	0.000000000000	0.817156000000	0.000000000000	0.019681133377	14000
3	4	0.374000000000	0.500000000000	2	0.000000000000	0.814282000000	0.000000000000	0.010148668458	22000
3	4	0.374000000000	0.500000000000	3	0.000000000000	0.805024000000	0.000000000000	0.008712940912	12000
3	5	0.374000000000	0.624000000000	1	0.000000000000	0.843336000000	0.000000000000	0.011360993626	16000
3	5	0.374000000000	0.624000000000	2	0.000000000000	0.824426000000	0.000000000000	0.015886185662	70000
3	5	0.374000000000	0.624000000000	3	0.000000000000	0.865820000000	0.000000000000	0.013926720847	60000
3	6	0.374000000000	0.750000000000	1	0.000000000000	0.843894000000	0.000000000000	0.010768320237	12000
3	6	0.374000000000	0.750000000000	2	0.000000000000	0.840242000000	0.000000000000	0.011222449794	12000
3	6	0.374000000000	0.750000000000	3	0.000000000000	0.822946000000	0.000000000000	0.011170759592	32000
3	7	0.374000000000	0.874000000000	1	0.000000000000	0.870212000000	0.000000000000	0.011451034110	20000
3	7	0.374000000000	0.874000000000	2	0.000000000000	0.836654000000	0.000000000000	0.009171499354	28000
3	7	0.374000000000	0.874000000000	3	0.000000000000	0.825198000000	0.000000000000	0.014418623121	54000
3	8	0.374000000000	1.000000000000	1	0.000000000000	1.000000000000	0.000000000000	0.000000000000	6000
3	8	0.374000000000	1.000000000000	2	0.000000000000	1.000000000000	0.000000000000	0.000000000000	6000
3	8	0.374000000000	1.000000000000	3	0.000000000000	1.000000000000	0.000000000000	0.000000000000	6000
