# scan initial plane
# b 1.15
# r 0
# e -0.4
# p12 0.2
# ndiv 8
# n_reps 10
# A:(0,1),	A':(0,0.533),	B:(1,0),	B'=(0.533,0),	C:(1,1),	D:(0,0),	E:(0.308,0.308) 
# columns: ix iy x1_0 x2_0 rep x1_inf x2_inf sigma_1 sigma_2 t_relax
0	0	0.000000000000	0.000000000000	1	0.000000000000	0.000000000000	0.000000000000	0.000000000000	4000
0	0	0.000000000000	0.000000000000	2	0.000000000000	0.000000000000	0.000000000000	0.000000000000	4000
0	0	0.000000000000	0.000000000000	3	0.000000000000	0.000000000000	0.000000000000	0.000000000000	4000
0	0	0.000000000000	0.000000000000	4	0.000000000000	0.000000000000	0.000000000000	0.000000000000	4000
0	0	0.000000000000	0.000000000000	5	0.000000000000	0.000000000000	0.000000000000	0.000000000000	4000
0	0	0.000000000000	0.000000000000	6	0.000000000000	0.000000000000	0.000000000000	0.000000000000	4000
0	0	0.000000000000	0.000000000000	7	0.000000000000	0.000000000000	0.000000000000	0.000000000000	4000
0	0	0.000000000000	0.000000000000	8	0.000000000000	0.000000000000	0.000000000000	0.000000000000	4000
0	0	0.000000000000	0.000000000000	9	0.000000000000	0.000000000000	0.000000000000	0.000000000000	4000
0	0	0.000000000000	0.000000000000	10	0.000000000000	0.000000000000	0.000000000000	0.000000000000	4000
0	1	0.000000000000	0.124000000000	1	0.000000000000	0.660726000000	0.000000000000	0.010775575949	38000
0	1	0.000000000000	0.124000000000	2	0.000000000000	0.662410000000	0.000000000000	0.015354206318	40000
0	1	0.000000000000	0.124000000000	3	0.000000000000	0.650376000000	0.000000000000	0.010208370822	36000
0	1	0.000000000000	0.124000000000	4	0.000000000000	0.663904000000	0.000000000000	0.011528212510	12000
0	1	0.000000000000	0.124000000000	5	0.000000000000	0.675632000000	0.000000000000	0.010212584045	14000
0	1	0.000000000000	0.124000000000	6	0.000000000000	0.665200000000	0.000000000000	0.011039287380	28000
0	1	0.000000000000	0.124000000000	7	0.000000000000	0.657658000000	0.000000000000	0.011785157017	20000
0	1	0.000000000000	0.124000000000	8	0.000000000000	0.664202000000	0.000000000000	0.012605796369	78000
0	1	0.000000000000	0.124000000000	9	0.000000000000	0.650918000000	0.000000000000	0.010907256495	6000
0	1	0.000000000000	0.124000000000	10	0.000000000000	0.673212000000	0.000000000000	0.012630224803	18000
0	2	0.000000000000	0.250000000000	1	0.000000000000	0.652398000000	0.000000000000	0.013064466169	16000
0	2	0.000000000000	0.250000000000	2	0.000000000000	0.678550000000	0.000000000000	0.017271937350	14000
0	2	0.000000000000	0.250000000000	3	0.000000000000	0.660798000000	0.000000000000	0.011026548906	100000
0	2	0.000000000000	0.250000000000	4	0.000000000000	0.668880000000	0.000000000000	0.010307465442	40000
0	2	0.000000000000	0.250000000000	5	0.000000000000	0.665950000000	0.000000000000	0.015763565269	18000
0	2	0.000000000000	0.250000000000	6	0.000000000000	0.679486000000	0.000000000000	0.015608440903	8000
0	2	0.000000000000	0.250000000000	7	0.000000000000	0.688904000000	0.000000000000	0.012193911410	10000
0	2	0.000000000000	0.250000000000	8	0.000000000000	0.664204000000	0.000000000000	0.013678358143	6000
0	2	0.000000000000	0.250000000000	9	0.000000000000	0.646720000000	0.000000000000	0.012671628552	8000
0	2	0.000000000000	0.250000000000	10	0.000000000000	0.663680000000	0.000000000000	0.008678531956	38000
0	3	0.000000000000	0.374000000000	1	0.000000000000	0.676920000000	0.000000000000	0.011460058156	10000
0	3	0.000000000000	0.374000000000	2	0.000000000000	0.668196000000	0.000000000000	0.016449199377	20000
0	3	0.000000000000	0.374000000000	3	0.000000000000	0.654640000000	0.000000000000	0.011392637631	38000
0	3	0.000000000000	0.374000000000	4	0.000000000000	0.668044000000	0.000000000000	0.010069531243	6000
0	3	0.000000000000	0.374000000000	5	0.000000000000	0.670760000000	0.000000000000	0.011962503981	32000
0	3	0.000000000000	0.374000000000	6	0.000000000000	0.664788000000	0.000000000000	0.011901962557	24000
0	3	0.000000000000	0.374000000000	7	0.000000000000	0.660372000000	0.000000000000	0.012068440797	8000
0	3	0.000000000000	0.374000000000	8	0.000000000000	0.653852000000	0.000000000000	0.011886100091	18000
0	3	0.000000000000	0.374000000000	9	0.000000000000	0.651266000000	0.000000000000	0.011753271178	12000
0	3	0.000000000000	0.374000000000	10	0.000000000000	0.651076000000	0.000000000000	0.011748542559	28000
0	4	0.000000000000	0.500000000000	1	0.000000000000	0.673370000000	0.000000000000	0.008698664654	30000
0	4	0.000000000000	0.500000000000	2	0.000000000000	0.662146000000	0.000000000000	0.012408733242	84000
0	4	0.000000000000	0.500000000000	3	0.000000000000	0.660194000000	0.000000000000	0.013078279910	38000
0	4	0.000000000000	0.500000000000	4	0.000000000000	0.668214000000	0.000000000000	0.014637091530	18000
0	4	0.000000000000	0.500000000000	5	0.000000000000	0.651416000000	0.000000000000	0.010286922026	86000
0	4	0.000000000000	0.500000000000	6	0.000000000000	0.651066000000	0.000000000000	0.010365668868	26000
0	4	0.000000000000	0.500000000000	7	0.000000000000	0.678658000000	0.000000000000	0.013777403705	6000
0	4	0.000000000000	0.500000000000	8	0.000000000000	0.669340000000	0.000000000000	0.011997513923	24000
0	4	0.000000000000	0.500000000000	9	0.000000000000	0.692044000000	0.000000000000	0.012185341462	84000
0	4	0.000000000000	0.500000000000	10	0.000000000000	0.673506000000	0.000000000000	0.009586441669	44000
0	5	0.000000000000	0.624000000000	1	0.000000000000	0.654172000000	0.000000000000	0.011039034209	22000
0	5	0.000000000000	0.624000000000	2	0.000000000000	0.664022000000	0.000000000000	0.011163159594	52000
0	5	0.000000000000	0.624000000000	3	0.000000000000	0.666652000000	0.000000000000	0.014920238252	28000
0	5	0.000000000000	0.624000000000	4	0.000000000000	0.687280000000	0.000000000000	0.014342918787	4000
0	5	0.000000000000	0.624000000000	5	0.000000000000	0.666406000000	0.000000000000	0.009408064396	12000
0	5	0.000000000000	0.624000000000	6	0.000000000000	0.672248000000	0.000000000000	0.011207859390	26000
0	5	0.000000000000	0.624000000000	7	0.000000000000	0.662578000000	0.000000000000	0.011978204932	20000
0	5	0.000000000000	0.624000000000	8	0.000000000000	0.689096000000	0.000000000000	0.009368380359	20000
0	5	0.000000000000	0.624000000000	9	0.000000000000	0.664082000000	0.000000000000	0.014584443150	30000
0	5	0.000000000000	0.624000000000	10	0.000000000000	0.660838000000	0.000000000000	0.012132310124	32000
0	6	0.000000000000	0.750000000000	1	0.000000000000	0.671640000000	0.000000000000	0.011342268161	4000
0	6	0.000000000000	0.750000000000	2	0.000000000000	0.662642000000	0.000000000000	0.014910605694	58000
0	6	0.000000000000	0.750000000000	3	0.000000000000	0.684470000000	0.000000000000	0.011518149494	20000
0	6	0.000000000000	0.750000000000	4	0.000000000000	0.649720000000	0.000000000000	0.017270201500	34000
0	6	0.000000000000	0.750000000000	5	0.000000000000	0.658272000000	0.000000000000	0.013130210144	30000
0	6	0.000000000000	0.750000000000	6	0.000000000000	0.671186000000	0.000000000000	0.011620173511	22000
0	6	0.000000000000	0.750000000000	7	0.000000000000	0.674700000000	0.000000000000	0.010843411805	76000
0	6	0.000000000000	0.750000000000	8	0.000000000000	0.691476000000	0.000000000000	0.009447469433	6000
0	6	0.000000000000	0.750000000000	9	0.000000000000	0.685562000000	0.000000000000	0.010826697251	34000
0	6	0.000000000000	0.750000000000	10	0.000000000000	0.663274000000	0.000000000000	0.011766366107	40000
0	7	0.000000000000	0.874000000000	1	0.000000000000	0.675210000000	0.000000000000	0.012787158066	32000
0	7	0.000000000000	0.874000000000	2	0.000000000000	0.701526000000	0.000000000000	0.009050814397	10000
0	7	0.000000000000	0.874000000000	3	0.000000000000	0.664582000000	0.000000000000	0.012643778752	10000
0	7	0.000000000000	0.874000000000	4	0.000000000000	0.654284000000	0.000000000000	0.012217553463	10000
0	7	0.000000000000	0.874000000000	5	0.000000000000	0.684036000000	0.000000000000	0.009439905498	16000
0	7	0.000000000000	0.874000000000	6	0.000000000000	0.676808000000	0.000000000000	0.012288618561	10000
0	7	0.000000000000	0.874000000000	7	0.000000000000	0.670190000000	0.000000000000	0.009150061400	18000
0	7	0.000000000000	0.874000000000	8	0.000000000000	0.676196000000	0.000000000000	0.009503889094	44000
0	7	0.000000000000	0.874000000000	9	0.000000000000	0.682026000000	0.000000000000	0.010853991576	10000
0	7	0.000000000000	0.874000000000	10	0.000000000000	0.663902000000	0.000000000000	0.012756061818	54000
0	8	0.000000000000	1.000000000000	1	0.000000000000	1.000000000000	0.000000000000	0.000000000000	4000
0	8	0.000000000000	1.000000000000	2	0.000000000000	1.000000000000	0.000000000000	0.000000000000	4000
0	8	0.000000000000	1.000000000000	3	0.000000000000	1.000000000000	0.000000000000	0.000000000000	4000
0	8	0.000000000000	1.000000000000	4	0.000000000000	1.000000000000	0.000000000000	0.000000000000	4000
0	8	0.000000000000	1.000000000000	5	0.000000000000	1.000000000000	0.000000000000	0.000000000000	4000
0	8	0.000000000000	1.000000000000	6	0.000000000000	1.000000000000	0.000000000000	0.000000000000	4000
0	8	0.000000000000	1.000000000000	7	0.000000000000	1.000000000000	0.000000000000	0.000000000000	4000
0	8	0.000000000000	1.000000000000	8	0.000000000000	1.000000000000	0.000000000000	0.000000000000	4000
0	8	0.000000000000	1.000000000000	9	0.000000000000	1.000000000000	0.000000000000	0.000000000000	4000
0	8	0.000000000000	1.000000000000	10	0.000000000000	1.000000000000	0.000000000000	0.000000000000	4000
1	0	0.124000000000	0.000000000000	1	0.666560000000	0.000000000000	0.011716982875	0.000000000000	36000
1	0	0.124000000000	0.000000000000	2	0.669998000000	0.000000000000	0.013129523235	0.000000000000	12000
1	0	0.124000000000	0.000000000000	3	0.668642000000	0.000000000000	0.011253376137	0.000000000000	8000
1	0	0.124000000000	0.000000000000	4	0.676052000000	0.000000000000	0.013209533973	0.000000000000	90000
1	0	0.124000000000	0.000000000000	5	0.677082000000	0.000000000000	0.013982159232	0.000000000000	72000
1	0	0.124000000000	0.000000000000	6	0.675958000000	0.000000000000	0.013701896875	0.000000000000	40000
1	0	0.124000000000	0.000000000000	7	0.646422000000	0.000000000000	0.013468456308	0.000000000000	24000
1	0	0.124000000000	0.000000000000	8	0.693114000000	0.000000000000	0.008890109000	0.000000000000	38000
1	0	0.124000000000	0.000000000000	9	0.677096000000	0.000000000000	0.013801059860	0.000000000000	42000
1	0	0.124000000000	0.000000000000	10	0.675740000000	0.000000000000	0.014043133896	0.000000000000	90000
1	1	0.124000000000	0.124000000000	1	0.519442000000	0.160812000000	0.015345361388	0.012311467347	400000
1	1	0.124000000000	0.124000000000	2	0.481448000000	0.210524000000	0.028538074878	0.030490376959	36000
1	1	0.124000000000	0.124000000000	3	0.669074000000	0.000000000000	0.015001719087	0.000000000000	60000
1	1	0.124000000000	0.124000000000	4	0.686330000000	0.000000000000	0.010148008774	0.000000000000	302000
1	1	0.124000000000	0.124000000000	5	0.670468000000	0.000000000000	0.010962716687	0.000000000000	170000
1	1	0.124000000000	0.124000000000	6	0.339572000000	0.339044000000	0.015776238643	0.016554156702	42000
1	1	0.124000000000	0.124000000000	7	0.282022000000	0.396740000000	0.019638461884	0.015201430310	30000
1	1	0.124000000000	0.124000000000	8	0.419578000000	0.268884000000	0.019052057550	0.018414930183	298000
1	1	0.124000000000	0.124000000000	9	0.395828000000	0.289382000000	0.035035037746	0.031025161347	400000
1	1	0.124000000000	0.124000000000	10	0.349848000000	0.336134000000	0.013577969556	0.015191076750	400000
1	2	0.124000000000	0.250000000000	1	0.663512000000	0.000000000000	0.014760614206	0.000000000000	88000
1	2	0.124000000000	0.250000000000	2	0.231934000000	0.456800000000	0.010163805731	0.017672813254	114000
1	2	0.124000000000	0.250000000000	3	0.409110000000	0.273310000000	0.019672491121	0.021619141687	78000
1	2	0.124000000000	0.250000000000	4	0.525008000000	0.156012000000	0.015445338925	0.021098554571	56000
1	2	0.124000000000	0.250000000000	5	0.260158000000	0.427874000000	0.021157946372	0.025309854063	124000
1	2	0.124000000000	0.250000000000	6	0.430674000000	0.248002000000	0.015502969589	0.012136197233	72000
1	2	0.124000000000	0.250000000000	7	0.676534000000	0.000000000000	0.011183734614	0.000000000000	90000
1	2	0.124000000000	0.250000000000	8	0.380212000000	0.303640000000	0.030976161456	0.027692115363	212000
1	2	0.124000000000	0.250000000000	9	0.413616000000	0.274654000000	0.023951330030	0.024191434631	268000
1	2	0.124000000000	0.250000000000	10	0.342450000000	0.335690000000	0.027224670479	0.030383532696	114000
1	3	0.124000000000	0.374000000000	1	0.506080000000	0.171780000000	0.011039359921	0.016637921157	202000
1	3	0.124000000000	0.374000000000	2	0.675150000000	0.000000000000	0.014960257662	0.000000000000	108000
1	3	0.124000000000	0.374000000000	3	0.655122000000	0.000000000000	0.013838808786	0.000000000000	146000
1	3	0.124000000000	0.374000000000	4	0.272836000000	0.407340000000	0.014594042966	0.018073490284	192000
1	3	0.124000000000	0.374000000000	5	0.232796000000	0.444484000000	0.024758420050	0.027986228273	400000
1	3	0.124000000000	0.374000000000	6	0.384528000000	0.297728000000	0.024153024336	0.019432540741	120000
1	3	0.124000000000	0.374000000000	7	0.185432000000	0.489772000000	0.019911651108	0.017971950562	126000
1	3	0.124000000000	0.374000000000	8	0.296232000000	0.390194000000	0.032860584200	0.040393638237	230000
1	3	0.124000000000	0.374000000000	9	0.400098000000	0.283564000000	0.016010081784	0.019890639546	400000
1	3	0.124000000000	0.374000000000	10	0.334374000000	0.348418000000	0.053317566401	0.051472698732	156000
1	4	0.124000000000	0.500000000000	1	0.668282000000	0.000000000000	0.009890920397	0.000000000000	146000
1	4	0.124000000000	0.500000000000	2	0.659840000000	0.000000000000	0.009709617741	0.000000000000	84000
1	4	0.124000000000	0.500000000000	3	0.265100000000	0.421134000000	0.020205104460	0.027145956365	78000
1	4	0.124000000000	0.500000000000	4	0.436264000000	0.245098000000	0.023594215202	0.023896640882	400000
1	4	0.124000000000	0.500000000000	5	0.000000000000	0.671172000000	0.000000000000	0.014441432442	30000
1	4	0.124000000000	0.500000000000	6	0.343322000000	0.349258000000	0.015538396241	0.011627064317	56000
1	4	0.124000000000	0.500000000000	7	0.667872000000	0.000000000000	0.012561744043	0.000000000000	138000
1	4	0.124000000000	0.500000000000	8	0.549474000000	0.136954000000	0.014796021298	0.018446521573	400000
1	4	0.124000000000	0.500000000000	9	0.239354000000	0.442642000000	0.027140583916	0.028184573905	400000
1	4	0.124000000000	0.500000000000	10	0.420124000000	0.266850000000	0.015367132874	0.018851760896	274000
1	5	0.124000000000	0.624000000000	1	0.000000000000	0.672430000000	0.000000000000	0.012796204236	78000
1	5	0.124000000000	0.624000000000	2	0.433778000000	0.258684000000	0.023644571931	0.020221103754	400000
1	5	0.124000000000	0.624000000000	3	0.674934000000	0.000000000000	0.011490503717	0.000000000000	58000
1	5	0.124000000000	0.624000000000	4	0.000000000000	0.686890000000	0.000000000000	0.010769209622	32000
1	5	0.124000000000	0.624000000000	5	0.000000000000	0.669248000000	0.000000000000	0.012069306698	18000
1	5	0.124000000000	0.624000000000	6	0.679682000000	0.000000000000	0.020303179433	0.000000000000	72000
1	5	0.124000000000	0.624000000000	7	0.672352000000	0.000000000000	0.013153292558	0.000000000000	356000
1	5	0.124000000000	0.624000000000	8	0.553104000000	0.128104000000	0.027882873572	0.018142059374	400000
1	5	0.124000000000	0.624000000000	9	0.325176000000	0.362640000000	0.018500575540	0.015482315786	268000
1	5	0.124000000000	0.624000000000	10	0.446158000000	0.241236000000	0.015364866258	0.015396797244	40000
1	6	0.124000000000	0.750000000000	1	0.270278000000	0.421138000000	0.029208146669	0.030154971038	52000
1	6	0.124000000000	0.750000000000	2	0.452008000000	0.231394000000	0.017998552272	0.014432638881	126000
1	6	0.124000000000	0.750000000000	3	0.366050000000	0.322158000000	0.019565896972	0.015285964042	400000
1	6	0.124000000000	0.750000000000	4	0.506452000000	0.172000000000	0.015710203898	0.019744311531	96000
1	6	0.124000000000	0.750000000000	5	0.000000000000	0.683396000000	0.000000000000	0.014868498790	12000
1	6	0.124000000000	0.750000000000	6	0.311132000000	0.372962000000	0.014370423970	0.019147981648	400000
1	6	0.124000000000	0.750000000000	7	0.568592000000	0.114010000000	0.016903468971	0.011671680604	128000
1	6	0.124000000000	0.750000000000	8	0.000000000000	0.675394000000	0.000000000000	0.013016227802	16000
1	6	0.124000000000	0.750000000000	9	0.357568000000	0.327368000000	0.032478858543	0.031984614920	400000
1	6	0.124000000000	0.750000000000	10	0.000000000000	0.671820000000	0.000000000000	0.010803161959	62000
1	7	0.124000000000	0.874000000000	1	0.000000000000	0.669782000000	0.000000000000	0.009694661545	80000
1	7	0.124000000000	0.874000000000	2	0.534928000000	0.147282000000	0.014243795200	0.010781684503	34000
1	7	0.124000000000	0.874000000000	3	0.000000000000	0.684602000000	0.000000000000	0.008075816666	14000
1	7	0.124000000000	0.874000000000	4	0.682470000000	0.000000000000	0.014210173434	0.000000000000	76000
1	7	0.124000000000	0.874000000000	5	0.313138000000	0.374270000000	0.013236168333	0.015317105265	114000
1	7	0.124000000000	0.874000000000	6	0.000000000000	0.685240000000	0.000000000000	0.011353911718	18000
1	7	0.124000000000	0.874000000000	7	0.684698000000	0.000000000000	0.011585984250	0.000000000000	178000
1	7	0.124000000000	0.874000000000	8	0.337184000000	0.335994000000	0.027699772949	0.025244588593	74000
1	7	0.124000000000	0.874000000000	9	0.326752000000	0.354494000000	0.030674279248	0.033487092280	400000
1	7	0.124000000000	0.874000000000	10	0.452650000000	0.233182000000	0.019942397027	0.024183956247	400000
1	8	0.124000000000	1.000000000000	1	0.000000000000	1.000000000000	0.000000000000	0.000000000000	6000
1	8	0.124000000000	1.000000000000	2	0.000000000000	1.000000000000	0.000000000000	0.000000000000	6000
1	8	0.124000000000	1.000000000000	3	0.000000000000	1.000000000000	0.000000000000	0.000000000000	6000
1	8	0.124000000000	1.000000000000	4	0.000000000000	1.000000000000	0.000000000000	0.000000000000	6000
1	8	0.124000000000	1.000000000000	5	0.000000000000	1.000000000000	0.000000000000	0.000000000000	6000
1	8	0.124000000000	1.000000000000	6	0.000000000000	1.000000000000	0.000000000000	0.000000000000	6000
1	8	0.124000000000	1.000000000000	7	0.000000000000	1.000000000000	0.000000000000	0.000000000000	6000
1	8	0.124000000000	1.000000000000	8	0.000000000000	1.000000000000	0.000000000000	0.000000000000	6000
1	8	0.124000000000	1.000000000000	9	0.000000000000	1.000000000000	0.000000000000	0.000000000000	6000
1	8	0.124000000000	1.000000000000	10	0.000000000000	1.000000000000	0.000000000000	0.000000000000	6000
2	0	0.250000000000	0.000000000000	1	0.674202000000	0.000000000000	0.012070994363	0.000000000000	12000
2	0	0.250000000000	0.000000000000	2	0.655758000000	0.000000000000	0.015989530984	0.000000000000	50000
2	0	0.250000000000	0.000000000000	3	0.678914000000	0.000000000000	0.011153340352	0.000000000000	40000
2	0	0.250000000000	0.000000000000	4	0.674254000000	0.000000000000	0.012549461063	0.000000000000	48000
2	0	0.250000000000	0.000000000000	5	0.669778000000	0.000000000000	0.011614198449	0.000000000000	38000
2	0	0.250000000000	0.000000000000	6	0.679778000000	0.000000000000	0.015517071099	0.000000000000	106000
2	0	0.250000000000	0.000000000000	7	0.665100000000	0.000000000000	0.015500395552	0.000000000000	14000
2	0	0.250000000000	0.000000000000	8	0.667736000000	0.000000000000	0.013084246310	0.000000000000	16000
2	0	0.250000000000	0.000000000000	9	0.678606000000	0.000000000000	0.012719062015	0.000000000000	8000
2	0	0.250000000000	0.000000000000	10	0.691176000000	0.000000000000	0.015578308885	0.000000000000	46000
2	1	0.250000000000	0.124000000000	1	0.256436000000	0.441020000000	0.021985387449	0.025064153922	16000
2	1	0.250000000000	0.124000000000	2	0.369472000000	0.312982000000	0.027193762460	0.031308335757	284000
2	1	0.250000000000	0.124000000000	3	0.382834000000	0.302264000000	0.021175950153	0.019714536945	400000
2	1	0.250000000000	0.124000000000	4	0.372266000000	0.306420000000	0.018096539137	0.015457507384	400000
2	1	0.250000000000	0.124000000000	5	0.380010000000	0.303138000000	0.011856495118	0.012542179327	400000
2	1	0.250000000000	0.124000000000	6	0.669030000000	0.000000000000	0.010653102299	0.000000000000	80000
2	1	0.250000000000	0.124000000000	7	0.668394000000	0.000000000000	0.011650944533	0.000000000000	208000
2	1	0.250000000000	0.124000000000	8	0.683520000000	0.000000000000	0.010988099851	0.000000000000	66000
2	1	0.250000000000	0.124000000000	9	0.388012000000	0.298834000000	0.020462907579	0.018723755580	270000
2	1	0.250000000000	0.124000000000	10	0.557678000000	0.116338000000	0.029932394897	0.033804977925	74000
2	2	0.250000000000	0.250000000000	1	0.666796000000	0.000000000000	0.009597212642	0.000000000000	302000
2	2	0.250000000000	0.250000000000	2	0.667588000000	0.000000000000	0.013041485204	0.000000000000	244000
2	2	0.250000000000	0.250000000000	3	0.661620000000	0.000000000000	0.011236630361	0.000000000000	46000
2	2	0.250000000000	0.250000000000	4	0.247634000000	0.426908000000	0.020178732002	0.020608159361	8000
2	2	0.250000000000	0.250000000000	5	0.000000000000	0.677458000000	0.000000000000	0.009725266928	266000
2	2	0.250000000000	0.250000000000	6	0.429112000000	0.251084000000	0.018291255452	0.024799676771	28000
2	2	0.250000000000	0.250000000000	7	0.416024000000	0.251376000000	0.026790691763	0.023661159618	102000
2	2	0.250000000000	0.250000000000	8	0.679450000000	0.000000000000	0.013353644440	0.000000000000	308000
2	2	0.250000000000	0.250000000000	9	0.208234000000	0.477726000000	0.023349656324	0.030078058674	56000
2	2	0.250000000000	0.250000000000	10	0.445816000000	0.244488000000	0.013715475138	0.017922809018	68000
2	3	0.250000000000	0.374000000000	1	0.302352000000	0.381930000000	0.022586239931	0.022880616745	398000
2	3	0.250000000000	0.374000000000	2	0.634540000000	0.044542000000	0.014199648940	0.016370040141	400000
2	3	0.250000000000	0.374000000000	3	0.467304000000	0.218708000000	0.012330272488	0.009674726680	180000
2	3	0.250000000000	0.374000000000	4	0.680376000000	0.000000000000	0.013118182447	0.000000000000	66000
2	3	0.250000000000	0.374000000000	5	0.368758000000	0.327266000000	0.029371075842	0.029454453124	400000
2	3	0.250000000000	0.374000000000	6	0.359826000000	0.321990000000	0.016905724697	0.020060865842	134000
2	3	0.250000000000	0.374000000000	7	0.685892000000	0.000000000000	0.010273357673	0.000000000000	110000
2	3	0.250000000000	0.374000000000	8	0.452380000000	0.229368000000	0.026864126289	0.026009942197	400000
2	3	0.250000000000	0.374000000000	9	0.368606000000	0.321862000000	0.026499565864	0.031038368777	400000
2	3	0.250000000000	0.374000000000	10	0.669404000000	0.000000000000	0.013173090538	0.000000000000	278000
2	4	0.250000000000	0.500000000000	1	0.346066000000	0.336084000000	0.020593779346	0.019721812642	220000
2	4	0.250000000000	0.500000000000	2	0.315034000000	0.366308000000	0.021795823038	0.018984033542	124000
2	4	0.250000000000	0.500000000000	3	0.000000000000	0.656730000000	0.000000000000	0.012938257166	100000
2	4	0.250000000000	0.500000000000	4	0.321594000000	0.353028000000	0.014616593612	0.020735215580	224000
2	4	0.250000000000	0.500000000000	5	0.682514000000	0.000000000000	0.010904802553	0.000000000000	98000
2	4	0.250000000000	0.500000000000	6	0.661994000000	0.000000000000	0.012666033017	0.000000000000	340000
2	4	0.250000000000	0.500000000000	7	0.313118000000	0.373926000000	0.013866013931	0.015075602734	170000
2	4	0.250000000000	0.500000000000	8	0.679628000000	0.000000000000	0.010929825116	0.000000000000	306000
2	4	0.250000000000	0.500000000000	9	0.666064000000	0.000000000000	0.011730878804	0.000000000000	322000
2	4	0.250000000000	0.500000000000	10	0.655142000000	0.000000000000	0.011369305040	0.000000000000	212000
2	5	0.250000000000	0.624000000000	1	0.351868000000	0.334758000000	0.028097901489	0.027719556450	98000
2	5	0.250000000000	0.624000000000	2	0.301214000000	0.375858000000	0.012719276079	0.015491411163	400000
2	5	0.250000000000	0.624000000000	3	0.410386000000	0.272810000000	0.037337502502	0.038292011937	118000
2	5	0.250000000000	0.624000000000	4	0.000000000000	0.686352000000	0.000000000000	0.017286726900	120000
2	5	0.250000000000	0.624000000000	5	0.334808000000	0.338944000000	0.013067129979	0.014189792606	90000
2	5	0.250000000000	0.624000000000	6	0.672170000000	0.000000000000	0.011031990065	0.000000000000	94000
2	5	0.250000000000	0.624000000000	7	0.248732000000	0.436424000000	0.014969310480	0.016356275608	400000
2	5	0.250000000000	0.624000000000	8	0.675390000000	0.000000000000	0.013890747023	0.000000000000	82000
2	5	0.250000000000	0.624000000000	9	0.326464000000	0.353652000000	0.021710828268	0.025661672148	320000
2	5	0.250000000000	0.624000000000	10	0.439144000000	0.249012000000	0.039899313518	0.031283902227	326000
2	6	0.250000000000	0.750000000000	1	0.000000000000	0.675006000000	0.000000000000	0.012068538172	74000
2	6	0.250000000000	0.750000000000	2	0.377392000000	0.304616000000	0.020851309626	0.018817402548	228000
2	6	0.250000000000	0.750000000000	3	0.296576000000	0.388224000000	0.023172509342	0.021995673066	400000
2	6	0.250000000000	0.750000000000	4	0.526392000000	0.156432000000	0.018797012094	0.033420866690	130000
2	6	0.250000000000	0.750000000000	5	0.656926000000	0.000000000000	0.012174347569	0.000000000000	362000
2	6	0.250000000000	0.750000000000	6	0.381480000000	0.300654000000	0.014634745497	0.014035001434	206000
2	6	0.250000000000	0.750000000000	7	0.375330000000	0.312714000000	0.014039665673	0.012178773605	50000
2	6	0.250000000000	0.750000000000	8	0.429626000000	0.249266000000	0.016464239891	0.019870885639	20000
2	6	0.250000000000	0.750000000000	9	0.180452000000	0.508002000000	0.018003995108	0.015133043481	10000
2	6	0.250000000000	0.750000000000	10	0.405402000000	0.276406000000	0.027074035521	0.026572490686	180000
2	7	0.250000000000	0.874000000000	1	0.000000000000	0.684572000000	0.000000000000	0.010132693990	10000
2	7	0.250000000000	0.874000000000	2	0.000000000000	0.682436000000	0.000000000000	0.014078924679	20000
2	7	0.250000000000	0.874000000000	3	0.303052000000	0.379492000000	0.023111976537	0.020410549393	316000
2	7	0.250000000000	0.874000000000	4	0.490832000000	0.189106000000	0.011421305627	0.012332917938	14000
2	7	0.250000000000	0.874000000000	5	0.000000000000	0.664876000000	0.000000000000	0.011759715767	46000
2	7	0.250000000000	0.874000000000	6	0.190822000000	0.491406000000	0.034207988870	0.037512162379	182000
2	7	0.250000000000	0.874000000000	7	0.692694000000	0.000000000000	0.012782400156	0.000000000000	146000
2	7	0.250000000000	0.874000000000	8	0.424304000000	0.255858000000	0.012477149645	0.015489084794	28000
2	7	0.250000000000	0.874000000000	9	0.440140000000	0.235962000000	0.030407120761	0.027003179956	400000
2	7	0.250000000000	0.874000000000	10	0.682290000000	0.000000000000	0.009895545555	0.000000000000	378000
2	8	0.250000000000	1.000000000000	1	0.000000000000	1.000000000000	0.000000000000	0.000000000000	6000
2	8	0.250000000000	1.000000000000	2	0.000000000000	1.000000000000	0.000000000000	0.000000000000	6000
2	8	0.250000000000	1.000000000000	3	0.000000000000	1.000000000000	0.000000000000	0.000000000000	6000
2	8	0.250000000000	1.000000000000	4	0.000000000000	1.000000000000	0.000000000000	0.000000000000	6000
2	8	0.250000000000	1.000000000000	5	0.000000000000	1.000000000000	0.000000000000	0.000000000000	6000
2	8	0.250000000000	1.000000000000	6	0.000000000000	1.000000000000	0.000000000000	0.000000000000	6000
2	8	0.250000000000	1.000000000000	7	0.000000000000	1.000000000000	0.000000000000	0.000000000000	6000
2	8	0.250000000000	1.000000000000	8	0.000000000000	1.000000000000	0.000000000000	0.000000000000	6000
2	8	0.250000000000	1.000000000000	9	0.000000000000	1.000000000000	0.000000000000	0.000000000000	6000
2	8	0.250000000000	1.000000000000	10	0.000000000000	1.000000000000	0.000000000000	0.000000000000	6000
3	0	0.374000000000	0.000000000000	1	0.678254000000	0.000000000000	0.011276996704	0.000000000000	30000
3	0	0.374000000000	0.000000000000	2	0.668642000000	0.000000000000	0.016059444005	0.000000000000	40000
3	0	0.374000000000	0.000000000000	3	0.669448000000	0.000000000000	0.011173009090	0.000000000000	24000
3	0	0.374000000000	0.000000000000	4	0.668016000000	0.000000000000	0.019971143948	0.000000000000	28000
3	0	0.374000000000	0.000000000000	5	0.676582000000	0.000000000000	0.016782697487	0.000000000000	18000
3	0	0.374000000000	0.000000000000	6	0.666638000000	0.000000000000	0.013455482377	0.000000000000	12000
3	0	0.374000000000	0.000000000000	7	0.667820000000	0.000000000000	0.012347309669	0.000000000000	10000
3	0	0.374000000000	0.000000000000	8	0.667728000000	0.000000000000	0.011558703198	0.000000000000	20000
3	0	0.374000000000	0.000000000000	9	0.669610000000	0.000000000000	0.010646936520	0.000000000000	4000
3	0	0.374000000000	0.000000000000	10	0.696934000000	0.000000000000	0.013477139061	0.000000000000	12000
3	1	0.374000000000	0.124000000000	1	0.257844000000	0.419852000000	0.013641178312	0.012705728296	400000
3	1	0.374000000000	0.124000000000	2	0.470934000000	0.217698000000	0.028667638157	0.024081958740	242000
3	1	0.374000000000	0.124000000000	3	0.266954000000	0.417270000000	0.023762713451	0.028031997661	46000
3	1	0.374000000000	0.124000000000	4	0.657606000000	0.000000000000	0.011652662724	0.000000000000	54000
3	1	0.374000000000	0.124000000000	5	0.439954000000	0.244458000000	0.028244213914	0.029377700476	4000
3	1	0.374000000000	0.124000000000	6	0.436718000000	0.247960000000	0.020862303605	0.017941245450	110000
3	1	0.374000000000	0.124000000000	7	0.170064000000	0.507160000000	0.014532690842	0.015873574593	400000
3	1	0.374000000000	0.124000000000	8	0.654676000000	0.000000000000	0.012312539243	0.000000000000	228000
3	1	0.374000000000	0.124000000000	9	0.319868000000	0.373754000000	0.029890935817	0.024406293269	400000
3	1	0.374000000000	0.124000000000	10	0.674806000000	0.000000000000	0.009238599229	0.000000000000	292000
3	2	0.374000000000	0.250000000000	1	0.432186000000	0.252912000000	0.021992841769	0.017858308295	400000
3	2	0.374000000000	0.250000000000	2	0.671972000000	0.000000000000	0.013304744726	0.000000000000	114000
3	2	0.374000000000	0.250000000000	3	0.000000000000	0.687674000000	0.000000000000	0.011330759467	320000
3	2	0.374000000000	0.250000000000	4	0.637098000000	0.046684000000	0.012877430808	0.009288833427	86000
3	2	0.374000000000	0.250000000000	5	0.664878000000	0.000000000000	0.011645803568	0.000000000000	46000
3	2	0.374000000000	0.250000000000	6	0.671202000000	0.000000000000	0.010619603193	0.000000000000	128000
3	2	0.374000000000	0.250000000000	7	0.406390000000	0.283324000000	0.021294914261	0.022058957854	106000
3	2	0.374000000000	0.250000000000	8	0.493486000000	0.198518000000	0.011874375975	0.013562581599	32000
3	2	0.374000000000	0.250000000000	9	0.349076000000	0.341074000000	0.014914444833	0.012192751420	400000
3	2	0.374000000000	0.250000000000	10	0.311390000000	0.376908000000	0.020406085080	0.019564618839	50000
3	3	0.374000000000	0.374000000000	1	0.511518000000	0.188832000000	0.021990344501	0.021471674569	80000
3	3	0.374000000000	0.374000000000	2	0.474798000000	0.206428000000	0.021191325307	0.015884745549	400000
3	3	0.374000000000	0.374000000000	3	0.134680000000	0.538786000000	0.028427200103	0.023274533463	116000
3	3	0.374000000000	0.374000000000	4	0.431138000000	0.256392000000	0.025391054757	0.022187984195	64000
3	3	0.374000000000	0.374000000000	5	0.320158000000	0.361128000000	0.016671201665	0.019160551734	400000
3	3	0.374000000000	0.374000000000	6	0.000000000000	0.675458000000	0.000000000000	0.013721899523	112000
3	3	0.374000000000	0.374000000000	7	0.656618000000	0.000000000000	0.016495519943	0.000000000000	202000
3	3	0.374000000000	0.374000000000	8	0.435616000000	0.246974000000	0.019785752956	0.017683665797	6000
3	3	0.374000000000	0.374000000000	9	0.435540000000	0.242924000000	0.017803633600	0.018424268715	138000
3	3	0.374000000000	0.374000000000	10	0.000000000000	0.674266000000	0.000000000000	0.008066120896	112000
3	4	0.374000000000	0.500000000000	1	0.344308000000	0.343648000000	0.016798193811	0.014215701959	400000
3	4	0.374000000000	0.500000000000	2	0.249434000000	0.434938000000	0.028597437953	0.030808331816	80000
3	4	0.374000000000	0.500000000000	3	0.689888000000	0.000000000000	0.011855463214	0.000000000000	120000
3	4	0.374000000000	0.500000000000	4	0.561916000000	0.101008000000	0.016965163152	0.010034970684	400000
3	4	0.374000000000	0.500000000000	5	0.290670000000	0.404692000000	0.024787285239	0.021277731972	62000
3	4	0.374000000000	0.500000000000	6	0.674324000000	0.000000000000	0.013419504727	0.000000000000	272000
3	4	0.374000000000	0.500000000000	7	0.255784000000	0.428072000000	0.023800668390	0.026538181759	20000
3	4	0.374000000000	0.500000000000	8	0.355804000000	0.326786000000	0.020159960516	0.018307194142	210000
3	4	0.374000000000	0.500000000000	9	0.407974000000	0.268924000000	0.021907698904	0.021262886312	400000
3	4	0.374000000000	0.500000000000	10	0.673564000000	0.000000000000	0.009503905946	0.000000000000	172000
3	5	0.374000000000	0.624000000000	1	0.453908000000	0.231150000000	0.035877886766	0.032771748313	400000
3	5	0.374000000000	0.624000000000	2	0.667886000000	0.000000000000	0.012206063739	0.000000000000	62000
3	5	0.374000000000	0.624000000000	3	0.261028000000	0.426654000000	0.030420858710	0.029315724376	46000
3	5	0.374000000000	0.624000000000	4	0.402398000000	0.284934000000	0.021547851538	0.023227551812	126000
3	5	0.374000000000	0.624000000000	5	0.361128000000	0.324004000000	0.019109704257	0.016133079689	46000
3	5	0.374000000000	0.624000000000	6	0.188622000000	0.498568000000	0.018281557136	0.016000668655	52000
3	5	0.374000000000	0.624000000000	7	0.667038000000	0.000000000000	0.011919926201	0.000000000000	102000
3	5	0.374000000000	0.624000000000	8	0.557392000000	0.129070000000	0.016446422736	0.013334350562	400000
3	5	0.374000000000	0.624000000000	9	0.229760000000	0.449166000000	0.020419582742	0.021764883509	234000
3	5	0.374000000000	0.624000000000	10	0.658224000000	0.000000000000	0.010907832269	0.000000000000	238000
3	6	0.374000000000	0.750000000000	1	0.391238000000	0.297704000000	0.015640843711	0.018062963618	400000
3	6	0.374000000000	0.750000000000	2	0.333084000000	0.346380000000	0.016767172752	0.018850436041	118000
3	6	0.374000000000	0.750000000000	3	0.296760000000	0.379032000000	0.016032199831	0.015152708688	400000
3	6	0.374000000000	0.750000000000	4	0.675096000000	0.000000000000	0.010344553823	0.000000000000	330000
3	6	0.374000000000	0.750000000000	5	0.480142000000	0.210592000000	0.012757216882	0.015080482650	400000
3	6	0.374000000000	0.750000000000	6	0.200474000000	0.486106000000	0.028238710111	0.028817897828	122000
3	6	0.374000000000	0.750000000000	7	0.490160000000	0.191414000000	0.017035275184	0.014064509036	66000
3	6	0.374000000000	0.750000000000	8	0.336204000000	0.346794000000	0.038831459749	0.041805852381	62000
3	6	0.374000000000	0.750000000000	9	0.448352000000	0.248118000000	0.011778575076	0.011745979910	332000
3	6	0.374000000000	0.750000000000	10	0.322352000000	0.368390000000	0.022293252008	0.024665366007	68000
3	7	0.374000000000	0.874000000000	1	0.345340000000	0.344478000000	0.022678242937	0.021281457103	30000
3	7	0.374000000000	0.874000000000	2	0.000000000000	0.688226000000	0.000000000000	0.011628936158	20000
3	7	0.374000000000	0.874000000000	3	0.349782000000	0.341092000000	0.039514122056	0.037477728268	164000
3	7	0.374000000000	0.874000000000	4	0.486598000000	0.194322000000	0.016994799770	0.019468521755	220000
3	7	0.374000000000	0.874000000000	5	0.509360000000	0.180432000000	0.012853778418	0.013281482364	148000
3	7	0.374000000000	0.874000000000	6	0.313680000000	0.381074000000	0.023773573202	0.015946435740	180000
3	7	0.374000000000	0.874000000000	7	0.662226000000	0.000000000000	0.012864152145	0.000000000000	236000
3	7	0.374000000000	0.874000000000	8	0.446336000000	0.232370000000	0.011724186989	0.012133850598	262000
3	7	0.374000000000	0.874000000000	9	0.000000000000	0.670298000000	0.000000000000	0.010640131973	14000
3	7	0.374000000000	0.874000000000	10	0.000000000000	0.684188000000	0.000000000000	0.015373255771	22000
3	8	0.374000000000	1.000000000000	1	0.000000000000	1.000000000000	0.000000000000	0.000000000000	6000
3	8	0.374000000000	1.000000000000	2	0.000000000000	1.000000000000	0.000000000000	0.000000000000	6000
3	8	0.374000000000	1.000000000000	3	0.000000000000	1.000000000000	0.000000000000	0.000000000000	6000
3	8	0.374000000000	1.000000000000	4	0.000000000000	1.000000000000	0.000000000000	0.000000000000	6000
3	8	0.374000000000	1.000000000000	5	0.000000000000	1.000000000000	0.000000000000	0.000000000000	6000
3	8	0.374000000000	1.000000000000	6	0.000000000000	1.000000000000	0.000000000000	0.000000000000	8000
3	8	0.374000000000	1.000000000000	7	0.000000000000	1.000000000000	0.000000000000	0.000000000000	6000
3	8	0.374000000000	1.000000000000	8	0.000000000000	1.000000000000	0.000000000000	0.000000000000	6000
3	8	0.374000000000	1.000000000000	9	0.000000000000	1.000000000000	0.000000000000	0.000000000000	6000
3	8	0.374000000000	1.000000000000	10	0.000000000000	1.000000000000	0.000000000000	0.000000000000	6000
4	0	0.500000000000	0.000000000000	1	0.648476000000	0.000000000000	0.010775970747	0.000000000000	4000
4	0	0.500000000000	0.000000000000	2	0.663728000000	0.000000000000	0.011127706046	0.000000000000	52000
4	0	0.500000000000	0.000000000000	3	0.671358000000	0.000000000000	0.010384781157	0.000000000000	8000
4	0	0.500000000000	0.000000000000	4	0.685644000000	0.000000000000	0.011566808335	0.000000000000	14000
4	0	0.500000000000	0.000000000000	5	0.666952000000	0.000000000000	0.012121742145	0.000000000000	16000
4	0	0.500000000000	0.000000000000	6	0.672344000000	0.000000000000	0.012863869680	0.000000000000	22000
4	0	0.500000000000	0.000000000000	7	0.684218000000	0.000000000000	0.011896301862	0.000000000000	32000
4	0	0.500000000000	0.000000000000	8	0.674958000000	0.000000000000	0.013533861289	0.000000000000	44000
4	0	0.500000000000	0.000000000000	9	0.681936000000	0.000000000000	0.011023494066	0.000000000000	16000
4	0	0.500000000000	0.000000000000	10	0.683206000000	0.000000000000	0.014557798374	0.000000000000	48000
4	1	0.500000000000	0.124000000000	1	0.000000000000	0.690098000000	0.000000000000	0.011037219587	96000
4	1	0.500000000000	0.124000000000	2	0.381046000000	0.301558000000	0.015107419307	0.012165057527	400000
4	1	0.500000000000	0.124000000000	3	0.397180000000	0.278798000000	0.009853359259	0.011251924360	178000
4	1	0.500000000000	0.124000000000	4	0.347198000000	0.337976000000	0.017377190877	0.018851493384	166000
4	1	0.500000000000	0.124000000000	5	0.617436000000	0.042618000000	0.016166361844	0.014213518217	60000
4	1	0.500000000000	0.124000000000	6	0.328882000000	0.358688000000	0.034991005222	0.033693529199	400000
4	1	0.500000000000	0.124000000000	7	0.233412000000	0.456746000000	0.021268817988	0.028410678462	352000
4	1	0.500000000000	0.124000000000	8	0.155458000000	0.524450000000	0.016892234417	0.021606395728	400000
4	1	0.500000000000	0.124000000000	9	0.451754000000	0.232794000000	0.027901002669	0.026169340809	24000
4	1	0.500000000000	0.124000000000	10	0.498968000000	0.191080000000	0.028534280807	0.025622062565	400000
4	2	0.500000000000	0.250000000000	1	0.460084000000	0.227720000000	0.017776528034	0.016807262837	18000
4	2	0.500000000000	0.250000000000	2	0.669470000000	0.000000000000	0.010136362555	0.000000000000	264000
4	2	0.500000000000	0.250000000000	3	0.667982000000	0.000000000000	0.013242168668	0.000000000000	60000
4	2	0.500000000000	0.250000000000	4	0.355844000000	0.333822000000	0.020709334623	0.025269801718	62000
4	2	0.500000000000	0.250000000000	5	0.666008000000	0.000000000000	0.008671050866	0.000000000000	38000
4	2	0.500000000000	0.250000000000	6	0.382808000000	0.300088000000	0.017368730777	0.016082378521	400000
4	2	0.500000000000	0.250000000000	7	0.658782000000	0.000000000000	0.014119200679	0.000000000000	238000
4	2	0.500000000000	0.250000000000	8	0.371844000000	0.317496000000	0.016184610147	0.017418650734	400000
4	2	0.500000000000	0.250000000000	9	0.569122000000	0.102432000000	0.015808447837	0.014358953846	156000
4	2	0.500000000000	0.250000000000	10	0.320730000000	0.368668000000	0.022004620045	0.018809454313	106000
4	3	0.500000000000	0.374000000000	1	0.326212000000	0.358650000000	0.018493270588	0.021690827370	10000
4	3	0.500000000000	0.374000000000	2	0.520108000000	0.155270000000	0.024240625898	0.020233449842	96000
4	3	0.500000000000	0.374000000000	3	0.573644000000	0.101578000000	0.018990363290	0.017054406139	400000
4	3	0.500000000000	0.374000000000	4	0.374412000000	0.309342000000	0.019785189150	0.020773313808	138000
4	3	0.500000000000	0.374000000000	5	0.444286000000	0.252760000000	0.020737025540	0.013020904114	10000
4	3	0.500000000000	0.374000000000	6	0.383994000000	0.290374000000	0.022715632590	0.020146016628	220000
4	3	0.500000000000	0.374000000000	7	0.370728000000	0.318214000000	0.015500396068	0.010481797178	244000
4	3	0.500000000000	0.374000000000	8	0.675124000000	0.000000000000	0.013638277993	0.000000000000	300000
4	3	0.500000000000	0.374000000000	9	0.334850000000	0.352666000000	0.021050715727	0.022061894098	52000
4	3	0.500000000000	0.374000000000	10	0.375966000000	0.304742000000	0.018929373079	0.012463417379	400000
4	4	0.500000000000	0.500000000000	1	0.668942000000	0.000000000000	0.014161821676	0.000000000000	78000
4	4	0.500000000000	0.500000000000	2	0.436344000000	0.237384000000	0.021855510228	0.018018690774	240000
4	4	0.500000000000	0.500000000000	3	0.671714000000	0.000000000000	0.013336718940	0.000000000000	400000
4	4	0.500000000000	0.500000000000	4	0.307186000000	0.385488000000	0.015023951648	0.015542052999	118000
4	4	0.500000000000	0.500000000000	5	0.531314000000	0.159966000000	0.020783583939	0.020038272789	138000
4	4	0.500000000000	0.500000000000	6	0.257238000000	0.423094000000	0.020143612415	0.017256678619	224000
4	4	0.500000000000	0.500000000000	7	0.534880000000	0.142074000000	0.017797706548	0.010889495172	54000
4	4	0.500000000000	0.500000000000	8	0.385886000000	0.293014000000	0.026618105258	0.022804908855	124000
4	4	0.500000000000	0.500000000000	9	0.673870000000	0.000000000000	0.011291527735	0.000000000000	208000
4	4	0.500000000000	0.500000000000	10	0.168276000000	0.513546000000	0.015498775308	0.010920675123	282000
4	5	0.500000000000	0.624000000000	1	0.258522000000	0.430854000000	0.015900450948	0.018288826238	162000
4	5	0.500000000000	0.624000000000	2	0.371244000000	0.316596000000	0.018840366860	0.022796062038	50000
4	5	0.500000000000	0.624000000000	3	0.574910000000	0.095502000000	0.016899867026	0.011749299640	400000
4	5	0.500000000000	0.624000000000	4	0.671576000000	0.000000000000	0.010994048076	0.000000000000	218000
4	5	0.500000000000	0.624000000000	5	0.293054000000	0.390652000000	0.016106908968	0.022204051791	400000
4	5	0.500000000000	0.624000000000	6	0.392376000000	0.290542000000	0.016122237765	0.019042290956	46000
4	5	0.500000000000	0.624000000000	7	0.683538000000	0.000000000000	0.014649954852	0.000000000000	106000
4	5	0.500000000000	0.624000000000	8	0.277210000000	0.405962000000	0.035494898053	0.039437112494	76000
4	5	0.500000000000	0.624000000000	9	0.406746000000	0.275742000000	0.033326838466	0.032522040513	174000
4	5	0.500000000000	0.624000000000	10	0.498176000000	0.177732000000	0.019580204504	0.014016727316	400000
4	6	0.500000000000	0.750000000000	1	0.302950000000	0.374144000000	0.025008617134	0.021947869440	34000
4	6	0.500000000000	0.750000000000	2	0.343604000000	0.339090000000	0.017745931987	0.012935502589	84000
4	6	0.500000000000	0.750000000000	3	0.344868000000	0.342698000000	0.017433487961	0.018319945863	14000
4	6	0.500000000000	0.750000000000	4	0.463192000000	0.218616000000	0.012207873204	0.010715566591	400000
4	6	0.500000000000	0.750000000000	5	0.431892000000	0.248640000000	0.023432998985	0.022854512218	212000
4	6	0.500000000000	0.750000000000	6	0.289394000000	0.394532000000	0.019285037637	0.020479266988	282000
4	6	0.500000000000	0.750000000000	7	0.321776000000	0.368000000000	0.035608338599	0.034556072145	378000
4	6	0.500000000000	0.750000000000	8	0.210368000000	0.481272000000	0.033469400604	0.029036686194	10000
4	6	0.500000000000	0.750000000000	9	0.525924000000	0.151482000000	0.022185906302	0.020977123628	266000
4	6	0.500000000000	0.750000000000	10	0.351262000000	0.340978000000	0.025788299525	0.020593776235	94000
4	7	0.500000000000	0.874000000000	1	0.000000000000	0.681778000000	0.000000000000	0.010953844197	90000
4	7	0.500000000000	0.874000000000	2	0.307336000000	0.363224000000	0.026092449481	0.033291232031	100000
4	7	0.500000000000	0.874000000000	3	0.374438000000	0.313812000000	0.029395718468	0.028181676012	44000
4	7	0.500000000000	0.874000000000	4	0.000000000000	0.679710000000	0.000000000000	0.010118017309	344000
4	7	0.500000000000	0.874000000000	5	0.490846000000	0.196772000000	0.021880197143	0.018445385554	400000
4	7	0.500000000000	0.874000000000	6	0.673572000000	0.000000000000	0.010369780535	0.000000000000	350000
4	7	0.500000000000	0.874000000000	7	0.368108000000	0.318946000000	0.025418308882	0.026743677913	50000
4	7	0.500000000000	0.874000000000	8	0.387998000000	0.299048000000	0.021303751919	0.021481973168	22000
4	7	0.500000000000	0.874000000000	9	0.000000000000	0.661076000000	0.000000000000	0.010047844703	28000
4	7	0.500000000000	0.874000000000	10	0.255908000000	0.420134000000	0.015180447358	0.017539374951	204000
4	8	0.500000000000	1.000000000000	1	0.000000000000	1.000000000000	0.000000000000	0.000000000000	6000
4	8	0.500000000000	1.000000000000	2	0.000000000000	1.000000000000	0.000000000000	0.000000000000	6000
4	8	0.500000000000	1.000000000000	3	0.000000000000	1.000000000000	0.000000000000	0.000000000000	6000
4	8	0.500000000000	1.000000000000	4	0.000000000000	1.000000000000	0.000000000000	0.000000000000	6000
4	8	0.500000000000	1.000000000000	5	0.000000000000	1.000000000000	0.000000000000	0.000000000000	6000
4	8	0.500000000000	1.000000000000	6	0.000000000000	1.000000000000	0.000000000000	0.000000000000	6000
4	8	0.500000000000	1.000000000000	7	0.000000000000	1.000000000000	0.000000000000	0.000000000000	6000
4	8	0.500000000000	1.000000000000	8	0.000000000000	1.000000000000	0.000000000000	0.000000000000	6000
4	8	0.500000000000	1.000000000000	9	0.000000000000	1.000000000000	0.000000000000	0.000000000000	6000
4	8	0.500000000000	1.000000000000	10	0.000000000000	1.000000000000	0.000000000000	0.000000000000	6000
5	0	0.624000000000	0.000000000000	1	0.671182000000	0.000000000000	0.013082891043	0.000000000000	8000
5	0	0.624000000000	0.000000000000	2	0.661130000000	0.000000000000	0.008849712844	0.000000000000	32000
5	0	0.624000000000	0.000000000000	3	0.671602000000	0.000000000000	0.014462321901	0.000000000000	90000
5	0	0.624000000000	0.000000000000	4	0.677716000000	0.000000000000	0.009455620168	0.000000000000	58000
5	0	0.624000000000	0.000000000000	5	0.663550000000	0.000000000000	0.012609540059	0.000000000000	8000
5	0	0.624000000000	0.000000000000	6	0.685418000000	0.000000000000	0.016106542047	0.000000000000	30000
5	0	0.624000000000	0.000000000000	7	0.662940000000	0.000000000000	0.017992001337	0.000000000000	8000
5	0	0.624000000000	0.000000000000	8	0.678088000000	0.000000000000	0.015741157519	0.000000000000	22000
5	0	0.624000000000	0.000000000000	9	0.683028000000	0.000000000000	0.009979318754	0.000000000000	6000
5	0	0.624000000000	0.000000000000	10	0.677830000000	0.000000000000	0.013999538817	0.000000000000	68000
5	1	0.624000000000	0.124000000000	1	0.573942000000	0.088304000000	0.020907552744	0.021077377442	400000
5	1	0.624000000000	0.124000000000	2	0.300732000000	0.381080000000	0.018537956517	0.013318369982	242000
5	1	0.624000000000	0.124000000000	3	0.000000000000	0.668240000000	0.000000000000	0.013520843658	72000
5	1	0.624000000000	0.124000000000	4	0.298424000000	0.392466000000	0.029944964934	0.023488604866	164000
5	1	0.624000000000	0.124000000000	5	0.401360000000	0.284376000000	0.037304879762	0.041568191427	400000
5	1	0.624000000000	0.124000000000	6	0.679386000000	0.000000000000	0.012409552812	0.000000000000	136000
5	1	0.624000000000	0.124000000000	7	0.505410000000	0.165928000000	0.019731934757	0.019244458038	156000
5	1	0.624000000000	0.124000000000	8	0.504478000000	0.174568000000	0.015038672737	0.014387368501	336000
5	1	0.624000000000	0.124000000000	9	0.410250000000	0.266752000000	0.013515478836	0.011089701415	400000
5	1	0.624000000000	0.124000000000	10	0.686980000000	0.000000000000	0.014245087663	0.000000000000	208000
5	2	0.624000000000	0.250000000000	1	0.494126000000	0.192146000000	0.022581098955	0.016641503046	400000
5	2	0.624000000000	0.250000000000	2	0.348364000000	0.336060000000	0.024814739073	0.027078582859	94000
5	2	0.624000000000	0.250000000000	3	0.673118000000	0.000000000000	0.013170859788	0.000000000000	84000
5	2	0.624000000000	0.250000000000	4	0.673492000000	0.000000000000	0.011291298837	0.000000000000	36000
5	2	0.624000000000	0.250000000000	5	0.468972000000	0.210278000000	0.021719460190	0.026057738231	400000
5	2	0.624000000000	0.250000000000	6	0.376102000000	0.304768000000	0.029842589971	0.021472196703	54000
5	2	0.624000000000	0.250000000000	7	0.346052000000	0.328592000000	0.018273347017	0.015998796752	116000
5	2	0.624000000000	0.250000000000	8	0.688566000000	0.000000000000	0.011496077757	0.000000000000	184000
5	2	0.624000000000	0.250000000000	9	0.268596000000	0.406650000000	0.013377583629	0.014381805740	46000
5	2	0.624000000000	0.250000000000	10	0.483740000000	0.193240000000	0.034103246641	0.033392236245	378000
5	3	0.624000000000	0.374000000000	1	0.397898000000	0.278168000000	0.015487590563	0.018270675784	400000
5	3	0.624000000000	0.374000000000	2	0.370372000000	0.322206000000	0.032653205782	0.031958957100	400000
5	3	0.624000000000	0.374000000000	3	0.408422000000	0.267070000000	0.017560817131	0.016061789473	98000
5	3	0.624000000000	0.374000000000	4	0.359378000000	0.323074000000	0.037584967018	0.029421423218	146000
5	3	0.624000000000	0.374000000000	5	0.500014000000	0.172978000000	0.014776405048	0.012238844116	364000
5	3	0.624000000000	0.374000000000	6	0.269638000000	0.426084000000	0.028089677570	0.021594890212	118000
5	3	0.624000000000	0.374000000000	7	0.245682000000	0.434164000000	0.021304947237	0.026400114963	400000
5	3	0.624000000000	0.374000000000	8	0.395182000000	0.294058000000	0.029729492406	0.024553686475	176000
5	3	0.624000000000	0.374000000000	9	0.447108000000	0.239604000000	0.015524088808	0.013837726210	60000
5	3	0.624000000000	0.374000000000	10	0.394448000000	0.293584000000	0.012450313502	0.013844949499	338000
5	4	0.624000000000	0.500000000000	1	0.000000000000	0.681334000000	0.000000000000	0.010700417886	270000
5	4	0.624000000000	0.500000000000	2	0.399068000000	0.286022000000	0.019067641463	0.016491315274	196000
5	4	0.624000000000	0.500000000000	3	0.679036000000	0.000000000000	0.012141916246	0.000000000000	314000
5	4	0.624000000000	0.500000000000	4	0.665798000000	0.000000000000	0.011991121006	0.000000000000	334000
5	4	0.624000000000	0.500000000000	5	0.427556000000	0.256218000000	0.027671946093	0.033755235029	10000
5	4	0.624000000000	0.500000000000	6	0.358536000000	0.324260000000	0.017097281100	0.015036172601	400000
5	4	0.624000000000	0.500000000000	7	0.405444000000	0.276904000000	0.020059043577	0.018848927451	36000
5	4	0.624000000000	0.500000000000	8	0.677334000000	0.000000000000	0.009285184902	0.000000000000	312000
5	4	0.624000000000	0.500000000000	9	0.453688000000	0.236172000000	0.020511347381	0.020351919237	98000
5	4	0.624000000000	0.500000000000	10	0.459118000000	0.235356000000	0.010402994679	0.011352627279	26000
5	5	0.624000000000	0.624000000000	1	0.395520000000	0.285486000000	0.014372479541	0.012970583643	128000
5	5	0.624000000000	0.624000000000	2	0.237916000000	0.451910000000	0.018704833996	0.014611824164	80000
5	5	0.624000000000	0.624000000000	3	0.303160000000	0.391196000000	0.016242851666	0.014540323415	190000
5	5	0.624000000000	0.624000000000	4	0.285994000000	0.392318000000	0.025019311140	0.024796567217	84000
5	5	0.624000000000	0.624000000000	5	0.337690000000	0.352766000000	0.021482117712	0.019190871099	262000
5	5	0.624000000000	0.624000000000	6	0.386386000000	0.295104000000	0.025594180316	0.025139554117	234000
5	5	0.624000000000	0.624000000000	7	0.677108000000	0.000000000000	0.011522200185	0.000000000000	144000
5	5	0.624000000000	0.624000000000	8	0.509568000000	0.170822000000	0.019060342932	0.015625507111	68000
5	5	0.624000000000	0.624000000000	9	0.686976000000	0.000000000000	0.010243063231	0.000000000000	84000
5	5	0.624000000000	0.624000000000	10	0.342586000000	0.344430000000	0.033713576037	0.039968494850	194000
5	6	0.624000000000	0.750000000000	1	0.257020000000	0.417320000000	0.029001391013	0.031293655793	158000
5	6	0.624000000000	0.750000000000	2	0.672254000000	0.000000000000	0.011254605731	0.000000000000	76000
5	6	0.624000000000	0.750000000000	3	0.451366000000	0.246138000000	0.019400268411	0.019395286364	222000
5	6	0.624000000000	0.750000000000	4	0.412044000000	0.270206000000	0.024182614889	0.025615341296	100000
5	6	0.624000000000	0.750000000000	5	0.224614000000	0.463850000000	0.017690561324	0.017694479212	118000
5	6	0.624000000000	0.750000000000	6	0.362682000000	0.317088000000	0.029388612872	0.026586069192	50000
5	6	0.624000000000	0.750000000000	7	0.676028000000	0.000000000000	0.014308177380	0.000000000000	200000
5	6	0.624000000000	0.750000000000	8	0.412350000000	0.274646000000	0.019494140697	0.016904924148	400000
5	6	0.624000000000	0.750000000000	9	0.679572000000	0.000000000000	0.010612513437	0.000000000000	220000
5	6	0.624000000000	0.750000000000	10	0.660384000000	0.000000000000	0.009135425551	0.000000000000	188000
5	7	0.624000000000	0.874000000000	1	0.291740000000	0.393148000000	0.017818245982	0.012656471952	206000
5	7	0.624000000000	0.874000000000	2	0.300450000000	0.379908000000	0.031887588782	0.032675667327	226000
5	7	0.624000000000	0.874000000000	3	0.666390000000	0.000000000000	0.011494695647	0.000000000000	350000
5	7	0.624000000000	0.874000000000	4	0.450742000000	0.236450000000	0.015047653235	0.027200392669	400000
5	7	0.624000000000	0.874000000000	5	0.430444000000	0.255948000000	0.019772349628	0.020403077748	110000
5	7	0.624000000000	0.874000000000	6	0.590404000000	0.094310000000	0.015728832766	0.012338076354	400000
5	7	0.624000000000	0.874000000000	7	0.298002000000	0.392560000000	0.019835459194	0.019726417098	172000
5	7	0.624000000000	0.874000000000	8	0.299414000000	0.381668000000	0.033977390528	0.030318063279	106000
5	7	0.624000000000	0.874000000000	9	0.667090000000	0.000000000000	0.010032574572	0.000000000000	138000
5	7	0.624000000000	0.874000000000	10	0.688258000000	0.000000000000	0.011349107376	0.000000000000	242000
5	8	0.624000000000	1.000000000000	1	0.000000000000	1.000000000000	0.000000000000	0.000000000000	6000
5	8	0.624000000000	1.000000000000	2	0.000000000000	1.000000000000	0.000000000000	0.000000000000	6000
5	8	0.624000000000	1.000000000000	3	0.000000000000	1.000000000000	0.000000000000	0.000000000000	6000
5	8	0.624000000000	1.000000000000	4	0.000000000000	1.000000000000	0.000000000000	0.000000000000	6000
5	8	0.624000000000	1.000000000000	5	0.000000000000	1.000000000000	0.000000000000	0.000000000000	6000
5	8	0.624000000000	1.000000000000	6	0.000000000000	1.000000000000	0.000000000000	0.000000000000	6000
5	8	0.624000000000	1.000000000000	7	0.000000000000	1.000000000000	0.000000000000	0.000000000000	6000
5	8	0.624000000000	1.000000000000	8	0.000000000000	1.000000000000	0.000000000000	0.000000000000	6000
5	8	0.624000000000	1.000000000000	9	0.000000000000	1.000000000000	0.000000000000	0.000000000000	6000
5	8	0.624000000000	1.000000000000	10	0.000000000000	1.000000000000	0.000000000000	0.000000000000	6000
6	0	0.750000000000	0.000000000000	1	0.678232000000	0.000000000000	0.011733194102	0.000000000000	30000
6	0	0.750000000000	0.000000000000	2	0.649354000000	0.000000000000	0.012523558740	0.000000000000	26000
6	0	0.750000000000	0.000000000000	3	0.678238000000	0.000000000000	0.011945964258	0.000000000000	44000
6	0	0.750000000000	0.000000000000	4	0.675052000000	0.000000000000	0.010178649267	0.000000000000	44000
6	0	0.750000000000	0.000000000000	5	0.667498000000	0.000000000000	0.017588102153	0.000000000000	6000
6	0	0.750000000000	0.000000000000	6	0.662856000000	0.000000000000	0.010895594430	0.000000000000	26000
6	0	0.750000000000	0.000000000000	7	0.670480000000	0.000000000000	0.015741963328	0.000000000000	58000
6	0	0.750000000000	0.000000000000	8	0.667626000000	0.000000000000	0.008562794255	0.000000000000	34000
6	0	0.750000000000	0.000000000000	9	0.664588000000	0.000000000000	0.014596551487	0.000000000000	24000
6	0	0.750000000000	0.000000000000	10	0.674170000000	0.000000000000	0.013179256155	0.000000000000	40000
6	1	0.750000000000	0.124000000000	1	0.256996000000	0.419672000000	0.015560273330	0.017455231339	400000
6	1	0.750000000000	0.124000000000	2	0.694312000000	0.000000000000	0.014422713707	0.000000000000	130000
6	1	0.750000000000	0.124000000000	3	0.677774000000	0.000000000000	0.009172843892	0.000000000000	174000
6	1	0.750000000000	0.124000000000	4	0.496636000000	0.194748000000	0.013651881844	0.019362215560	400000
6	1	0.750000000000	0.124000000000	5	0.674866000000	0.000000000000	0.014750716173	0.000000000000	54000
6	1	0.750000000000	0.124000000000	6	0.273966000000	0.409176000000	0.017674253116	0.018830922113	140000
6	1	0.750000000000	0.124000000000	7	0.438320000000	0.247650000000	0.021456886960	0.025623154491	128000
6	1	0.750000000000	0.124000000000	8	0.674662000000	0.000000000000	0.013509265571	0.000000000000	52000
6	1	0.750000000000	0.124000000000	9	0.677608000000	0.000000000000	0.012721012545	0.000000000000	338000
6	1	0.750000000000	0.124000000000	10	0.685604000000	0.000000000000	0.015033468967	0.000000000000	10000
6	2	0.750000000000	0.250000000000	1	0.569842000000	0.116786000000	0.010345533629	0.009876221127	14000
6	2	0.750000000000	0.250000000000	2	0.680502000000	0.000000000000	0.011499749573	0.000000000000	242000
6	2	0.750000000000	0.250000000000	3	0.414882000000	0.268506000000	0.012930013970	0.008005751436	328000
6	2	0.750000000000	0.250000000000	4	0.358938000000	0.326808000000	0.040492910884	0.037860646647	30000
6	2	0.750000000000	0.250000000000	5	0.437806000000	0.239606000000	0.028674249364	0.025153000565	20000
6	2	0.750000000000	0.250000000000	6	0.378644000000	0.308832000000	0.021532322330	0.026111713800	32000
6	2	0.750000000000	0.250000000000	7	0.432804000000	0.249598000000	0.014167932606	0.015247651848	48000
6	2	0.750000000000	0.250000000000	8	0.691836000000	0.000000000000	0.009721090659	0.000000000000	24000
6	2	0.750000000000	0.250000000000	9	0.438168000000	0.246292000000	0.013360774165	0.013846387921	90000
6	2	0.750000000000	0.250000000000	10	0.347568000000	0.341086000000	0.043766206791	0.051114041606	98000
6	3	0.750000000000	0.374000000000	1	0.261092000000	0.421064000000	0.041795147689	0.044842912381	50000
6	3	0.750000000000	0.374000000000	2	0.361960000000	0.336446000000	0.037822386664	0.031883501088	32000
6	3	0.750000000000	0.374000000000	3	0.662622000000	0.000000000000	0.010099857579	0.000000000000	76000
6	3	0.750000000000	0.374000000000	4	0.530892000000	0.145114000000	0.019046445944	0.015246621379	122000
6	3	0.750000000000	0.374000000000	5	0.503942000000	0.186276000000	0.021440063253	0.020169348691	38000
6	3	0.750000000000	0.374000000000	6	0.567448000000	0.114204000000	0.019499423672	0.014957476729	68000
6	3	0.750000000000	0.374000000000	7	0.338236000000	0.346752000000	0.013383400891	0.012427265706	384000
6	3	0.750000000000	0.374000000000	8	0.655416000000	0.000000000000	0.011545399094	0.000000000000	60000
6	3	0.750000000000	0.374000000000	9	0.680836000000	0.000000000000	0.011157131602	0.000000000000	296000
6	3	0.750000000000	0.374000000000	10	0.383558000000	0.306116000000	0.015631922242	0.011412483901	152000
6	4	0.750000000000	0.500000000000	1	0.565990000000	0.114026000000	0.010769953198	0.009010466831	400000
6	4	0.750000000000	0.500000000000	2	0.460760000000	0.216594000000	0.020730947209	0.020952951825	44000
6	4	0.750000000000	0.500000000000	3	0.658754000000	0.000000000000	0.008548014539	0.000000000000	182000
6	4	0.750000000000	0.500000000000	4	0.658300000000	0.000000000000	0.011398944510	0.000000000000	90000
6	4	0.750000000000	0.500000000000	5	0.395136000000	0.277634000000	0.013230440225	0.011195507286	400000
6	4	0.750000000000	0.500000000000	6	0.508236000000	0.177514000000	0.025485875183	0.017456016628	254000
6	4	0.750000000000	0.500000000000	7	0.636946000000	0.038930000000	0.013933528886	0.007160892289	400000
6	4	0.750000000000	0.500000000000	8	0.462366000000	0.215854000000	0.022475212550	0.024745970319	168000
6	4	0.750000000000	0.500000000000	9	0.527384000000	0.161620000000	0.014500441607	0.014473737910	198000
6	4	0.750000000000	0.500000000000	10	0.351142000000	0.330770000000	0.026965069089	0.027681932544	50000
6	5	0.750000000000	0.624000000000	1	0.686752000000	0.000000000000	0.016129682658	0.000000000000	76000
6	5	0.750000000000	0.624000000000	2	0.334674000000	0.352644000000	0.016325202487	0.019743126780	122000
6	5	0.750000000000	0.624000000000	3	0.231970000000	0.445794000000	0.012487074398	0.014774974242	400000
6	5	0.750000000000	0.624000000000	4	0.658748000000	0.000000000000	0.015241285799	0.000000000000	124000
6	5	0.750000000000	0.624000000000	5	0.382950000000	0.298364000000	0.041786500351	0.034814473306	400000
6	5	0.750000000000	0.624000000000	6	0.500918000000	0.177984000000	0.019715729405	0.016633593130	400000
6	5	0.750000000000	0.624000000000	7	0.414054000000	0.260608000000	0.017603834212	0.020717807885	400000
6	5	0.750000000000	0.624000000000	8	0.672498000000	0.000000000000	0.012403138064	0.000000000000	302000
6	5	0.750000000000	0.624000000000	9	0.372478000000	0.314132000000	0.015821562434	0.016779276508	70000
6	5	0.750000000000	0.624000000000	10	0.669660000000	0.000000000000	0.015162133435	0.000000000000	352000
6	6	0.750000000000	0.750000000000	1	0.354300000000	0.340026000000	0.013403045984	0.010769554648	154000
6	6	0.750000000000	0.750000000000	2	0.668542000000	0.000000000000	0.009649629597	0.000000000000	290000
6	6	0.750000000000	0.750000000000	3	0.391916000000	0.302650000000	0.039015011407	0.029885023249	22000
6	6	0.750000000000	0.750000000000	4	0.653142000000	0.000000000000	0.010220581994	0.000000000000	204000
6	6	0.750000000000	0.750000000000	5	0.651386000000	0.000000000000	0.011498487693	0.000000000000	112000
6	6	0.750000000000	0.750000000000	6	0.000000000000	0.674948000000	0.000000000000	0.008741722583	168000
6	6	0.750000000000	0.750000000000	7	0.677124000000	0.000000000000	0.012274497435	0.000000000000	186000
6	6	0.750000000000	0.750000000000	8	0.535470000000	0.131926000000	0.021193306874	0.017765419616	262000
6	6	0.750000000000	0.750000000000	9	0.557730000000	0.120268000000	0.019149145928	0.020197824837	400000
6	6	0.750000000000	0.750000000000	10	0.483660000000	0.203294000000	0.044042617453	0.042426236571	100000
6	7	0.750000000000	0.874000000000	1	0.455654000000	0.228520000000	0.013028200874	0.015154116512	28000
6	7	0.750000000000	0.874000000000	2	0.664234000000	0.000000000000	0.010101647751	0.000000000000	72000
6	7	0.750000000000	0.874000000000	3	0.317664000000	0.373694000000	0.027764473162	0.026757023420	48000
6	7	0.750000000000	0.874000000000	4	0.605566000000	0.071650000000	0.014406081326	0.012924726247	246000
6	7	0.750000000000	0.874000000000	5	0.455656000000	0.228634000000	0.016660108740	0.017699811505	326000
6	7	0.750000000000	0.874000000000	6	0.258308000000	0.428586000000	0.022437838412	0.016865380074	218000
6	7	0.750000000000	0.874000000000	7	0.672604000000	0.000000000000	0.010968112120	0.000000000000	110000
6	7	0.750000000000	0.874000000000	8	0.281276000000	0.400360000000	0.015827265283	0.014649129564	326000
6	7	0.750000000000	0.874000000000	9	0.658632000000	0.000000000000	0.011285740735	0.000000000000	208000
6	7	0.750000000000	0.874000000000	10	0.655562000000	0.000000000000	0.011346757462	0.000000000000	160000
6	8	0.750000000000	1.000000000000	1	0.000000000000	1.000000000000	0.000000000000	0.000000000000	6000
6	8	0.750000000000	1.000000000000	2	0.000000000000	1.000000000000	0.000000000000	0.000000000000	6000
6	8	0.750000000000	1.000000000000	3	0.000000000000	1.000000000000	0.000000000000	0.000000000000	6000
6	8	0.750000000000	1.000000000000	4	0.000000000000	1.000000000000	0.000000000000	0.000000000000	6000
6	8	0.750000000000	1.000000000000	5	0.000000000000	1.000000000000	0.000000000000	0.000000000000	6000
6	8	0.750000000000	1.000000000000	6	0.000000000000	1.000000000000	0.000000000000	0.000000000000	6000
6	8	0.750000000000	1.000000000000	7	0.000000000000	1.000000000000	0.000000000000	0.000000000000	6000
6	8	0.750000000000	1.000000000000	8	0.000000000000	1.000000000000	0.000000000000	0.000000000000	6000
6	8	0.750000000000	1.000000000000	9	0.000000000000	1.000000000000	0.000000000000	0.000000000000	6000
6	8	0.750000000000	1.000000000000	10	0.000000000000	1.000000000000	0.000000000000	0.000000000000	6000
7	0	0.874000000000	0.000000000000	1	0.665706000000	0.000000000000	0.009959556052	0.000000000000	20000
7	0	0.874000000000	0.000000000000	2	0.653172000000	0.000000000000	0.011571357410	0.000000000000	26000
7	0	0.874000000000	0.000000000000	3	0.666992000000	0.000000000000	0.011287131404	0.000000000000	6000
7	0	0.874000000000	0.000000000000	4	0.680398000000	0.000000000000	0.013315814166	0.000000000000	16000
7	0	0.874000000000	0.000000000000	5	0.659924000000	0.000000000000	0.010630674261	0.000000000000	46000
7	0	0.874000000000	0.000000000000	6	0.654550000000	0.000000000000	0.009264303931	0.000000000000	18000
7	0	0.874000000000	0.000000000000	7	0.673624000000	0.000000000000	0.015739706553	0.000000000000	28000
7	0	0.874000000000	0.000000000000	8	0.669174000000	0.000000000000	0.012987162523	0.000000000000	112000
7	0	0.874000000000	0.000000000000	9	0.685192000000	0.000000000000	0.009856789147	0.000000000000	26000
7	0	0.874000000000	0.000000000000	10	0.667570000000	0.000000000000	0.012869526981	0.000000000000	14000
7	1	0.874000000000	0.124000000000	1	0.679986000000	0.000000000000	0.011494343127	0.000000000000	38000
7	1	0.874000000000	0.124000000000	2	0.657336000000	0.000000000000	0.012657619023	0.000000000000	30000
7	1	0.874000000000	0.124000000000	3	0.468356000000	0.214894000000	0.012315881818	0.013117653633	400000
7	1	0.874000000000	0.124000000000	4	0.670068000000	0.000000000000	0.012540519951	0.000000000000	46000
7	1	0.874000000000	0.124000000000	5	0.679576000000	0.000000000000	0.011639402893	0.000000000000	42000
7	1	0.874000000000	0.124000000000	6	0.667830000000	0.000000000000	0.014124255541	0.000000000000	32000
7	1	0.874000000000	0.124000000000	7	0.670466000000	0.000000000000	0.012330891894	0.000000000000	20000
7	1	0.874000000000	0.124000000000	8	0.230172000000	0.464372000000	0.014006519860	0.012983303978	80000
7	1	0.874000000000	0.124000000000	9	0.402216000000	0.287670000000	0.018295356352	0.016388645084	316000
7	1	0.874000000000	0.124000000000	10	0.678858000000	0.000000000000	0.010170706921	0.000000000000	258000
7	2	0.874000000000	0.250000000000	1	0.414290000000	0.259126000000	0.012825146564	0.015131857027	400000
7	2	0.874000000000	0.250000000000	2	0.367794000000	0.323416000000	0.018987630028	0.015152311261	264000
7	2	0.874000000000	0.250000000000	3	0.431002000000	0.254228000000	0.018873797080	0.015188769361	76000
7	2	0.874000000000	0.250000000000	4	0.533512000000	0.156264000000	0.017834122123	0.012268040137	400000
7	2	0.874000000000	0.250000000000	5	0.434642000000	0.256976000000	0.014087664757	0.015709303174	226000
7	2	0.874000000000	0.250000000000	6	0.670368000000	0.000000000000	0.011682853464	0.000000000000	32000
7	2	0.874000000000	0.250000000000	7	0.675446000000	0.000000000000	0.014290041613	0.000000000000	118000
7	2	0.874000000000	0.250000000000	8	0.381122000000	0.293598000000	0.027148815336	0.024223731859	198000
7	2	0.874000000000	0.250000000000	9	0.451638000000	0.233110000000	0.026402159571	0.023695175909	64000
7	2	0.874000000000	0.250000000000	10	0.000000000000	0.670970000000	0.000000000000	0.010437050926	132000
7	3	0.874000000000	0.374000000000	1	0.342176000000	0.346886000000	0.018179866103	0.013902383978	172000
7	3	0.874000000000	0.374000000000	2	0.000000000000	0.687440000000	0.000000000000	0.011397908243	86000
7	3	0.874000000000	0.374000000000	3	0.682822000000	0.000000000000	0.011244498866	0.000000000000	232000
7	3	0.874000000000	0.374000000000	4	0.497446000000	0.191190000000	0.025036371620	0.024998336281	18000
7	3	0.874000000000	0.374000000000	5	0.286196000000	0.396528000000	0.013708008371	0.016192325571	202000
7	3	0.874000000000	0.374000000000	6	0.376276000000	0.316844000000	0.019244692312	0.020807705895	90000
7	3	0.874000000000	0.374000000000	7	0.675252000000	0.000000000000	0.011443226968	0.000000000000	120000
7	3	0.874000000000	0.374000000000	8	0.454438000000	0.227452000000	0.016812341027	0.019468094481	150000
7	3	0.874000000000	0.374000000000	9	0.416698000000	0.262404000000	0.016311433378	0.017010294946	118000
7	3	0.874000000000	0.374000000000	10	0.209136000000	0.469340000000	0.017183852560	0.017173331748	400000
7	4	0.874000000000	0.500000000000	1	0.665806000000	0.000000000000	0.009898299871	0.000000000000	174000
7	4	0.874000000000	0.500000000000	2	0.450962000000	0.234682000000	0.010067965034	0.010255342415	288000
7	4	0.874000000000	0.500000000000	3	0.541446000000	0.133372000000	0.013290663103	0.014611608916	86000
7	4	0.874000000000	0.500000000000	4	0.677080000000	0.000000000000	0.013173881400	0.000000000000	400000
7	4	0.874000000000	0.500000000000	5	0.401176000000	0.290264000000	0.016402135655	0.013366112260	400000
7	4	0.874000000000	0.500000000000	6	0.678966000000	0.000000000000	0.008598649939	0.000000000000	48000
7	4	0.874000000000	0.500000000000	7	0.662580000000	0.000000000000	0.013598548471	0.000000000000	20000
7	4	0.874000000000	0.500000000000	8	0.270224000000	0.410490000000	0.030627044256	0.024799413519	50000
7	4	0.874000000000	0.500000000000	9	0.680776000000	0.000000000000	0.012744577209	0.000000000000	52000
7	4	0.874000000000	0.500000000000	10	0.520968000000	0.158860000000	0.020370516290	0.014271653025	242000
7	5	0.874000000000	0.624000000000	1	0.362944000000	0.329924000000	0.012443460279	0.015231093533	32000
7	5	0.874000000000	0.624000000000	2	0.401270000000	0.278136000000	0.024471819915	0.028086907597	262000
7	5	0.874000000000	0.624000000000	3	0.677214000000	0.000000000000	0.011238884131	0.000000000000	400000
7	5	0.874000000000	0.624000000000	4	0.697036000000	0.000000000000	0.009521415933	0.000000000000	400000
7	5	0.874000000000	0.624000000000	5	0.670160000000	0.000000000000	0.013839289213	0.000000000000	360000
7	5	0.874000000000	0.624000000000	6	0.461918000000	0.213612000000	0.017678172807	0.013001634455	34000
7	5	0.874000000000	0.624000000000	7	0.412002000000	0.272450000000	0.026225097745	0.018457686371	400000
7	5	0.874000000000	0.624000000000	8	0.442698000000	0.250436000000	0.016376598822	0.020644517434	8000
7	5	0.874000000000	0.624000000000	9	0.529440000000	0.166024000000	0.019293590714	0.020678370802	216000
7	5	0.874000000000	0.624000000000	10	0.480624000000	0.207242000000	0.013778551175	0.013408998368	150000
7	6	0.874000000000	0.750000000000	1	0.494914000000	0.182296000000	0.015685874239	0.014108417042	52000
7	6	0.874000000000	0.750000000000	2	0.427488000000	0.255832000000	0.034831811769	0.028048074274	82000
7	6	0.874000000000	0.750000000000	3	0.566340000000	0.114644000000	0.021519188541	0.019409121000	334000
7	6	0.874000000000	0.750000000000	4	0.678840000000	0.000000000000	0.011259359359	0.000000000000	134000
7	6	0.874000000000	0.750000000000	5	0.237460000000	0.447640000000	0.016512694180	0.018730435906	22000
7	6	0.874000000000	0.750000000000	6	0.683240000000	0.000000000000	0.009126757239	0.000000000000	82000
7	6	0.874000000000	0.750000000000	7	0.303628000000	0.389882000000	0.016325689699	0.017546793609	400000
7	6	0.874000000000	0.750000000000	8	0.404318000000	0.280562000000	0.018662346025	0.022692269501	334000
7	6	0.874000000000	0.750000000000	9	0.431376000000	0.257440000000	0.011187483353	0.014007805632	360000
7	6	0.874000000000	0.750000000000	10	0.491118000000	0.191790000000	0.018200146190	0.016922359950	140000
7	7	0.874000000000	0.874000000000	1	0.396704000000	0.281716000000	0.018844508471	0.013549277727	180000
7	7	0.874000000000	0.874000000000	2	0.369044000000	0.303298000000	0.012579519399	0.013210515271	106000
7	7	0.874000000000	0.874000000000	3	0.669570000000	0.000000000000	0.013776534139	0.000000000000	236000
7	7	0.874000000000	0.874000000000	4	0.485254000000	0.197106000000	0.020057761535	0.016333755097	36000
7	7	0.874000000000	0.874000000000	5	0.325318000000	0.359618000000	0.029330379253	0.029887913332	32000
7	7	0.874000000000	0.874000000000	6	0.530002000000	0.157822000000	0.027495890966	0.022259645276	166000
7	7	0.874000000000	0.874000000000	7	0.315494000000	0.360504000000	0.015832834321	0.015656024243	312000
7	7	0.874000000000	0.874000000000	8	0.323148000000	0.359626000000	0.029934096715	0.030841519472	150000
7	7	0.874000000000	0.874000000000	9	0.667752000000	0.000000000000	0.011463241335	0.000000000000	92000
7	7	0.874000000000	0.874000000000	10	0.260528000000	0.428408000000	0.018746109800	0.022612227861	400000
7	8	0.874000000000	1.000000000000	1	0.000000000000	1.000000000000	0.000000000000	0.000000000000	6000
7	8	0.874000000000	1.000000000000	2	0.000000000000	1.000000000000	0.000000000000	0.000000000000	6000
7	8	0.874000000000	1.000000000000	3	0.000000000000	1.000000000000	0.000000000000	0.000000000000	6000
7	8	0.874000000000	1.000000000000	4	0.000000000000	1.000000000000	0.000000000000	0.000000000000	6000
7	8	0.874000000000	1.000000000000	5	0.000000000000	1.000000000000	0.000000000000	0.000000000000	6000
7	8	0.874000000000	1.000000000000	6	0.000000000000	1.000000000000	0.000000000000	0.000000000000	6000
7	8	0.874000000000	1.000000000000	7	0.000000000000	1.000000000000	0.000000000000	0.000000000000	6000
7	8	0.874000000000	1.000000000000	8	0.000000000000	1.000000000000	0.000000000000	0.000000000000	6000
7	8	0.874000000000	1.000000000000	9	0.000000000000	1.000000000000	0.000000000000	0.000000000000	6000
7	8	0.874000000000	1.000000000000	10	0.000000000000	1.000000000000	0.000000000000	0.000000000000	6000
8	0	1.000000000000	0.000000000000	1	1.000000000000	0.000000000000	0.000000000000	0.000000000000	4000
8	0	1.000000000000	0.000000000000	2	1.000000000000	0.000000000000	0.000000000000	0.000000000000	4000
8	0	1.000000000000	0.000000000000	3	1.000000000000	0.000000000000	0.000000000000	0.000000000000	4000
8	0	1.000000000000	0.000000000000	4	1.000000000000	0.000000000000	0.000000000000	0.000000000000	4000
8	0	1.000000000000	0.000000000000	5	1.000000000000	0.000000000000	0.000000000000	0.000000000000	4000
8	0	1.000000000000	0.000000000000	6	1.000000000000	0.000000000000	0.000000000000	0.000000000000	4000
8	0	1.000000000000	0.000000000000	7	1.000000000000	0.000000000000	0.000000000000	0.000000000000	4000
8	0	1.000000000000	0.000000000000	8	1.000000000000	0.000000000000	0.000000000000	0.000000000000	4000
8	0	1.000000000000	0.000000000000	9	1.000000000000	0.000000000000	0.000000000000	0.000000000000	4000
8	0	1.000000000000	0.000000000000	10	1.000000000000	0.000000000000	0.000000000000	0.000000000000	4000
8	1	1.000000000000	0.124000000000	1	1.000000000000	0.000000000000	0.000000000000	0.000000000000	6000
8	1	1.000000000000	0.124000000000	2	1.000000000000	0.000000000000	0.000000000000	0.000000000000	6000
8	1	1.000000000000	0.124000000000	3	1.000000000000	0.000000000000	0.000000000000	0.000000000000	6000
8	1	1.000000000000	0.124000000000	4	1.000000000000	0.000000000000	0.000000000000	0.000000000000	6000
8	1	1.000000000000	0.124000000000	5	1.000000000000	0.000000000000	0.000000000000	0.000000000000	6000
8	1	1.000000000000	0.124000000000	6	1.000000000000	0.000000000000	0.000000000000	0.000000000000	6000
8	1	1.000000000000	0.124000000000	7	1.000000000000	0.000000000000	0.000000000000	0.000000000000	6000
8	1	1.000000000000	0.124000000000	8	1.000000000000	0.000000000000	0.000000000000	0.000000000000	6000
8	1	1.000000000000	0.124000000000	9	1.000000000000	0.000000000000	0.000000000000	0.000000000000	6000
8	1	1.000000000000	0.124000000000	10	1.000000000000	0.000000000000	0.000000000000	0.000000000000	6000
8	2	1.000000000000	0.250000000000	1	1.000000000000	0.000000000000	0.000000000000	0.000000000000	6000
8	2	1.000000000000	0.250000000000	2	1.000000000000	0.000000000000	0.000000000000	0.000000000000	6000
8	2	1.000000000000	0.250000000000	3	1.000000000000	0.000000000000	0.000000000000	0.000000000000	6000
8	2	1.000000000000	0.250000000000	4	1.000000000000	0.000000000000	0.000000000000	0.000000000000	6000
8	2	1.000000000000	0.250000000000	5	1.000000000000	0.000000000000	0.000000000000	0.000000000000	6000
8	2	1.000000000000	0.250000000000	6	1.000000000000	0.000000000000	0.000000000000	0.000000000000	6000
8	2	1.000000000000	0.250000000000	7	1.000000000000	0.000000000000	0.000000000000	0.000000000000	6000
8	2	1.000000000000	0.250000000000	8	1.000000000000	0.000000000000	0.000000000000	0.000000000000	6000
8	2	1.000000000000	0.250000000000	9	1.000000000000	0.000000000000	0.000000000000	0.000000000000	6000
8	2	1.000000000000	0.250000000000	10	1.000000000000	0.000000000000	0.000000000000	0.000000000000	6000
8	3	1.000000000000	0.374000000000	1	1.000000000000	0.000000000000	0.000000000000	0.000000000000	6000
8	3	1.000000000000	0.374000000000	2	1.000000000000	0.000000000000	0.000000000000	0.000000000000	6000
8	3	1.000000000000	0.374000000000	3	1.000000000000	0.000000000000	0.000000000000	0.000000000000	6000
8	3	1.000000000000	0.374000000000	4	1.000000000000	0.000000000000	0.000000000000	0.000000000000	6000
8	3	1.000000000000	0.374000000000	5	1.000000000000	0.000000000000	0.000000000000	0.000000000000	6000
8	3	1.000000000000	0.374000000000	6	1.000000000000	0.000000000000	0.000000000000	0.000000000000	10000
8	3	1.000000000000	0.374000000000	7	1.000000000000	0.000000000000	0.000000000000	0.000000000000	6000
8	3	1.000000000000	0.374000000000	8	1.000000000000	0.000000000000	0.000000000000	0.000000000000	6000
8	3	1.000000000000	0.374000000000	9	1.000000000000	0.000000000000	0.000000000000	0.000000000000	6000
8	3	1.000000000000	0.374000000000	10	1.000000000000	0.000000000000	0.000000000000	0.000000000000	6000
8	4	1.000000000000	0.500000000000	1	1.000000000000	0.000000000000	0.000000000000	0.000000000000	6000
8	4	1.000000000000	0.500000000000	2	1.000000000000	0.000000000000	0.000000000000	0.000000000000	6000
8	4	1.000000000000	0.500000000000	3	1.000000000000	0.000000000000	0.000000000000	0.000000000000	6000
8	4	1.000000000000	0.500000000000	4	1.000000000000	0.000000000000	0.000000000000	0.000000000000	6000
8	4	1.000000000000	0.500000000000	5	1.000000000000	0.000000000000	0.000000000000	0.000000000000	6000
8	4	1.000000000000	0.500000000000	6	1.000000000000	0.000000000000	0.000000000000	0.000000000000	6000
8	4	1.000000000000	0.500000000000	7	1.000000000000	0.000000000000	0.000000000000	0.000000000000	8000
8	4	1.000000000000	0.500000000000	8	1.000000000000	0.000000000000	0.000000000000	0.000000000000	6000
8	4	1.000000000000	0.500000000000	9	1.000000000000	0.000000000000	0.000000000000	0.000000000000	6000
8	4	1.000000000000	0.500000000000	10	1.000000000000	0.000000000000	0.000000000000	0.000000000000	6000
8	5	1.000000000000	0.624000000000	1	1.000000000000	0.000000000000	0.000000000000	0.000000000000	6000
8	5	1.000000000000	0.624000000000	2	1.000000000000	0.000000000000	0.000000000000	0.000000000000	6000
8	5	1.000000000000	0.624000000000	3	1.000000000000	0.000000000000	0.000000000000	0.000000000000	6000
8	5	1.000000000000	0.624000000000	4	1.000000000000	0.000000000000	0.000000000000	0.000000000000	6000
8	5	1.000000000000	0.624000000000	5	1.000000000000	0.000000000000	0.000000000000	0.000000000000	6000
8	5	1.000000000000	0.624000000000	6	1.000000000000	0.000000000000	0.000000000000	0.000000000000	6000
8	5	1.000000000000	0.624000000000	7	1.000000000000	0.000000000000	0.000000000000	0.000000000000	6000
8	5	1.000000000000	0.624000000000	8	1.000000000000	0.000000000000	0.000000000000	0.000000000000	6000
8	5	1.000000000000	0.624000000000	9	1.000000000000	0.000000000000	0.000000000000	0.000000000000	6000
8	5	1.000000000000	0.624000000000	10	1.000000000000	0.000000000000	0.000000000000	0.000000000000	6000
8	6	1.000000000000	0.750000000000	1	1.000000000000	0.000000000000	0.000000000000	0.000000000000	6000
8	6	1.000000000000	0.750000000000	2	1.000000000000	0.000000000000	0.000000000000	0.000000000000	6000
8	6	1.000000000000	0.750000000000	3	1.000000000000	0.000000000000	0.000000000000	0.000000000000	6000
8	6	1.000000000000	0.750000000000	4	1.000000000000	0.000000000000	0.000000000000	0.000000000000	6000
8	6	1.000000000000	0.750000000000	5	1.000000000000	0.000000000000	0.000000000000	0.000000000000	6000
8	6	1.000000000000	0.750000000000	6	1.000000000000	0.000000000000	0.000000000000	0.000000000000	6000
8	6	1.000000000000	0.750000000000	7	1.000000000000	0.000000000000	0.000000000000	0.000000000000	6000
8	6	1.000000000000	0.750000000000	8	1.000000000000	0.000000000000	0.000000000000	0.000000000000	6000
8	6	1.000000000000	0.750000000000	9	1.000000000000	0.000000000000	0.000000000000	0.000000000000	6000
8	6	1.000000000000	0.750000000000	10	1.000000000000	0.000000000000	0.000000000000	0.000000000000	6000
8	7	1.000000000000	0.874000000000	1	1.000000000000	0.000000000000	0.000000000000	0.000000000000	6000
8	7	1.000000000000	0.874000000000	2	1.000000000000	0.000000000000	0.000000000000	0.000000000000	6000
8	7	1.000000000000	0.874000000000	3	1.000000000000	0.000000000000	0.000000000000	0.000000000000	6000
8	7	1.000000000000	0.874000000000	4	1.000000000000	0.000000000000	0.000000000000	0.000000000000	6000
8	7	1.000000000000	0.874000000000	5	1.000000000000	0.000000000000	0.000000000000	0.000000000000	6000
8	7	1.000000000000	0.874000000000	6	1.000000000000	0.000000000000	0.000000000000	0.000000000000	6000
8	7	1.000000000000	0.874000000000	7	1.000000000000	0.000000000000	0.000000000000	0.000000000000	6000
8	7	1.000000000000	0.874000000000	8	1.000000000000	0.000000000000	0.000000000000	0.000000000000	6000
8	7	1.000000000000	0.874000000000	9	1.000000000000	0.000000000000	0.000000000000	0.000000000000	6000
8	7	1.000000000000	0.874000000000	10	1.000000000000	0.000000000000	0.000000000000	0.000000000000	6000
8	8	1.000000000000	1.000000000000	1	1.000000000000	1.000000000000	0.000000000000	0.000000000000	4000
8	8	1.000000000000	1.000000000000	2	1.000000000000	1.000000000000	0.000000000000	0.000000000000	4000
8	8	1.000000000000	1.000000000000	3	1.000000000000	1.000000000000	0.000000000000	0.000000000000	4000
8	8	1.000000000000	1.000000000000	4	1.000000000000	1.000000000000	0.000000000000	0.000000000000	4000
8	8	1.000000000000	1.000000000000	5	1.000000000000	1.000000000000	0.000000000000	0.000000000000	4000
8	8	1.000000000000	1.000000000000	6	1.000000000000	1.000000000000	0.000000000000	0.000000000000	4000
8	8	1.000000000000	1.000000000000	7	1.000000000000	1.000000000000	0.000000000000	0.000000000000	4000
8	8	1.000000000000	1.000000000000	8	1.000000000000	1.000000000000	0.000000000000	0.000000000000	4000
8	8	1.000000000000	1.000000000000	9	1.000000000000	1.000000000000	0.000000000000	0.000000000000	4000
8	8	1.000000000000	1.000000000000	10	1.000000000000	1.000000000000	0.000000000000	0.000000000000	4000
