# scan initial plane
# b 1.12
# r 0
# e -0.4
# p12 0.1
# ndiv 12
# n_reps 5
# A:(0,1),	A':(0,0.167),	B:(1,0),	B'=(0.667,0),	C:(1,1),	D:(0,0),	E:(0.643,0.027) 
# columns: ix iy x1_0 x2_0 rep x1_inf x2_inf sigma_1 sigma_2 t_relax
0	0	0.000000000000	0.000000000000	1	0.000000000000	0.000000000000	0.000000000000	0.000000000000	4000
0	0	0.000000000000	0.000000000000	2	0.000000000000	0.000000000000	0.000000000000	0.000000000000	4000
0	0	0.000000000000	0.000000000000	3	0.000000000000	0.000000000000	0.000000000000	0.000000000000	4000
0	0	0.000000000000	0.000000000000	4	0.000000000000	0.000000000000	0.000000000000	0.000000000000	4000
0	0	0.000000000000	0.000000000000	5	0.000000000000	0.000000000000	0.000000000000	0.000000000000	4000
0	1	0.000000000000	0.080000000000	1	0.000000000000	0.137355000000	0.000000000000	0.008972707757	20000
0	1	0.000000000000	0.080000000000	2	0.000000000000	0.135185000000	0.000000000000	0.012090780039	12000
0	1	0.000000000000	0.080000000000	3	0.000000000000	0.142570000000	0.000000000000	0.011118395510	8000
0	1	0.000000000000	0.080000000000	4	0.000000000000	0.136760000000	0.000000000000	0.014694159327	30000
0	1	0.000000000000	0.080000000000	5	0.000000000000	0.127130000000	0.000000000000	0.009090970561	4000
0	2	0.000000000000	0.165000000000	1	0.000000000000	0.134125000000	0.000000000000	0.008816865209	22000
0	2	0.000000000000	0.165000000000	2	0.000000000000	0.119585000000	0.000000000000	0.012884828047	30000
0	2	0.000000000000	0.165000000000	3	0.000000000000	0.128720000000	0.000000000000	0.014518001666	4000
0	2	0.000000000000	0.165000000000	4	0.000000000000	0.127435000000	0.000000000000	0.012373312971	20000
0	2	0.000000000000	0.165000000000	5	0.000000000000	0.130095000000	0.000000000000	0.011456318005	30000
0	3	0.000000000000	0.250000000000	1	0.000000000000	0.127965000000	0.000000000000	0.011203092621	8000
0	3	0.000000000000	0.250000000000	2	0.000000000000	0.132620000000	0.000000000000	0.015784002494	30000
0	3	0.000000000000	0.250000000000	3	0.000000000000	0.130675000000	0.000000000000	0.010641081130	14000
0	3	0.000000000000	0.250000000000	4	0.000000000000	0.150940000000	0.000000000000	0.009423651373	14000
0	3	0.000000000000	0.250000000000	5	0.000000000000	0.133235000000	0.000000000000	0.015467676749	18000
0	4	0.000000000000	0.330000000000	1	0.000000000000	0.129560000000	0.000000000000	0.017358217296	8000
0	4	0.000000000000	0.330000000000	2	0.000000000000	0.117275000000	0.000000000000	0.016079736718	30000
0	4	0.000000000000	0.330000000000	3	0.000000000000	0.120725000000	0.000000000000	0.013254246491	4000
0	4	0.000000000000	0.330000000000	4	0.000000000000	0.127510000000	0.000000000000	0.010341994820	30000
0	4	0.000000000000	0.330000000000	5	0.000000000000	0.125695000000	0.000000000000	0.012130091266	16000
0	5	0.000000000000	0.415000000000	1	0.000000000000	0.137380000000	0.000000000000	0.013929451878	30000
0	5	0.000000000000	0.415000000000	2	0.000000000000	0.135915000000	0.000000000000	0.009247880746	26000
0	5	0.000000000000	0.415000000000	3	0.000000000000	0.121290000000	0.000000000000	0.010384784242	12000
0	5	0.000000000000	0.415000000000	4	0.000000000000	0.139480000000	0.000000000000	0.013693688952	12000
0	5	0.000000000000	0.415000000000	5	0.000000000000	0.142945000000	0.000000000000	0.009954952339	24000
0	6	0.000000000000	0.500000000000	1	0.000000000000	0.135545000000	0.000000000000	0.017222793026	30000
0	6	0.000000000000	0.500000000000	2	0.000000000000	0.137985000000	0.000000000000	0.015287199661	12000
0	6	0.000000000000	0.500000000000	3	0.000000000000	0.131840000000	0.000000000000	0.012288832956	8000
0	6	0.000000000000	0.500000000000	4	0.000000000000	0.147335000000	0.000000000000	0.013200265983	22000
0	6	0.000000000000	0.500000000000	5	0.000000000000	0.120965000000	0.000000000000	0.011795461327	12000
0	7	0.000000000000	0.580000000000	1	0.000000000000	0.136935000000	0.000000000000	0.020027028158	18000
0	7	0.000000000000	0.580000000000	2	0.000000000000	0.122075000000	0.000000000000	0.008205894937	30000
0	7	0.000000000000	0.580000000000	3	0.000000000000	0.128885000000	0.000000000000	0.010466198752	12000
0	7	0.000000000000	0.580000000000	4	0.000000000000	0.137305000000	0.000000000000	0.010729729824	10000
0	7	0.000000000000	0.580000000000	5	0.000000000000	0.133340000000	0.000000000000	0.016815979816	8000
0	8	0.000000000000	0.665000000000	1	0.000000000000	0.148160000000	0.000000000000	0.010541609247	8000
0	8	0.000000000000	0.665000000000	2	0.000000000000	0.132795000000	0.000000000000	0.018341193374	30000
0	8	0.000000000000	0.665000000000	3	0.000000000000	0.138100000000	0.000000000000	0.011294581337	28000
0	8	0.000000000000	0.665000000000	4	0.000000000000	0.140405000000	0.000000000000	0.015546789948	30000
0	8	0.000000000000	0.665000000000	5	0.000000000000	0.123750000000	0.000000000000	0.011559460244	6000
0	9	0.000000000000	0.750000000000	1	0.000000000000	0.134680000000	0.000000000000	0.016799697314	30000
0	9	0.000000000000	0.750000000000	2	0.000000000000	0.129940000000	0.000000000000	0.013672356539	6000
0	9	0.000000000000	0.750000000000	3	0.000000000000	0.124440000000	0.000000000000	0.012926852034	8000
0	9	0.000000000000	0.750000000000	4	0.000000000000	0.125810000000	0.000000000000	0.012816323894	20000
0	9	0.000000000000	0.750000000000	5	0.000000000000	0.138120000000	0.000000000000	0.014643429586	14000
0	10	0.000000000000	0.830000000000	1	0.000000000000	0.116735000000	0.000000000000	0.009641459056	22000
0	10	0.000000000000	0.830000000000	2	0.000000000000	0.116490000000	0.000000000000	0.011307420473	30000
0	10	0.000000000000	0.830000000000	3	0.000000000000	0.141265000000	0.000000000000	0.013109028249	8000
0	10	0.000000000000	0.830000000000	4	0.000000000000	0.127600000000	0.000000000000	0.010212457799	16000
0	10	0.000000000000	0.830000000000	5	0.000000000000	0.123545000000	0.000000000000	0.013885271901	14000
0	11	0.000000000000	0.915000000000	1	0.000000000000	0.124940000000	0.000000000000	0.011496894301	14000
0	11	0.000000000000	0.915000000000	2	0.000000000000	0.122525000000	0.000000000000	0.013023785701	14000
0	11	0.000000000000	0.915000000000	3	0.000000000000	0.132665000000	0.000000000000	0.009719426024	22000
0	11	0.000000000000	0.915000000000	4	0.000000000000	0.119695000000	0.000000000000	0.009075480116	30000
0	11	0.000000000000	0.915000000000	5	0.000000000000	0.139720000000	0.000000000000	0.011876980368	6000
0	12	0.000000000000	1.000000000000	1	0.000000000000	1.000000000000	0.000000000000	0.000000000000	4000
0	12	0.000000000000	1.000000000000	2	0.000000000000	1.000000000000	0.000000000000	0.000000000000	4000
0	12	0.000000000000	1.000000000000	3	0.000000000000	1.000000000000	0.000000000000	0.000000000000	4000
0	12	0.000000000000	1.000000000000	4	0.000000000000	1.000000000000	0.000000000000	0.000000000000	4000
0	12	0.000000000000	1.000000000000	5	0.000000000000	1.000000000000	0.000000000000	0.000000000000	4000
1	0	0.080000000000	0.000000000000	1	0.564640000000	0.000000000000	0.034719963650	0.000000000000	10000
1	0	0.080000000000	0.000000000000	2	0.557120000000	0.000000000000	0.031149251610	0.000000000000	8000
1	0	0.080000000000	0.000000000000	3	0.535280000000	0.000000000000	0.028438184371	0.000000000000	4000
1	0	0.080000000000	0.000000000000	4	0.570810000000	0.000000000000	0.028366327724	0.000000000000	28000
1	0	0.080000000000	0.000000000000	5	0.569700000000	0.000000000000	0.027211219202	0.000000000000	4000
1	1	0.080000000000	0.080000000000	1	0.562560000000	0.000000000000	0.022639764993	0.000000000000	30000
1	1	0.080000000000	0.080000000000	2	0.558710000000	0.000000000000	0.029928775980	0.000000000000	30000
1	1	0.080000000000	0.080000000000	3	0.582890000000	0.000000000000	0.034700894110	0.000000000000	24000
1	1	0.080000000000	0.080000000000	4	0.534020000000	0.000000000000	0.030102254828	0.000000000000	18000
1	1	0.080000000000	0.080000000000	5	0.555750000000	0.000000000000	0.031471064932	0.000000000000	30000
1	2	0.080000000000	0.165000000000	1	0.574580000000	0.000000000000	0.034557456761	0.000000000000	10000
1	2	0.080000000000	0.165000000000	2	0.569430000000	0.000000000000	0.028771564137	0.000000000000	14000
1	2	0.080000000000	0.165000000000	3	0.554920000000	0.000000000000	0.023536090320	0.000000000000	6000
1	2	0.080000000000	0.165000000000	4	0.592250000000	0.000000000000	0.030495367967	0.000000000000	28000
1	2	0.080000000000	0.165000000000	5	0.586950000000	0.000000000000	0.028684844785	0.000000000000	20000
1	3	0.080000000000	0.250000000000	1	0.578680000000	0.000000000000	0.028772999244	0.000000000000	30000
1	3	0.080000000000	0.250000000000	2	0.573440000000	0.000000000000	0.032857967771	0.000000000000	24000
1	3	0.080000000000	0.250000000000	3	0.541500000000	0.000000000000	0.033607729460	0.000000000000	20000
1	3	0.080000000000	0.250000000000	4	0.563150000000	0.000000000000	0.036787645084	0.000000000000	6000
1	3	0.080000000000	0.250000000000	5	0.554040000000	0.000000000000	0.032908378285	0.000000000000	16000
1	4	0.080000000000	0.330000000000	1	0.575970000000	0.000000000000	0.037713146002	0.000000000000	24000
1	4	0.080000000000	0.330000000000	2	0.567280000000	0.000000000000	0.032044163719	0.000000000000	16000
1	4	0.080000000000	0.330000000000	3	0.556990000000	0.000000000000	0.024780112065	0.000000000000	30000
1	4	0.080000000000	0.330000000000	4	0.553980000000	0.000000000000	0.025530597553	0.000000000000	30000
1	4	0.080000000000	0.330000000000	5	0.549920000000	0.000000000000	0.027877782745	0.000000000000	22000
1	5	0.080000000000	0.415000000000	1	0.575390000000	0.000000000000	0.033270931079	0.000000000000	6000
1	5	0.080000000000	0.415000000000	2	0.561170000000	0.000000000000	0.023513485152	0.000000000000	28000
1	5	0.080000000000	0.415000000000	3	0.580300000000	0.000000000000	0.031459492998	0.000000000000	26000
1	5	0.080000000000	0.415000000000	4	0.570940000000	0.000000000000	0.023252033396	0.000000000000	30000
1	5	0.080000000000	0.415000000000	5	0.574590000000	0.000000000000	0.026441086041	0.000000000000	18000
1	6	0.080000000000	0.500000000000	1	0.564120000000	0.000000000000	0.026231921655	0.000000000000	8000
1	6	0.080000000000	0.500000000000	2	0.553570000000	0.000000000000	0.024522570348	0.000000000000	30000
1	6	0.080000000000	0.500000000000	3	0.538090000000	0.000000000000	0.027429989142	0.000000000000	24000
1	6	0.080000000000	0.500000000000	4	0.561990000000	0.000000000000	0.030650927871	0.000000000000	24000
1	6	0.080000000000	0.500000000000	5	0.549950000000	0.000000000000	0.024732755795	0.000000000000	10000
1	7	0.080000000000	0.580000000000	1	0.577210000000	0.000000000000	0.039861068787	0.000000000000	30000
1	7	0.080000000000	0.580000000000	2	0.560990000000	0.000000000000	0.030884846993	0.000000000000	30000
1	7	0.080000000000	0.580000000000	3	0.552670000000	0.000000000000	0.031814828041	0.000000000000	20000
1	7	0.080000000000	0.580000000000	4	0.568010000000	0.000000000000	0.038484034624	0.000000000000	8000
1	7	0.080000000000	0.580000000000	5	0.573110000000	0.000000000000	0.026239596346	0.000000000000	30000
1	8	0.080000000000	0.665000000000	1	0.594260000000	0.000000000000	0.031856981453	0.000000000000	30000
1	8	0.080000000000	0.665000000000	2	0.538640000000	0.000000000000	0.031156397756	0.000000000000	12000
1	8	0.080000000000	0.665000000000	3	0.571670000000	0.000000000000	0.039020939683	0.000000000000	18000
1	8	0.080000000000	0.665000000000	4	0.587750000000	0.000000000000	0.031286040279	0.000000000000	8000
1	8	0.080000000000	0.665000000000	5	0.567890000000	0.000000000000	0.030268202194	0.000000000000	20000
1	9	0.080000000000	0.750000000000	1	0.547940000000	0.000000000000	0.023458616897	0.000000000000	20000
1	9	0.080000000000	0.750000000000	2	0.567630000000	0.000000000000	0.038626093189	0.000000000000	26000
1	9	0.080000000000	0.750000000000	3	0.551730000000	0.000000000000	0.028321532607	0.000000000000	6000
1	9	0.080000000000	0.750000000000	4	0.574270000000	0.000000000000	0.036576015432	0.000000000000	6000
1	9	0.080000000000	0.750000000000	5	0.558360000000	0.000000000000	0.039591386410	0.000000000000	16000
1	10	0.080000000000	0.830000000000	1	0.579620000000	0.000000000000	0.032630052411	0.000000000000	12000
1	10	0.080000000000	0.830000000000	2	0.573050000000	0.000000000000	0.031483149282	0.000000000000	14000
1	10	0.080000000000	0.830000000000	3	0.574390000000	0.000000000000	0.023378932278	0.000000000000	30000
1	10	0.080000000000	0.830000000000	4	0.566350000000	0.000000000000	0.032068768388	0.000000000000	8000
1	10	0.080000000000	0.830000000000	5	0.577570000000	0.000000000000	0.030011594356	0.000000000000	30000
1	11	0.080000000000	0.915000000000	1	0.569470000000	0.000000000000	0.030717465108	0.000000000000	12000
1	11	0.080000000000	0.915000000000	2	0.571920000000	0.000000000000	0.030539257461	0.000000000000	8000
1	11	0.080000000000	0.915000000000	3	0.544450000000	0.000000000000	0.030262407593	0.000000000000	30000
1	11	0.080000000000	0.915000000000	4	0.566550000000	0.000000000000	0.043081939993	0.000000000000	16000
1	11	0.080000000000	0.915000000000	5	0.555380000000	0.000000000000	0.031103424619	0.000000000000	8000
1	12	0.080000000000	1.000000000000	1	0.000000000000	1.000000000000	0.000000000000	0.000000000000	6000
1	12	0.080000000000	1.000000000000	2	0.000000000000	1.000000000000	0.000000000000	0.000000000000	6000
1	12	0.080000000000	1.000000000000	3	0.000000000000	1.000000000000	0.000000000000	0.000000000000	6000
1	12	0.080000000000	1.000000000000	4	0.000000000000	1.000000000000	0.000000000000	0.000000000000	6000
1	12	0.080000000000	1.000000000000	5	0.000000000000	1.000000000000	0.000000000000	0.000000000000	6000
2	0	0.160000000000	0.000000000000	1	0.554450000000	0.000000000000	0.039355385227	0.000000000000	12000
2	0	0.160000000000	0.000000000000	2	0.568960000000	0.000000000000	0.032551159395	0.000000000000	10000
2	0	0.160000000000	0.000000000000	3	0.553430000000	0.000000000000	0.035549949352	0.000000000000	10000
2	0	0.160000000000	0.000000000000	4	0.556010000000	0.000000000000	0.029523745554	0.000000000000	4000
2	0	0.160000000000	0.000000000000	5	0.581640000000	0.000000000000	0.032501796362	0.000000000000	4000
2	1	0.160000000000	0.080000000000	1	0.559370000000	0.000000000000	0.031200586158	0.000000000000	30000
2	1	0.160000000000	0.080000000000	2	0.570330000000	0.000000000000	0.037884381034	0.000000000000	26000
2	1	0.160000000000	0.080000000000	3	0.537450000000	0.000000000000	0.037945188593	0.000000000000	30000
2	1	0.160000000000	0.080000000000	4	0.550560000000	0.000000000000	0.025623093938	0.000000000000	30000
2	1	0.160000000000	0.080000000000	5	0.553560000000	0.000000000000	0.031684859639	0.000000000000	28000
2	2	0.160000000000	0.165000000000	1	0.562780000000	0.000000000000	0.028637243088	0.000000000000	16000
2	2	0.160000000000	0.165000000000	2	0.544760000000	0.000000000000	0.038756218139	0.000000000000	28000
2	2	0.160000000000	0.165000000000	3	0.552660000000	0.000000000000	0.030680053221	0.000000000000	8000
2	2	0.160000000000	0.165000000000	4	0.552220000000	0.000000000000	0.027659295664	0.000000000000	8000
2	2	0.160000000000	0.165000000000	5	0.557540000000	0.000000000000	0.037295299159	0.000000000000	6000
2	3	0.160000000000	0.250000000000	1	0.564770000000	0.000000000000	0.032348006020	0.000000000000	10000
2	3	0.160000000000	0.250000000000	2	0.551660000000	0.000000000000	0.028817960977	0.000000000000	24000
2	3	0.160000000000	0.250000000000	3	0.564630000000	0.000000000000	0.028839119175	0.000000000000	18000
2	3	0.160000000000	0.250000000000	4	0.559410000000	0.000000000000	0.030233523876	0.000000000000	8000
2	3	0.160000000000	0.250000000000	5	0.555640000000	0.000000000000	0.027094732413	0.000000000000	6000
2	4	0.160000000000	0.330000000000	1	0.563820000000	0.000000000000	0.029581796475	0.000000000000	16000
2	4	0.160000000000	0.330000000000	2	0.570750000000	0.000000000000	0.025698208068	0.000000000000	6000
2	4	0.160000000000	0.330000000000	3	0.553450000000	0.000000000000	0.029726775492	0.000000000000	16000
2	4	0.160000000000	0.330000000000	4	0.571780000000	0.000000000000	0.033453710568	0.000000000000	18000
2	4	0.160000000000	0.330000000000	5	0.592180000000	0.000000000000	0.026603671840	0.000000000000	8000
2	5	0.160000000000	0.415000000000	1	0.561320000000	0.000000000000	0.032565597156	0.000000000000	14000
2	5	0.160000000000	0.415000000000	2	0.574080000000	0.000000000000	0.027984580339	0.000000000000	30000
2	5	0.160000000000	0.415000000000	3	0.538960000000	0.000000000000	0.036194314863	0.000000000000	10000
2	5	0.160000000000	0.415000000000	4	0.578890000000	0.000000000000	0.030977855438	0.000000000000	26000
2	5	0.160000000000	0.415000000000	5	0.589310000000	0.000000000000	0.027921380759	0.000000000000	8000
2	6	0.160000000000	0.500000000000	1	0.556590000000	0.000000000000	0.020136468841	0.000000000000	6000
2	6	0.160000000000	0.500000000000	2	0.533430000000	0.000000000000	0.035549949352	0.000000000000	18000
2	6	0.160000000000	0.500000000000	3	0.542310000000	0.000000000000	0.033527421434	0.000000000000	16000
2	6	0.160000000000	0.500000000000	4	0.587820000000	0.000000000000	0.034366097082	0.000000000000	30000
2	6	0.160000000000	0.500000000000	5	0.580130000000	0.000000000000	0.036016389051	0.000000000000	28000
2	7	0.160000000000	0.580000000000	1	0.540220000000	0.000000000000	0.030000860849	0.000000000000	30000
2	7	0.160000000000	0.580000000000	2	0.555400000000	0.000000000000	0.023025424430	0.000000000000	14000
2	7	0.160000000000	0.580000000000	3	0.568050000000	0.000000000000	0.035715165869	0.000000000000	6000
2	7	0.160000000000	0.580000000000	4	0.551800000000	0.000000000000	0.022460286384	0.000000000000	30000
2	7	0.160000000000	0.580000000000	5	0.589420000000	0.000000000000	0.039883007086	0.000000000000	12000
2	8	0.160000000000	0.665000000000	1	0.535240000000	0.000000000000	0.024983325771	0.000000000000	16000
2	8	0.160000000000	0.665000000000	2	0.558000000000	0.000000000000	0.031638599858	0.000000000000	18000
2	8	0.160000000000	0.665000000000	3	0.571050000000	0.000000000000	0.026580143040	0.000000000000	30000
2	8	0.160000000000	0.665000000000	4	0.536060000000	0.000000000000	0.037925119838	0.000000000000	30000
2	8	0.160000000000	0.665000000000	5	0.583000000000	0.000000000000	0.034055245701	0.000000000000	12000
2	9	0.160000000000	0.750000000000	1	0.540450000000	0.000000000000	0.024554030227	0.000000000000	8000
2	9	0.160000000000	0.750000000000	2	0.548680000000	0.000000000000	0.027327722269	0.000000000000	26000
2	9	0.160000000000	0.750000000000	3	0.599320000000	0.000000000000	0.030810499621	0.000000000000	30000
2	9	0.160000000000	0.750000000000	4	0.570800000000	0.000000000000	0.035894964110	0.000000000000	10000
2	9	0.160000000000	0.750000000000	5	0.536830000000	0.000000000000	0.027763679906	0.000000000000	30000
2	10	0.160000000000	0.830000000000	1	0.605650000000	0.000000000000	0.033019203015	0.000000000000	10000
2	10	0.160000000000	0.830000000000	2	0.566980000000	0.000000000000	0.034924193610	0.000000000000	30000
2	10	0.160000000000	0.830000000000	3	0.573850000000	0.000000000000	0.030126152842	0.000000000000	8000
2	10	0.160000000000	0.830000000000	4	0.564850000000	0.000000000000	0.029435419887	0.000000000000	12000
2	10	0.160000000000	0.830000000000	5	0.571880000000	0.000000000000	0.039820236705	0.000000000000	18000
2	11	0.160000000000	0.915000000000	1	0.569380000000	0.000000000000	0.032931749120	0.000000000000	30000
2	11	0.160000000000	0.915000000000	2	0.558000000000	0.000000000000	0.026898392583	0.000000000000	20000
2	11	0.160000000000	0.915000000000	3	0.542240000000	0.000000000000	0.036031662197	0.000000000000	20000
2	11	0.160000000000	0.915000000000	4	0.575350000000	0.000000000000	0.031213006131	0.000000000000	30000
2	11	0.160000000000	0.915000000000	5	0.575530000000	0.000000000000	0.032344478126	0.000000000000	18000
2	12	0.160000000000	1.000000000000	1	0.000000000000	1.000000000000	0.000000000000	0.000000000000	6000
2	12	0.160000000000	1.000000000000	2	0.000000000000	1.000000000000	0.000000000000	0.000000000000	6000
2	12	0.160000000000	1.000000000000	3	0.000000000000	1.000000000000	0.000000000000	0.000000000000	6000
2	12	0.160000000000	1.000000000000	4	0.000000000000	1.000000000000	0.000000000000	0.000000000000	6000
2	12	0.160000000000	1.000000000000	5	0.000000000000	1.000000000000	0.000000000000	0.000000000000	6000
3	0	0.250000000000	0.000000000000	1	0.579310000000	0.000000000000	0.040314378938	0.000000000000	6000
3	0	0.250000000000	0.000000000000	2	0.573860000000	0.000000000000	0.027511038825	0.000000000000	4000
3	0	0.250000000000	0.000000000000	3	0.568660000000	0.000000000000	0.037137361021	0.000000000000	12000
3	0	0.250000000000	0.000000000000	4	0.554860000000	0.000000000000	0.023599519854	0.000000000000	30000
3	0	0.250000000000	0.000000000000	5	0.540090000000	0.000000000000	0.028672530652	0.000000000000	30000
3	1	0.250000000000	0.080000000000	1	0.572300000000	0.000000000000	0.029684864682	0.000000000000	8000
3	1	0.250000000000	0.080000000000	2	0.544320000000	0.000000000000	0.036122602930	0.000000000000	30000
3	1	0.250000000000	0.080000000000	3	0.615440000000	0.000000000000	0.030227803759	0.000000000000	30000
3	1	0.250000000000	0.080000000000	4	0.569420000000	0.000000000000	0.033867545093	0.000000000000	10000
3	1	0.250000000000	0.080000000000	5	0.561380000000	0.000000000000	0.032774529284	0.000000000000	30000
3	2	0.250000000000	0.165000000000	1	0.567850000000	0.000000000000	0.039451665794	0.000000000000	22000
3	2	0.250000000000	0.165000000000	2	0.551260000000	0.000000000000	0.021467959225	0.000000000000	18000
3	2	0.250000000000	0.165000000000	3	0.547710000000	0.000000000000	0.036455244957	0.000000000000	6000
3	2	0.250000000000	0.165000000000	4	0.552870000000	0.000000000000	0.028253519451	0.000000000000	10000
3	2	0.250000000000	0.165000000000	5	0.514310000000	0.000000000000	0.025486731322	0.000000000000	20000
3	3	0.250000000000	0.250000000000	1	0.581880000000	0.000000000000	0.026060405690	0.000000000000	22000
3	3	0.250000000000	0.250000000000	2	0.572500000000	0.000000000000	0.024346308606	0.000000000000	6000
3	3	0.250000000000	0.250000000000	3	0.556470000000	0.000000000000	0.025378793966	0.000000000000	24000
3	3	0.250000000000	0.250000000000	4	0.545000000000	0.000000000000	0.027541941808	0.000000000000	30000
3	3	0.250000000000	0.250000000000	5	0.577690000000	0.000000000000	0.037672046441	0.000000000000	20000
3	4	0.250000000000	0.330000000000	1	0.566360000000	0.000000000000	0.023564925328	0.000000000000	30000
3	4	0.250000000000	0.330000000000	2	0.539370000000	0.000000000000	0.029143652010	0.000000000000	30000
3	4	0.250000000000	0.330000000000	3	0.567580000000	0.000000000000	0.040523891543	0.000000000000	8000
3	4	0.250000000000	0.330000000000	4	0.570190000000	0.000000000000	0.033165703126	0.000000000000	30000
3	4	0.250000000000	0.330000000000	5	0.565380000000	0.000000000000	0.028738153759	0.000000000000	8000
3	5	0.250000000000	0.415000000000	1	0.575630000000	0.000000000000	0.036026393117	0.000000000000	8000
3	5	0.250000000000	0.415000000000	2	0.578700000000	0.000000000000	0.037636770936	0.000000000000	30000
3	5	0.250000000000	0.415000000000	3	0.548130000000	0.000000000000	0.023339833929	0.000000000000	6000
3	5	0.250000000000	0.415000000000	4	0.545910000000	0.000000000000	0.032015572725	0.000000000000	30000
3	5	0.250000000000	0.415000000000	5	0.531190000000	0.000000000000	0.028553444612	0.000000000000	6000
3	6	0.250000000000	0.500000000000	1	0.564960000000	0.000000000000	0.031584743089	0.000000000000	30000
3	6	0.250000000000	0.500000000000	2	0.567550000000	0.000000000000	0.035331938043	0.000000000000	30000
3	6	0.250000000000	0.500000000000	3	0.552870000000	0.000000000000	0.027879030477	0.000000000000	30000
3	6	0.250000000000	0.500000000000	4	0.569380000000	0.000000000000	0.031419783621	0.000000000000	20000
3	6	0.250000000000	0.500000000000	5	0.558980000000	0.000000000000	0.037772826031	0.000000000000	14000
3	7	0.250000000000	0.580000000000	1	0.570030000000	0.000000000000	0.034494767560	0.000000000000	28000
3	7	0.250000000000	0.580000000000	2	0.523270000000	0.000000000000	0.028629123751	0.000000000000	10000
3	7	0.250000000000	0.580000000000	3	0.533850000000	0.000000000000	0.025983699749	0.000000000000	14000
3	7	0.250000000000	0.580000000000	4	0.555170000000	0.000000000000	0.034727180667	0.000000000000	14000
3	7	0.250000000000	0.580000000000	5	0.566620000000	0.000000000000	0.029089892090	0.000000000000	24000
3	8	0.250000000000	0.665000000000	1	0.582620000000	0.000000000000	0.036865901517	0.000000000000	10000
3	8	0.250000000000	0.665000000000	2	0.548980000000	0.000000000000	0.030562946417	0.000000000000	18000
3	8	0.250000000000	0.665000000000	3	0.545750000000	0.000000000000	0.030347297383	0.000000000000	30000
3	8	0.250000000000	0.665000000000	4	0.580970000000	0.000000000000	0.040728588460	0.000000000000	12000
3	8	0.250000000000	0.665000000000	5	0.567080000000	0.000000000000	0.045180913170	0.000000000000	14000
3	9	0.250000000000	0.750000000000	1	0.568930000000	0.000000000000	0.024822797410	0.000000000000	8000
3	9	0.250000000000	0.750000000000	2	0.574850000000	0.000000000000	0.028635598431	0.000000000000	22000
3	9	0.250000000000	0.750000000000	3	0.557710000000	0.000000000000	0.030129116543	0.000000000000	14000
3	9	0.250000000000	0.750000000000	4	0.561600000000	0.000000000000	0.027220965835	0.000000000000	30000
3	9	0.250000000000	0.750000000000	5	0.537230000000	0.000000000000	0.033125887527	0.000000000000	20000
3	10	0.250000000000	0.830000000000	1	0.583400000000	0.000000000000	0.030619888595	0.000000000000	18000
3	10	0.250000000000	0.830000000000	2	0.570060000000	0.000000000000	0.031565690121	0.000000000000	18000
3	10	0.250000000000	0.830000000000	3	0.591990000000	0.000000000000	0.032329322373	0.000000000000	10000
3	10	0.250000000000	0.830000000000	4	0.599010000000	0.000000000000	0.032649439289	0.000000000000	16000
3	10	0.250000000000	0.830000000000	5	0.541660000000	0.000000000000	0.028341623942	0.000000000000	16000
3	11	0.250000000000	0.915000000000	1	0.555730000000	0.000000000000	0.031664961231	0.000000000000	20000
3	11	0.250000000000	0.915000000000	2	0.554810000000	0.000000000000	0.026647213250	0.000000000000	26000
3	11	0.250000000000	0.915000000000	3	0.560540000000	0.000000000000	0.029112814291	0.000000000000	30000
3	11	0.250000000000	0.915000000000	4	0.560430000000	0.000000000000	0.027562198294	0.000000000000	10000
3	11	0.250000000000	0.915000000000	5	0.550170000000	0.000000000000	0.029125923495	0.000000000000	16000
3	12	0.250000000000	1.000000000000	1	0.000000000000	1.000000000000	0.000000000000	0.000000000000	6000
3	12	0.250000000000	1.000000000000	2	0.000000000000	1.000000000000	0.000000000000	0.000000000000	6000
3	12	0.250000000000	1.000000000000	3	0.000000000000	1.000000000000	0.000000000000	0.000000000000	6000
3	12	0.250000000000	1.000000000000	4	0.000000000000	1.000000000000	0.000000000000	0.000000000000	6000
3	12	0.250000000000	1.000000000000	5	0.000000000000	1.000000000000	0.000000000000	0.000000000000	6000
4	0	0.330000000000	0.000000000000	1	0.550460000000	0.000000000000	0.031301248668	0.000000000000	6000
4	0	0.330000000000	0.000000000000	2	0.588520000000	0.000000000000	0.033739412383	0.000000000000	30000
4	0	0.330000000000	0.000000000000	3	0.559220000000	0.000000000000	0.039969853505	0.000000000000	30000
4	0	0.330000000000	0.000000000000	4	0.568990000000	0.000000000000	0.028518295762	0.000000000000	14000
4	0	0.330000000000	0.000000000000	5	0.577780000000	0.000000000000	0.027232576323	0.000000000000	6000
4	1	0.330000000000	0.080000000000	1	0.578090000000	0.000000000000	0.027334942822	0.000000000000	20000
4	1	0.330000000000	0.080000000000	2	0.576850000000	0.000000000000	0.037989744942	0.000000000000	30000
4	1	0.330000000000	0.080000000000	3	0.565440000000	0.000000000000	0.032989311825	0.000000000000	30000
4	1	0.330000000000	0.080000000000	4	0.581040000000	0.000000000000	0.034555933101	0.000000000000	30000
4	1	0.330000000000	0.080000000000	5	0.556350000000	0.000000000000	0.023802185699	0.000000000000	30000
4	2	0.330000000000	0.165000000000	1	0.558990000000	0.000000000000	0.030666273336	0.000000000000	30000
4	2	0.330000000000	0.165000000000	2	0.541010000000	0.000000000000	0.026014547020	0.000000000000	30000
4	2	0.330000000000	0.165000000000	3	0.557520000000	0.000000000000	0.032110445040	0.000000000000	12000
4	2	0.330000000000	0.165000000000	4	0.565820000000	0.000000000000	0.036697060840	0.000000000000	12000
4	2	0.330000000000	0.165000000000	5	0.540460000000	0.000000000000	0.029466195151	0.000000000000	6000
4	3	0.330000000000	0.250000000000	1	0.540510000000	0.000000000000	0.031935243224	0.000000000000	12000
4	3	0.330000000000	0.250000000000	2	0.536370000000	0.000000000000	0.026309985088	0.000000000000	14000
4	3	0.330000000000	0.250000000000	3	0.532380000000	0.000000000000	0.037050078385	0.000000000000	6000
4	3	0.330000000000	0.250000000000	4	0.564420000000	0.000000000000	0.036951712126	0.000000000000	30000
4	3	0.330000000000	0.250000000000	5	0.524980000000	0.000000000000	0.032931505949	0.000000000000	14000
4	4	0.330000000000	0.330000000000	1	0.579780000000	0.000000000000	0.032314018565	0.000000000000	30000
4	4	0.330000000000	0.330000000000	2	0.550550000000	0.000000000000	0.040837056274	0.000000000000	6000
4	4	0.330000000000	0.330000000000	3	0.588550000000	0.000000000000	0.028464147760	0.000000000000	26000
4	4	0.330000000000	0.330000000000	4	0.554730000000	0.000000000000	0.033048741569	0.000000000000	30000
4	4	0.330000000000	0.330000000000	5	0.559050000000	0.000000000000	0.024976415302	0.000000000000	10000
4	5	0.330000000000	0.415000000000	1	0.538620000000	0.000000000000	0.028787572394	0.000000000000	18000
4	5	0.330000000000	0.415000000000	2	0.565920000000	0.000000000000	0.033467501754	0.000000000000	30000
4	5	0.330000000000	0.415000000000	3	0.540320000000	0.000000000000	0.027313799509	0.000000000000	10000
4	5	0.330000000000	0.415000000000	4	0.550910000000	0.000000000000	0.029334833090	0.000000000000	16000
4	5	0.330000000000	0.415000000000	5	0.551080000000	0.000000000000	0.041162214808	0.000000000000	30000
4	6	0.330000000000	0.500000000000	1	0.581640000000	0.000000000000	0.032557186156	0.000000000000	30000
4	6	0.330000000000	0.500000000000	2	0.577140000000	0.000000000000	0.026682060122	0.000000000000	30000
4	6	0.330000000000	0.500000000000	3	0.574280000000	0.000000000000	0.040163350143	0.000000000000	30000
4	6	0.330000000000	0.500000000000	4	0.537740000000	0.000000000000	0.032526148717	0.000000000000	30000
4	6	0.330000000000	0.500000000000	5	0.560600000000	0.000000000000	0.025477226872	0.000000000000	10000
4	7	0.330000000000	0.580000000000	1	0.572090000000	0.000000000000	0.024317138467	0.000000000000	30000
4	7	0.330000000000	0.580000000000	2	0.569650000000	0.000000000000	0.023193003588	0.000000000000	12000
4	7	0.330000000000	0.580000000000	3	0.564270000000	0.000000000000	0.023422547165	0.000000000000	6000
4	7	0.330000000000	0.580000000000	4	0.585760000000	0.000000000000	0.026262370649	0.000000000000	24000
4	7	0.330000000000	0.580000000000	5	0.563250000000	0.000000000000	0.039133987389	0.000000000000	8000
4	8	0.330000000000	0.665000000000	1	0.562060000000	0.000000000000	0.035295923309	0.000000000000	18000
4	8	0.330000000000	0.665000000000	2	0.590800000000	0.000000000000	0.033631697713	0.000000000000	10000
4	8	0.330000000000	0.665000000000	3	0.561360000000	0.000000000000	0.033788934462	0.000000000000	16000
4	8	0.330000000000	0.665000000000	4	0.555080000000	0.000000000000	0.031397123744	0.000000000000	10000
4	8	0.330000000000	0.665000000000	5	0.583730000000	0.000000000000	0.025714749626	0.000000000000	30000
4	9	0.330000000000	0.750000000000	1	0.542130000000	0.000000000000	0.034341555621	0.000000000000	18000
4	9	0.330000000000	0.750000000000	2	0.558000000000	0.000000000000	0.024952407151	0.000000000000	30000
4	9	0.330000000000	0.750000000000	3	0.549220000000	0.000000000000	0.034710177130	0.000000000000	16000
4	9	0.330000000000	0.750000000000	4	0.556670000000	0.000000000000	0.042636005077	0.000000000000	6000
4	9	0.330000000000	0.750000000000	5	0.556730000000	0.000000000000	0.040045108449	0.000000000000	8000
4	10	0.330000000000	0.830000000000	1	0.553010000000	0.000000000000	0.030557710544	0.000000000000	30000
4	10	0.330000000000	0.830000000000	2	0.573540000000	0.000000000000	0.043381451686	0.000000000000	14000
4	10	0.330000000000	0.830000000000	3	0.590340000000	0.000000000000	0.032145259646	0.000000000000	18000
4	10	0.330000000000	0.830000000000	4	0.557840000000	0.000000000000	0.025903772030	0.000000000000	30000
4	10	0.330000000000	0.830000000000	5	0.580190000000	0.000000000000	0.033722412445	0.000000000000	30000
4	11	0.330000000000	0.915000000000	1	0.546770000000	0.000000000000	0.030698689052	0.000000000000	8000
4	11	0.330000000000	0.915000000000	2	0.566170000000	0.000000000000	0.042344115578	0.000000000000	12000
4	11	0.330000000000	0.915000000000	3	0.581620000000	0.000000000000	0.033515651551	0.000000000000	14000
4	11	0.330000000000	0.915000000000	4	0.542760000000	0.000000000000	0.026579858707	0.000000000000	18000
4	11	0.330000000000	0.915000000000	5	0.565520000000	0.000000000000	0.031396103505	0.000000000000	6000
4	12	0.330000000000	1.000000000000	1	0.000000000000	1.000000000000	0.000000000000	0.000000000000	6000
4	12	0.330000000000	1.000000000000	2	0.000000000000	1.000000000000	0.000000000000	0.000000000000	6000
4	12	0.330000000000	1.000000000000	3	0.000000000000	1.000000000000	0.000000000000	0.000000000000	6000
4	12	0.330000000000	1.000000000000	4	0.000000000000	1.000000000000	0.000000000000	0.000000000000	8000
4	12	0.330000000000	1.000000000000	5	0.000000000000	1.000000000000	0.000000000000	0.000000000000	6000
5	0	0.410000000000	0.000000000000	1	0.533360000000	0.000000000000	0.030216277458	0.000000000000	24000
5	0	0.410000000000	0.000000000000	2	0.560700000000	0.000000000000	0.032344337312	0.000000000000	10000
5	0	0.410000000000	0.000000000000	3	0.537060000000	0.000000000000	0.030804306603	0.000000000000	24000
5	0	0.410000000000	0.000000000000	4	0.592190000000	0.000000000000	0.033367908495	0.000000000000	30000
5	0	0.410000000000	0.000000000000	5	0.551850000000	0.000000000000	0.029555897061	0.000000000000	8000
5	1	0.410000000000	0.080000000000	1	0.564940000000	0.000000000000	0.030821199625	0.000000000000	30000
5	1	0.410000000000	0.080000000000	2	0.598330000000	0.000000000000	0.030016863795	0.000000000000	8000
5	1	0.410000000000	0.080000000000	3	0.525600000000	0.000000000000	0.036358794836	0.000000000000	24000
5	1	0.410000000000	0.080000000000	4	0.572790000000	0.000000000000	0.031615113718	0.000000000000	30000
5	1	0.410000000000	0.080000000000	5	0.548590000000	0.000000000000	0.033681543111	0.000000000000	30000
5	2	0.410000000000	0.165000000000	1	0.556450000000	0.000000000000	0.023234399870	0.000000000000	10000
5	2	0.410000000000	0.165000000000	2	0.558430000000	0.000000000000	0.026910207343	0.000000000000	6000
5	2	0.410000000000	0.165000000000	3	0.572600000000	0.000000000000	0.025220548687	0.000000000000	30000
5	2	0.410000000000	0.165000000000	4	0.540500000000	0.000000000000	0.024514300948	0.000000000000	16000
5	2	0.410000000000	0.165000000000	5	0.567120000000	0.000000000000	0.025736510408	0.000000000000	8000
5	3	0.410000000000	0.250000000000	1	0.552100000000	0.000000000000	0.035117278129	0.000000000000	28000
5	3	0.410000000000	0.250000000000	2	0.578410000000	0.000000000000	0.034163416677	0.000000000000	18000
5	3	0.410000000000	0.250000000000	3	0.535020000000	0.000000000000	0.031025185933	0.000000000000	22000
5	3	0.410000000000	0.250000000000	4	0.571320000000	0.000000000000	0.037895826864	0.000000000000	30000
5	3	0.410000000000	0.250000000000	5	0.583140000000	0.000000000000	0.034279957928	0.000000000000	14000
5	4	0.410000000000	0.330000000000	1	0.559870000000	0.000000000000	0.027437855892	0.000000000000	10000
5	4	0.410000000000	0.330000000000	2	0.564130000000	0.000000000000	0.022337010589	0.000000000000	16000
5	4	0.410000000000	0.330000000000	3	0.580410000000	0.000000000000	0.024668612455	0.000000000000	26000
5	4	0.410000000000	0.330000000000	4	0.570450000000	0.000000000000	0.027129937957	0.000000000000	18000
5	4	0.410000000000	0.330000000000	5	0.571870000000	0.000000000000	0.034216573088	0.000000000000	12000
5	5	0.410000000000	0.415000000000	1	0.546610000000	0.000000000000	0.029914926087	0.000000000000	6000
5	5	0.410000000000	0.415000000000	2	0.532240000000	0.000000000000	0.034701391710	0.000000000000	18000
5	5	0.410000000000	0.415000000000	3	0.558300000000	0.000000000000	0.036431267302	0.000000000000	30000
5	5	0.410000000000	0.415000000000	4	0.577430000000	0.000000000000	0.031100841827	0.000000000000	12000
5	5	0.410000000000	0.415000000000	5	0.563080000000	0.000000000000	0.032951470368	0.000000000000	10000
5	6	0.410000000000	0.500000000000	1	0.538420000000	0.000000000000	0.026118686525	0.000000000000	16000
5	6	0.410000000000	0.500000000000	2	0.541020000000	0.000000000000	0.035561555425	0.000000000000	8000
5	6	0.410000000000	0.500000000000	3	0.578070000000	0.000000000000	0.033587247628	0.000000000000	12000
5	6	0.410000000000	0.500000000000	4	0.573460000000	0.000000000000	0.037845219786	0.000000000000	18000
5	6	0.410000000000	0.500000000000	5	0.589680000000	0.000000000000	0.030325191132	0.000000000000	10000
5	7	0.410000000000	0.580000000000	1	0.535490000000	0.000000000000	0.027526671023	0.000000000000	10000
5	7	0.410000000000	0.580000000000	2	0.542670000000	0.000000000000	0.026383084868	0.000000000000	28000
5	7	0.410000000000	0.580000000000	3	0.540620000000	0.000000000000	0.027220517199	0.000000000000	20000
5	7	0.410000000000	0.580000000000	4	0.558640000000	0.000000000000	0.023394394579	0.000000000000	30000
5	7	0.410000000000	0.580000000000	5	0.581350000000	0.000000000000	0.026724365132	0.000000000000	12000
5	8	0.410000000000	0.665000000000	1	0.567490000000	0.000000000000	0.036234138776	0.000000000000	20000
5	8	0.410000000000	0.665000000000	2	0.581670000000	0.000000000000	0.026893016460	0.000000000000	30000
5	8	0.410000000000	0.665000000000	3	0.562950000000	0.000000000000	0.039999968719	0.000000000000	30000
5	8	0.410000000000	0.665000000000	4	0.552000000000	0.000000000000	0.027999713998	0.000000000000	30000
5	8	0.410000000000	0.665000000000	5	0.556920000000	0.000000000000	0.034419446514	0.000000000000	26000
5	9	0.410000000000	0.750000000000	1	0.575010000000	0.000000000000	0.030963828230	0.000000000000	18000
5	9	0.410000000000	0.750000000000	2	0.553940000000	0.000000000000	0.034728698255	0.000000000000	10000
5	9	0.410000000000	0.750000000000	3	0.557180000000	0.000000000000	0.020230097797	0.000000000000	30000
5	9	0.410000000000	0.750000000000	4	0.574520000000	0.000000000000	0.031463622798	0.000000000000	6000
5	9	0.410000000000	0.750000000000	5	0.553670000000	0.000000000000	0.039827343840	0.000000000000	20000
5	10	0.410000000000	0.830000000000	1	0.552410000000	0.000000000000	0.033882738082	0.000000000000	6000
5	10	0.410000000000	0.830000000000	2	0.557240000000	0.000000000000	0.032552143432	0.000000000000	6000
5	10	0.410000000000	0.830000000000	3	0.557650000000	0.000000000000	0.033446916094	0.000000000000	8000
5	10	0.410000000000	0.830000000000	4	0.514300000000	0.000000000000	0.038546021789	0.000000000000	10000
5	10	0.410000000000	0.830000000000	5	0.537690000000	0.000000000000	0.028816562847	0.000000000000	6000
5	11	0.410000000000	0.915000000000	1	0.600480000000	0.000000000000	0.038777226219	0.000000000000	16000
5	11	0.410000000000	0.915000000000	2	0.584950000000	0.000000000000	0.027399785551	0.000000000000	6000
5	11	0.410000000000	0.915000000000	3	0.556750000000	0.000000000000	0.029621190302	0.000000000000	30000
5	11	0.410000000000	0.915000000000	4	0.570270000000	0.000000000000	0.030616408419	0.000000000000	14000
5	11	0.410000000000	0.915000000000	5	0.567230000000	0.000000000000	0.030629483594	0.000000000000	30000
5	12	0.410000000000	1.000000000000	1	0.000000000000	1.000000000000	0.000000000000	0.000000000000	6000
5	12	0.410000000000	1.000000000000	2	0.000000000000	1.000000000000	0.000000000000	0.000000000000	6000
5	12	0.410000000000	1.000000000000	3	0.000000000000	1.000000000000	0.000000000000	0.000000000000	6000
5	12	0.410000000000	1.000000000000	4	0.000000000000	1.000000000000	0.000000000000	0.000000000000	6000
5	12	0.410000000000	1.000000000000	5	0.000000000000	1.000000000000	0.000000000000	0.000000000000	6000
6	0	0.500000000000	0.000000000000	1	0.556640000000	0.000000000000	0.029799301978	0.000000000000	6000
6	0	0.500000000000	0.000000000000	2	0.536430000000	0.000000000000	0.029315772453	0.000000000000	14000
6	0	0.500000000000	0.000000000000	3	0.576710000000	0.000000000000	0.034659445714	0.000000000000	14000
6	0	0.500000000000	0.000000000000	4	0.613410000000	0.000000000000	0.034717102085	0.000000000000	4000
6	0	0.500000000000	0.000000000000	5	0.590780000000	0.000000000000	0.034137324982	0.000000000000	18000
6	1	0.500000000000	0.080000000000	1	0.535870000000	0.000000000000	0.032856089582	0.000000000000	6000
6	1	0.500000000000	0.080000000000	2	0.562850000000	0.000000000000	0.028347505729	0.000000000000	16000
6	1	0.500000000000	0.080000000000	3	0.562630000000	0.000000000000	0.026280673008	0.000000000000	14000
6	1	0.500000000000	0.080000000000	4	0.557060000000	0.000000000000	0.025884868677	0.000000000000	22000
6	1	0.500000000000	0.080000000000	5	0.571120000000	0.000000000000	0.032264323743	0.000000000000	30000
6	2	0.500000000000	0.165000000000	1	0.535560000000	0.000000000000	0.035807381482	0.000000000000	16000
6	2	0.500000000000	0.165000000000	2	0.583700000000	0.000000000000	0.044774040634	0.000000000000	30000
6	2	0.500000000000	0.165000000000	3	0.560910000000	0.000000000000	0.027401144551	0.000000000000	14000
6	2	0.500000000000	0.165000000000	4	0.546450000000	0.000000000000	0.028261213636	0.000000000000	8000
6	2	0.500000000000	0.165000000000	5	0.585140000000	0.000000000000	0.033972555608	0.000000000000	12000
6	3	0.500000000000	0.250000000000	1	0.568950000000	0.000000000000	0.028042537044	0.000000000000	8000
6	3	0.500000000000	0.250000000000	2	0.553170000000	0.000000000000	0.031222202452	0.000000000000	16000
6	3	0.500000000000	0.250000000000	3	0.554380000000	0.000000000000	0.027275622075	0.000000000000	20000
6	3	0.500000000000	0.250000000000	4	0.578960000000	0.000000000000	0.035515908827	0.000000000000	16000
6	3	0.500000000000	0.250000000000	5	0.538890000000	0.000000000000	0.028616197979	0.000000000000	10000
6	4	0.500000000000	0.330000000000	1	0.550600000000	0.000000000000	0.036559220131	0.000000000000	30000
6	4	0.500000000000	0.330000000000	2	0.545730000000	0.000000000000	0.038093545624	0.000000000000	26000
6	4	0.500000000000	0.330000000000	3	0.565520000000	0.000000000000	0.033057864759	0.000000000000	22000
6	4	0.500000000000	0.330000000000	4	0.554990000000	0.000000000000	0.033092219554	0.000000000000	16000
6	4	0.500000000000	0.330000000000	5	0.534540000000	0.000000000000	0.032809523996	0.000000000000	30000
6	5	0.500000000000	0.415000000000	1	0.588760000000	0.000000000000	0.032804550577	0.000000000000	24000
6	5	0.500000000000	0.415000000000	2	0.548440000000	0.000000000000	0.037206864296	0.000000000000	30000
6	5	0.500000000000	0.415000000000	3	0.566540000000	0.000000000000	0.031689629733	0.000000000000	30000
6	5	0.500000000000	0.415000000000	4	0.544690000000	0.000000000000	0.028232977190	0.000000000000	26000
6	5	0.500000000000	0.415000000000	5	0.519290000000	0.000000000000	0.026640300404	0.000000000000	20000
6	6	0.500000000000	0.500000000000	1	0.552450000000	0.000000000000	0.032584647601	0.000000000000	26000
6	6	0.500000000000	0.500000000000	2	0.573350000000	0.000000000000	0.032572049958	0.000000000000	26000
6	6	0.500000000000	0.500000000000	3	0.557910000000	0.000000000000	0.037356758792	0.000000000000	10000
6	6	0.500000000000	0.500000000000	4	0.584840000000	0.000000000000	0.036880001824	0.000000000000	30000
6	6	0.500000000000	0.500000000000	5	0.570570000000	0.000000000000	0.035174028946	0.000000000000	30000
6	7	0.500000000000	0.580000000000	1	0.578400000000	0.000000000000	0.029262540838	0.000000000000	6000
6	7	0.500000000000	0.580000000000	2	0.541400000000	0.000000000000	0.033985217301	0.000000000000	6000
6	7	0.500000000000	0.580000000000	3	0.571280000000	0.000000000000	0.042399992445	0.000000000000	28000
6	7	0.500000000000	0.580000000000	4	0.557810000000	0.000000000000	0.025470623327	0.000000000000	10000
6	7	0.500000000000	0.580000000000	5	0.561250000000	0.000000000000	0.038967370401	0.000000000000	12000
6	8	0.500000000000	0.665000000000	1	0.561500000000	0.000000000000	0.027905711400	0.000000000000	12000
6	8	0.500000000000	0.665000000000	2	0.577770000000	0.000000000000	0.030286042071	0.000000000000	12000
6	8	0.500000000000	0.665000000000	3	0.590080000000	0.000000000000	0.026778922882	0.000000000000	30000
6	8	0.500000000000	0.665000000000	4	0.537160000000	0.000000000000	0.021633363178	0.000000000000	20000
6	8	0.500000000000	0.665000000000	5	0.561080000000	0.000000000000	0.035009416723	0.000000000000	24000
6	9	0.500000000000	0.750000000000	1	0.547380000000	0.000000000000	0.035580916256	0.000000000000	20000
6	9	0.500000000000	0.750000000000	2	0.569920000000	0.000000000000	0.024066008659	0.000000000000	28000
6	9	0.500000000000	0.750000000000	3	0.547820000000	0.000000000000	0.028890868493	0.000000000000	20000
6	9	0.500000000000	0.750000000000	4	0.557630000000	0.000000000000	0.030348049428	0.000000000000	30000
6	9	0.500000000000	0.750000000000	5	0.564290000000	0.000000000000	0.036952149618	0.000000000000	30000
6	10	0.500000000000	0.830000000000	1	0.534510000000	0.000000000000	0.024644822322	0.000000000000	30000
6	10	0.500000000000	0.830000000000	2	0.549220000000	0.000000000000	0.026733991589	0.000000000000	30000
6	10	0.500000000000	0.830000000000	3	0.564250000000	0.000000000000	0.031623370117	0.000000000000	18000
6	10	0.500000000000	0.830000000000	4	0.572960000000	0.000000000000	0.036608449552	0.000000000000	16000
6	10	0.500000000000	0.830000000000	5	0.564020000000	0.000000000000	0.040354281905	0.000000000000	18000
6	11	0.500000000000	0.915000000000	1	0.546960000000	0.000000000000	0.036481355365	0.000000000000	18000
6	11	0.500000000000	0.915000000000	2	0.541180000000	0.000000000000	0.031304753434	0.000000000000	14000
6	11	0.500000000000	0.915000000000	3	0.561070000000	0.000000000000	0.038916186473	0.000000000000	12000
6	11	0.500000000000	0.915000000000	4	0.539130000000	0.000000000000	0.030497101062	0.000000000000	6000
6	11	0.500000000000	0.915000000000	5	0.557840000000	0.000000000000	0.028406712963	0.000000000000	30000
6	12	0.500000000000	1.000000000000	1	0.000000000000	1.000000000000	0.000000000000	0.000000000000	6000
6	12	0.500000000000	1.000000000000	2	0.000000000000	1.000000000000	0.000000000000	0.000000000000	6000
6	12	0.500000000000	1.000000000000	3	0.000000000000	1.000000000000	0.000000000000	0.000000000000	6000
6	12	0.500000000000	1.000000000000	4	0.000000000000	1.000000000000	0.000000000000	0.000000000000	6000
6	12	0.500000000000	1.000000000000	5	0.000000000000	1.000000000000	0.000000000000	0.000000000000	6000
7	0	0.580000000000	0.000000000000	1	0.556350000000	0.000000000000	0.022398195891	0.000000000000	16000
7	0	0.580000000000	0.000000000000	2	0.582300000000	0.000000000000	0.030800302899	0.000000000000	30000
7	0	0.580000000000	0.000000000000	3	0.546560000000	0.000000000000	0.028354371274	0.000000000000	8000
7	0	0.580000000000	0.000000000000	4	0.561010000000	0.000000000000	0.029498305884	0.000000000000	24000
7	0	0.580000000000	0.000000000000	5	0.550170000000	0.000000000000	0.028630242590	0.000000000000	20000
7	1	0.580000000000	0.080000000000	1	0.545240000000	0.000000000000	0.025671022601	0.000000000000	26000
7	1	0.580000000000	0.080000000000	2	0.562420000000	0.000000000000	0.030693414370	0.000000000000	28000
7	1	0.580000000000	0.080000000000	3	0.547900000000	0.000000000000	0.028569322817	0.000000000000	30000
7	1	0.580000000000	0.080000000000	4	0.588100000000	0.000000000000	0.026504574935	0.000000000000	24000
7	1	0.580000000000	0.080000000000	5	0.562460000000	0.000000000000	0.034033905252	0.000000000000	30000
7	2	0.580000000000	0.165000000000	1	0.551830000000	0.000000000000	0.033455498358	0.000000000000	30000
7	2	0.580000000000	0.165000000000	2	0.574670000000	0.000000000000	0.034212009026	0.000000000000	12000
7	2	0.580000000000	0.165000000000	3	0.563140000000	0.000000000000	0.025791580130	0.000000000000	26000
7	2	0.580000000000	0.165000000000	4	0.566330000000	0.000000000000	0.031090154353	0.000000000000	30000
7	2	0.580000000000	0.165000000000	5	0.562770000000	0.000000000000	0.027527892852	0.000000000000	28000
7	3	0.580000000000	0.250000000000	1	0.559390000000	0.000000000000	0.029742436224	0.000000000000	22000
7	3	0.580000000000	0.250000000000	2	0.557760000000	0.000000000000	0.037317220890	0.000000000000	8000
7	3	0.580000000000	0.250000000000	3	0.556950000000	0.000000000000	0.025935885760	0.000000000000	12000
7	3	0.580000000000	0.250000000000	4	0.543950000000	0.000000000000	0.029765474689	0.000000000000	30000
7	3	0.580000000000	0.250000000000	5	0.559290000000	0.000000000000	0.039721199298	0.000000000000	26000
7	4	0.580000000000	0.330000000000	1	0.544850000000	0.000000000000	0.026542079459	0.000000000000	24000
7	4	0.580000000000	0.330000000000	2	0.545250000000	0.000000000000	0.023441138773	0.000000000000	30000
7	4	0.580000000000	0.330000000000	3	0.558990000000	0.000000000000	0.042424990039	0.000000000000	30000
7	4	0.580000000000	0.330000000000	4	0.568490000000	0.000000000000	0.033677203774	0.000000000000	28000
7	4	0.580000000000	0.330000000000	5	0.590160000000	0.000000000000	0.026722434180	0.000000000000	28000
7	5	0.580000000000	0.415000000000	1	0.566360000000	0.000000000000	0.033103568482	0.000000000000	18000
7	5	0.580000000000	0.415000000000	2	0.561450000000	0.000000000000	0.031953380393	0.000000000000	30000
7	5	0.580000000000	0.415000000000	3	0.557070000000	0.000000000000	0.029424154718	0.000000000000	30000
7	5	0.580000000000	0.415000000000	4	0.540650000000	0.000000000000	0.025145771211	0.000000000000	30000
7	5	0.580000000000	0.415000000000	5	0.549710000000	0.000000000000	0.025676354398	0.000000000000	30000
7	6	0.580000000000	0.500000000000	1	0.565100000000	0.000000000000	0.027992384207	0.000000000000	8000
7	6	0.580000000000	0.500000000000	2	0.576180000000	0.000000000000	0.032466315801	0.000000000000	12000
7	6	0.580000000000	0.500000000000	3	0.579920000000	0.000000000000	0.025460593902	0.000000000000	8000
7	6	0.580000000000	0.500000000000	4	0.546100000000	0.000000000000	0.026421356666	0.000000000000	10000
7	6	0.580000000000	0.500000000000	5	0.568930000000	0.000000000000	0.029233708449	0.000000000000	30000
7	7	0.580000000000	0.580000000000	1	0.576810000000	0.000000000000	0.041993897025	0.000000000000	14000
7	7	0.580000000000	0.580000000000	2	0.542660000000	0.000000000000	0.029705332969	0.000000000000	24000
7	7	0.580000000000	0.580000000000	3	0.581190000000	0.000000000000	0.032067307530	0.000000000000	12000
7	7	0.580000000000	0.580000000000	4	0.557800000000	0.000000000000	0.026826846249	0.000000000000	10000
7	7	0.580000000000	0.580000000000	5	0.577010000000	0.000000000000	0.030326219342	0.000000000000	14000
7	8	0.580000000000	0.665000000000	1	0.538370000000	0.000000000000	0.026761152054	0.000000000000	12000
7	8	0.580000000000	0.665000000000	2	0.554710000000	0.000000000000	0.027569475439	0.000000000000	24000
7	8	0.580000000000	0.665000000000	3	0.576200000000	0.000000000000	0.021066651462	0.000000000000	26000
7	8	0.580000000000	0.665000000000	4	0.529110000000	0.000000000000	0.032396874193	0.000000000000	30000
7	8	0.580000000000	0.665000000000	5	0.523290000000	0.000000000000	0.031423929789	0.000000000000	12000
7	9	0.580000000000	0.750000000000	1	0.553420000000	0.000000000000	0.031303090638	0.000000000000	30000
7	9	0.580000000000	0.750000000000	2	0.576210000000	0.000000000000	0.034451746296	0.000000000000	30000
7	9	0.580000000000	0.750000000000	3	0.609690000000	0.000000000000	0.031314285629	0.000000000000	30000
7	9	0.580000000000	0.750000000000	4	0.544800000000	0.000000000000	0.029346570860	0.000000000000	16000
7	9	0.580000000000	0.750000000000	5	0.553170000000	0.000000000000	0.034456325085	0.000000000000	16000
7	10	0.580000000000	0.830000000000	1	0.550740000000	0.000000000000	0.027695115443	0.000000000000	30000
7	10	0.580000000000	0.830000000000	2	0.550340000000	0.000000000000	0.023074159071	0.000000000000	14000
7	10	0.580000000000	0.830000000000	3	0.555400000000	0.000000000000	0.030528215997	0.000000000000	20000
7	10	0.580000000000	0.830000000000	4	0.544340000000	0.000000000000	0.028081185035	0.000000000000	18000
7	10	0.580000000000	0.830000000000	5	0.572990000000	0.000000000000	0.035412058877	0.000000000000	12000
7	11	0.580000000000	0.915000000000	1	0.548850000000	0.000000000000	0.036555626295	0.000000000000	20000
7	11	0.580000000000	0.915000000000	2	0.584770000000	0.000000000000	0.028389312303	0.000000000000	14000
7	11	0.580000000000	0.915000000000	3	0.544060000000	0.000000000000	0.030988331299	0.000000000000	30000
7	11	0.580000000000	0.915000000000	4	0.575850000000	0.000000000000	0.038714032033	0.000000000000	28000
7	11	0.580000000000	0.915000000000	5	0.578690000000	0.000000000000	0.039096194347	0.000000000000	26000
7	12	0.580000000000	1.000000000000	1	0.000000000000	1.000000000000	0.000000000000	0.000000000000	6000
7	12	0.580000000000	1.000000000000	2	0.000000000000	1.000000000000	0.000000000000	0.000000000000	6000
7	12	0.580000000000	1.000000000000	3	0.000000000000	1.000000000000	0.000000000000	0.000000000000	6000
7	12	0.580000000000	1.000000000000	4	0.000000000000	1.000000000000	0.000000000000	0.000000000000	6000
7	12	0.580000000000	1.000000000000	5	0.000000000000	1.000000000000	0.000000000000	0.000000000000	6000
8	0	0.660000000000	0.000000000000	1	0.575110000000	0.000000000000	0.037738734903	0.000000000000	14000
8	0	0.660000000000	0.000000000000	2	0.562220000000	0.000000000000	0.027346287123	0.000000000000	10000
8	0	0.660000000000	0.000000000000	3	0.575700000000	0.000000000000	0.041603375354	0.000000000000	4000
8	0	0.660000000000	0.000000000000	4	0.600790000000	0.000000000000	0.034558214221	0.000000000000	6000
8	0	0.660000000000	0.000000000000	5	0.561890000000	0.000000000000	0.031807854999	0.000000000000	14000
8	1	0.660000000000	0.080000000000	1	0.550140000000	0.000000000000	0.031692030304	0.000000000000	12000
8	1	0.660000000000	0.080000000000	2	0.529430000000	0.000000000000	0.024383799328	0.000000000000	12000
8	1	0.660000000000	0.080000000000	3	0.595190000000	0.000000000000	0.028502215287	0.000000000000	6000
8	1	0.660000000000	0.080000000000	4	0.550600000000	0.000000000000	0.031847358670	0.000000000000	20000
8	1	0.660000000000	0.080000000000	5	0.549970000000	0.000000000000	0.029406867631	0.000000000000	14000
8	2	0.660000000000	0.165000000000	1	0.583440000000	0.000000000000	0.032539594731	0.000000000000	8000
8	2	0.660000000000	0.165000000000	2	0.551990000000	0.000000000000	0.040410059056	0.000000000000	16000
8	2	0.660000000000	0.165000000000	3	0.585220000000	0.000000000000	0.033263464312	0.000000000000	8000
8	2	0.660000000000	0.165000000000	4	0.567920000000	0.000000000000	0.041247726907	0.000000000000	30000
8	2	0.660000000000	0.165000000000	5	0.570390000000	0.000000000000	0.030647792534	0.000000000000	8000
8	3	0.660000000000	0.250000000000	1	0.585060000000	0.000000000000	0.033608420462	0.000000000000	16000
8	3	0.660000000000	0.250000000000	2	0.563360000000	0.000000000000	0.033436932103	0.000000000000	12000
8	3	0.660000000000	0.250000000000	3	0.574520000000	0.000000000000	0.034637687125	0.000000000000	12000
8	3	0.660000000000	0.250000000000	4	0.557190000000	0.000000000000	0.024552122244	0.000000000000	30000
8	3	0.660000000000	0.250000000000	5	0.562800000000	0.000000000000	0.033082540024	0.000000000000	10000
8	4	0.660000000000	0.330000000000	1	0.581960000000	0.000000000000	0.031507953776	0.000000000000	18000
8	4	0.660000000000	0.330000000000	2	0.568680000000	0.000000000000	0.024925466473	0.000000000000	30000
8	4	0.660000000000	0.330000000000	3	0.526350000000	0.000000000000	0.026681255394	0.000000000000	30000
8	4	0.660000000000	0.330000000000	4	0.542460000000	0.000000000000	0.027667922111	0.000000000000	20000
8	4	0.660000000000	0.330000000000	5	0.562140000000	0.000000000000	0.031900439465	0.000000000000	20000
8	5	0.660000000000	0.415000000000	1	0.574220000000	0.000000000000	0.044977934753	0.000000000000	14000
8	5	0.660000000000	0.415000000000	2	0.594260000000	0.000000000000	0.032439246365	0.000000000000	10000
8	5	0.660000000000	0.415000000000	3	0.545900000000	0.000000000000	0.025417238954	0.000000000000	30000
8	5	0.660000000000	0.415000000000	4	0.584910000000	0.000000000000	0.029954785748	0.000000000000	16000
8	5	0.660000000000	0.415000000000	5	0.579610000000	0.000000000000	0.031621951993	0.000000000000	16000
8	6	0.660000000000	0.500000000000	1	0.565910000000	0.000000000000	0.042710608707	0.000000000000	30000
8	6	0.660000000000	0.500000000000	2	0.547050000000	0.000000000000	0.025279171991	0.000000000000	20000
8	6	0.660000000000	0.500000000000	3	0.560210000000	0.000000000000	0.031247917248	0.000000000000	30000
8	6	0.660000000000	0.500000000000	4	0.550090000000	0.000000000000	0.026705900193	0.000000000000	14000
8	6	0.660000000000	0.500000000000	5	0.580810000000	0.000000000000	0.023975377343	0.000000000000	30000
8	7	0.660000000000	0.580000000000	1	0.564430000000	0.000000000000	0.028076028269	0.000000000000	18000
8	7	0.660000000000	0.580000000000	2	0.555730000000	0.000000000000	0.026626604667	0.000000000000	30000
8	7	0.660000000000	0.580000000000	3	0.573210000000	0.000000000000	0.029652574512	0.000000000000	30000
8	7	0.660000000000	0.580000000000	4	0.568450000000	0.000000000000	0.034372648705	0.000000000000	20000
8	7	0.660000000000	0.580000000000	5	0.560780000000	0.000000000000	0.038697404165	0.000000000000	16000
8	8	0.660000000000	0.665000000000	1	0.578700000000	0.000000000000	0.027071070220	0.000000000000	30000
8	8	0.660000000000	0.665000000000	2	0.553080000000	0.000000000000	0.029785916148	0.000000000000	30000
8	8	0.660000000000	0.665000000000	3	0.535280000000	0.000000000000	0.024591183915	0.000000000000	30000
8	8	0.660000000000	0.665000000000	4	0.560490000000	0.000000000000	0.032789251822	0.000000000000	14000
8	8	0.660000000000	0.665000000000	5	0.549240000000	0.000000000000	0.028454033669	0.000000000000	30000
8	9	0.660000000000	0.750000000000	1	0.589780000000	0.000000000000	0.032341886117	0.000000000000	30000
8	9	0.660000000000	0.750000000000	2	0.565480000000	0.000000000000	0.030622006912	0.000000000000	22000
8	9	0.660000000000	0.750000000000	3	0.555950000000	0.000000000000	0.035600068327	0.000000000000	18000
8	9	0.660000000000	0.750000000000	4	0.545400000000	0.000000000000	0.028238934779	0.000000000000	24000
8	9	0.660000000000	0.750000000000	5	0.568830000000	0.000000000000	0.025592695952	0.000000000000	30000
8	10	0.660000000000	0.830000000000	1	0.567390000000	0.000000000000	0.026985479727	0.000000000000	22000
8	10	0.660000000000	0.830000000000	2	0.574940000000	0.000000000000	0.029520634612	0.000000000000	16000
8	10	0.660000000000	0.830000000000	3	0.578400000000	0.000000000000	0.034615577971	0.000000000000	30000
8	10	0.660000000000	0.830000000000	4	0.558970000000	0.000000000000	0.034052880916	0.000000000000	30000
8	10	0.660000000000	0.830000000000	5	0.583430000000	0.000000000000	0.023083933113	0.000000000000	8000
8	11	0.660000000000	0.915000000000	1	0.575020000000	0.000000000000	0.033016506322	0.000000000000	30000
8	11	0.660000000000	0.915000000000	2	0.536400000000	0.000000000000	0.030698247220	0.000000000000	30000
8	11	0.660000000000	0.915000000000	3	0.576480000000	0.000000000000	0.040554337058	0.000000000000	10000
8	11	0.660000000000	0.915000000000	4	0.531770000000	0.000000000000	0.030775220783	0.000000000000	18000
8	11	0.660000000000	0.915000000000	5	0.573050000000	0.000000000000	0.028499293144	0.000000000000	30000
8	12	0.660000000000	1.000000000000	1	0.000000000000	1.000000000000	0.000000000000	0.000000000000	6000
8	12	0.660000000000	1.000000000000	2	0.000000000000	1.000000000000	0.000000000000	0.000000000000	8000
8	12	0.660000000000	1.000000000000	3	0.000000000000	1.000000000000	0.000000000000	0.000000000000	6000
8	12	0.660000000000	1.000000000000	4	0.000000000000	1.000000000000	0.000000000000	0.000000000000	6000
8	12	0.660000000000	1.000000000000	5	0.000000000000	1.000000000000	0.000000000000	0.000000000000	8000
9	0	0.750000000000	0.000000000000	1	0.550880000000	0.000000000000	0.034719317836	0.000000000000	12000
9	0	0.750000000000	0.000000000000	2	0.555270000000	0.000000000000	0.025451421864	0.000000000000	30000
9	0	0.750000000000	0.000000000000	3	0.552500000000	0.000000000000	0.029295190872	0.000000000000	14000
9	0	0.750000000000	0.000000000000	4	0.577090000000	0.000000000000	0.021829072550	0.000000000000	8000
9	0	0.750000000000	0.000000000000	5	0.541880000000	0.000000000000	0.030851538331	0.000000000000	16000
9	1	0.750000000000	0.080000000000	1	0.545650000000	0.000000000000	0.033085830384	0.000000000000	6000
9	1	0.750000000000	0.080000000000	2	0.557850000000	0.000000000000	0.037532468426	0.000000000000	8000
9	1	0.750000000000	0.080000000000	3	0.546670000000	0.000000000000	0.035970891079	0.000000000000	10000
9	1	0.750000000000	0.080000000000	4	0.550740000000	0.000000000000	0.033888062807	0.000000000000	12000
9	1	0.750000000000	0.080000000000	5	0.542540000000	0.000000000000	0.028080899860	0.000000000000	30000
9	2	0.750000000000	0.165000000000	1	0.549800000000	0.000000000000	0.030299803268	0.000000000000	30000
9	2	0.750000000000	0.165000000000	2	0.565720000000	0.000000000000	0.030900427771	0.000000000000	12000
9	2	0.750000000000	0.165000000000	3	0.545330000000	0.000000000000	0.029724984015	0.000000000000	24000
9	2	0.750000000000	0.165000000000	4	0.538000000000	0.000000000000	0.027942454809	0.000000000000	24000
9	2	0.750000000000	0.165000000000	5	0.551960000000	0.000000000000	0.031691682864	0.000000000000	30000
9	3	0.750000000000	0.250000000000	1	0.545120000000	0.000000000000	0.024338816281	0.000000000000	30000
9	3	0.750000000000	0.250000000000	2	0.583950000000	0.000000000000	0.037695071540	0.000000000000	26000
9	3	0.750000000000	0.250000000000	3	0.583470000000	0.000000000000	0.035823769238	0.000000000000	12000
9	3	0.750000000000	0.250000000000	4	0.559030000000	0.000000000000	0.033494491801	0.000000000000	14000
9	3	0.750000000000	0.250000000000	5	0.545860000000	0.000000000000	0.031728017068	0.000000000000	30000
9	4	0.750000000000	0.330000000000	1	0.570960000000	0.000000000000	0.026521345776	0.000000000000	30000
9	4	0.750000000000	0.330000000000	2	0.548820000000	0.000000000000	0.029425728087	0.000000000000	16000
9	4	0.750000000000	0.330000000000	3	0.557720000000	0.000000000000	0.028259515215	0.000000000000	30000
9	4	0.750000000000	0.330000000000	4	0.583220000000	0.000000000000	0.028256504208	0.000000000000	30000
9	4	0.750000000000	0.330000000000	5	0.545360000000	0.000000000000	0.032853458718	0.000000000000	16000
9	5	0.750000000000	0.415000000000	1	0.557760000000	0.000000000000	0.033697446757	0.000000000000	22000
9	5	0.750000000000	0.415000000000	2	0.576450000000	0.000000000000	0.030646969454	0.000000000000	8000
9	5	0.750000000000	0.415000000000	3	0.546900000000	0.000000000000	0.035992853256	0.000000000000	10000
9	5	0.750000000000	0.415000000000	4	0.584610000000	0.000000000000	0.023473365734	0.000000000000	6000
9	5	0.750000000000	0.415000000000	5	0.573370000000	0.000000000000	0.042672755525	0.000000000000	30000
9	6	0.750000000000	0.500000000000	1	0.566220000000	0.000000000000	0.034555834612	0.000000000000	20000
9	6	0.750000000000	0.500000000000	2	0.547460000000	0.000000000000	0.033583869287	0.000000000000	10000
9	6	0.750000000000	0.500000000000	3	0.570110000000	0.000000000000	0.032872001285	0.000000000000	30000
9	6	0.750000000000	0.500000000000	4	0.550750000000	0.000000000000	0.029127064491	0.000000000000	8000
9	6	0.750000000000	0.500000000000	5	0.585960000000	0.000000000000	0.035010057185	0.000000000000	14000
9	7	0.750000000000	0.580000000000	1	0.547350000000	0.000000000000	0.032079691498	0.000000000000	30000
9	7	0.750000000000	0.580000000000	2	0.572230000000	0.000000000000	0.033577590065	0.000000000000	30000
9	7	0.750000000000	0.580000000000	3	0.524760000000	0.000000000000	0.032397407180	0.000000000000	22000
9	7	0.750000000000	0.580000000000	4	0.567530000000	0.000000000000	0.025877959131	0.000000000000	6000
9	7	0.750000000000	0.580000000000	5	0.549000000000	0.000000000000	0.037672526053	0.000000000000	20000
9	8	0.750000000000	0.665000000000	1	0.526150000000	0.000000000000	0.025887210117	0.000000000000	22000
9	8	0.750000000000	0.665000000000	2	0.545990000000	0.000000000000	0.035131953463	0.000000000000	12000
9	8	0.750000000000	0.665000000000	3	0.538100000000	0.000000000000	0.024916075349	0.000000000000	20000
9	8	0.750000000000	0.665000000000	4	0.572390000000	0.000000000000	0.037120962620	0.000000000000	20000
9	8	0.750000000000	0.665000000000	5	0.576570000000	0.000000000000	0.039439708297	0.000000000000	24000
9	9	0.750000000000	0.750000000000	1	0.552320000000	0.000000000000	0.030501605662	0.000000000000	26000
9	9	0.750000000000	0.750000000000	2	0.548340000000	0.000000000000	0.034310663381	0.000000000000	8000
9	9	0.750000000000	0.750000000000	3	0.575630000000	0.000000000000	0.030989731581	0.000000000000	30000
9	9	0.750000000000	0.750000000000	4	0.556810000000	0.000000000000	0.036833145136	0.000000000000	30000
9	9	0.750000000000	0.750000000000	5	0.607300000000	0.000000000000	0.031481758228	0.000000000000	14000
9	10	0.750000000000	0.830000000000	1	0.551760000000	0.000000000000	0.030016718731	0.000000000000	10000
9	10	0.750000000000	0.830000000000	2	0.539400000000	0.000000000000	0.032531497019	0.000000000000	30000
9	10	0.750000000000	0.830000000000	3	0.549430000000	0.000000000000	0.028439125934	0.000000000000	10000
9	10	0.750000000000	0.830000000000	4	0.535750000000	0.000000000000	0.034569242580	0.000000000000	16000
9	10	0.750000000000	0.830000000000	5	0.570710000000	0.000000000000	0.034122723518	0.000000000000	14000
9	11	0.750000000000	0.915000000000	1	0.588800000000	0.000000000000	0.025838491203	0.000000000000	16000
9	11	0.750000000000	0.915000000000	2	0.567270000000	0.000000000000	0.033129211350	0.000000000000	12000
9	11	0.750000000000	0.915000000000	3	0.542970000000	0.000000000000	0.027177522288	0.000000000000	14000
9	11	0.750000000000	0.915000000000	4	0.600400000000	0.000000000000	0.020195243199	0.000000000000	12000
9	11	0.750000000000	0.915000000000	5	0.583830000000	0.000000000000	0.032641945356	0.000000000000	22000
9	12	0.750000000000	1.000000000000	1	0.000000000000	1.000000000000	0.000000000000	0.000000000000	6000
9	12	0.750000000000	1.000000000000	2	0.000000000000	1.000000000000	0.000000000000	0.000000000000	6000
9	12	0.750000000000	1.000000000000	3	0.000000000000	1.000000000000	0.000000000000	0.000000000000	6000
9	12	0.750000000000	1.000000000000	4	0.000000000000	1.000000000000	0.000000000000	0.000000000000	6000
9	12	0.750000000000	1.000000000000	5	0.000000000000	1.000000000000	0.000000000000	0.000000000000	6000
10	0	0.830000000000	0.000000000000	1	0.537760000000	0.000000000000	0.028070809934	0.000000000000	20000
10	0	0.830000000000	0.000000000000	2	0.570460000000	0.000000000000	0.030034821299	0.000000000000	30000
10	0	0.830000000000	0.000000000000	3	0.610960000000	0.000000000000	0.036707299353	0.000000000000	28000
10	0	0.830000000000	0.000000000000	4	0.574400000000	0.000000000000	0.038318511301	0.000000000000	12000
10	0	0.830000000000	0.000000000000	5	0.558100000000	0.000000000000	0.033348194885	0.000000000000	30000
10	1	0.830000000000	0.080000000000	1	0.563530000000	0.000000000000	0.028214094618	0.000000000000	20000
10	1	0.830000000000	0.080000000000	2	0.558500000000	0.000000000000	0.026054343761	0.000000000000	30000
10	1	0.830000000000	0.080000000000	3	0.562630000000	0.000000000000	0.030905310842	0.000000000000	12000
10	1	0.830000000000	0.080000000000	4	0.545720000000	0.000000000000	0.035854806751	0.000000000000	8000
10	1	0.830000000000	0.080000000000	5	0.536580000000	0.000000000000	0.031709763624	0.000000000000	6000
10	2	0.830000000000	0.165000000000	1	0.541390000000	0.000000000000	0.029020856468	0.000000000000	16000
10	2	0.830000000000	0.165000000000	2	0.535460000000	0.000000000000	0.029891167289	0.000000000000	20000
10	2	0.830000000000	0.165000000000	3	0.552410000000	0.000000000000	0.032430597337	0.000000000000	22000
10	2	0.830000000000	0.165000000000	4	0.579740000000	0.000000000000	0.040031674146	0.000000000000	30000
10	2	0.830000000000	0.165000000000	5	0.561930000000	0.000000000000	0.028315664867	0.000000000000	22000
10	3	0.830000000000	0.250000000000	1	0.545370000000	0.000000000000	0.033056857925	0.000000000000	30000
10	3	0.830000000000	0.250000000000	2	0.571720000000	0.000000000000	0.040371666692	0.000000000000	16000
10	3	0.830000000000	0.250000000000	3	0.554070000000	0.000000000000	0.031043498495	0.000000000000	30000
10	3	0.830000000000	0.250000000000	4	0.555300000000	0.000000000000	0.038933607922	0.000000000000	16000
10	3	0.830000000000	0.250000000000	5	0.529010000000	0.000000000000	0.025194337750	0.000000000000	30000
10	4	0.830000000000	0.330000000000	1	0.541590000000	0.000000000000	0.039144657416	0.000000000000	30000
10	4	0.830000000000	0.330000000000	2	0.583070000000	0.000000000000	0.033758179967	0.000000000000	10000
10	4	0.830000000000	0.330000000000	3	0.558410000000	0.000000000000	0.034312523213	0.000000000000	6000
10	4	0.830000000000	0.330000000000	4	0.600160000000	0.000000000000	0.024778789082	0.000000000000	26000
10	4	0.830000000000	0.330000000000	5	0.565500000000	0.000000000000	0.027743823091	0.000000000000	10000
10	5	0.830000000000	0.415000000000	1	0.566800000000	0.000000000000	0.028659751942	0.000000000000	28000
10	5	0.830000000000	0.415000000000	2	0.569040000000	0.000000000000	0.030102899936	0.000000000000	30000
10	5	0.830000000000	0.415000000000	3	0.555770000000	0.000000000000	0.029217473552	0.000000000000	30000
10	5	0.830000000000	0.415000000000	4	0.553800000000	0.000000000000	0.036418213661	0.000000000000	20000
10	5	0.830000000000	0.415000000000	5	0.556100000000	0.000000000000	0.031198771825	0.000000000000	8000
10	6	0.830000000000	0.500000000000	1	0.579460000000	0.000000000000	0.029583501882	0.000000000000	14000
10	6	0.830000000000	0.500000000000	2	0.564750000000	0.000000000000	0.028840410352	0.000000000000	8000
10	6	0.830000000000	0.500000000000	3	0.575250000000	0.000000000000	0.028084270085	0.000000000000	8000
10	6	0.830000000000	0.500000000000	4	0.572040000000	0.000000000000	0.027043849019	0.000000000000	12000
10	6	0.830000000000	0.500000000000	5	0.549810000000	0.000000000000	0.031639610696	0.000000000000	10000
10	7	0.830000000000	0.580000000000	1	0.560410000000	0.000000000000	0.036541307683	0.000000000000	24000
10	7	0.830000000000	0.580000000000	2	0.543440000000	0.000000000000	0.031909004757	0.000000000000	12000
10	7	0.830000000000	0.580000000000	3	0.584080000000	0.000000000000	0.029773142932	0.000000000000	12000
10	7	0.830000000000	0.580000000000	4	0.545540000000	0.000000000000	0.027869070402	0.000000000000	30000
10	7	0.830000000000	0.580000000000	5	0.553000000000	0.000000000000	0.033040758037	0.000000000000	16000
10	8	0.830000000000	0.665000000000	1	0.565190000000	0.000000000000	0.029652034385	0.000000000000	30000
10	8	0.830000000000	0.665000000000	2	0.570460000000	0.000000000000	0.029787173006	0.000000000000	16000
10	8	0.830000000000	0.665000000000	3	0.583770000000	0.000000000000	0.036794577602	0.000000000000	14000
10	8	0.830000000000	0.665000000000	4	0.556690000000	0.000000000000	0.031659852278	0.000000000000	30000
10	8	0.830000000000	0.665000000000	5	0.547310000000	0.000000000000	0.030574477897	0.000000000000	30000
10	9	0.830000000000	0.750000000000	1	0.539910000000	0.000000000000	0.025122161989	0.000000000000	30000
10	9	0.830000000000	0.750000000000	2	0.553400000000	0.000000000000	0.033327927490	0.000000000000	30000
10	9	0.830000000000	0.750000000000	3	0.583410000000	0.000000000000	0.031286590590	0.000000000000	22000
10	9	0.830000000000	0.750000000000	4	0.552880000000	0.000000000000	0.030036774258	0.000000000000	14000
10	9	0.830000000000	0.750000000000	5	0.586450000000	0.000000000000	0.033714005015	0.000000000000	8000
10	10	0.830000000000	0.830000000000	1	0.540490000000	0.000000000000	0.039398123205	0.000000000000	30000
10	10	0.830000000000	0.830000000000	2	0.544630000000	0.000000000000	0.026701611863	0.000000000000	8000
10	10	0.830000000000	0.830000000000	3	0.576730000000	0.000000000000	0.029656139105	0.000000000000	8000
10	10	0.830000000000	0.830000000000	4	0.557620000000	0.000000000000	0.025317515213	0.000000000000	6000
10	10	0.830000000000	0.830000000000	5	0.554800000000	0.000000000000	0.029455519476	0.000000000000	10000
10	11	0.830000000000	0.915000000000	1	0.565790000000	0.000000000000	0.031176078134	0.000000000000	6000
10	11	0.830000000000	0.915000000000	2	0.549650000000	0.000000000000	0.030319907599	0.000000000000	26000
10	11	0.830000000000	0.915000000000	3	0.554550000000	0.000000000000	0.027102251420	0.000000000000	22000
10	11	0.830000000000	0.915000000000	4	0.589800000000	0.000000000000	0.034098720251	0.000000000000	28000
10	11	0.830000000000	0.915000000000	5	0.571020000000	0.000000000000	0.029213233525	0.000000000000	8000
10	12	0.830000000000	1.000000000000	1	0.000000000000	1.000000000000	0.000000000000	0.000000000000	6000
10	12	0.830000000000	1.000000000000	2	0.000000000000	1.000000000000	0.000000000000	0.000000000000	8000
10	12	0.830000000000	1.000000000000	3	0.000000000000	1.000000000000	0.000000000000	0.000000000000	6000
10	12	0.830000000000	1.000000000000	4	0.000000000000	1.000000000000	0.000000000000	0.000000000000	8000
10	12	0.830000000000	1.000000000000	5	0.000000000000	1.000000000000	0.000000000000	0.000000000000	6000
11	0	0.910000000000	0.000000000000	1	0.562310000000	0.000000000000	0.034072346923	0.000000000000	14000
11	0	0.910000000000	0.000000000000	2	0.581120000000	0.000000000000	0.033121634058	0.000000000000	30000
11	0	0.910000000000	0.000000000000	3	0.549870000000	0.000000000000	0.031882590855	0.000000000000	20000
11	0	0.910000000000	0.000000000000	4	0.548070000000	0.000000000000	0.027870268241	0.000000000000	12000
11	0	0.910000000000	0.000000000000	5	0.551930000000	0.000000000000	0.036189567347	0.000000000000	20000
11	1	0.910000000000	0.080000000000	1	0.555980000000	0.000000000000	0.030314329261	0.000000000000	18000
11	1	0.910000000000	0.080000000000	2	0.554870000000	0.000000000000	0.024523141815	0.000000000000	14000
11	1	0.910000000000	0.080000000000	3	0.546690000000	0.000000000000	0.028325717047	0.000000000000	30000
11	1	0.910000000000	0.080000000000	4	0.566870000000	0.000000000000	0.029191698396	0.000000000000	30000
11	1	0.910000000000	0.080000000000	5	0.545470000000	0.000000000000	0.027519746300	0.000000000000	26000
11	2	0.910000000000	0.165000000000	1	0.532710000000	0.000000000000	0.029431651706	0.000000000000	6000
11	2	0.910000000000	0.165000000000	2	0.592590000000	0.000000000000	0.036643343661	0.000000000000	10000
11	2	0.910000000000	0.165000000000	3	0.579980000000	0.000000000000	0.035381512849	0.000000000000	30000
11	2	0.910000000000	0.165000000000	4	0.578190000000	0.000000000000	0.035319560747	0.000000000000	8000
11	2	0.910000000000	0.165000000000	5	0.543440000000	0.000000000000	0.024717956578	0.000000000000	10000
11	3	0.910000000000	0.250000000000	1	0.621520000000	0.000000000000	0.046962698976	0.000000000000	6000
11	3	0.910000000000	0.250000000000	2	0.564800000000	0.000000000000	0.026356301991	0.000000000000	6000
11	3	0.910000000000	0.250000000000	3	0.559040000000	0.000000000000	0.035323166989	0.000000000000	8000
11	3	0.910000000000	0.250000000000	4	0.578360000000	0.000000000000	0.040268249676	0.000000000000	26000
11	3	0.910000000000	0.250000000000	5	0.579730000000	0.000000000000	0.035548428809	0.000000000000	20000
11	4	0.910000000000	0.330000000000	1	0.547240000000	0.000000000000	0.029500044960	0.000000000000	28000
11	4	0.910000000000	0.330000000000	2	0.541170000000	0.000000000000	0.029236721531	0.000000000000	12000
11	4	0.910000000000	0.330000000000	3	0.568980000000	0.000000000000	0.040892931319	0.000000000000	8000
11	4	0.910000000000	0.330000000000	4	0.556610000000	0.000000000000	0.034307213307	0.000000000000	26000
11	4	0.910000000000	0.330000000000	5	0.533040000000	0.000000000000	0.037053088013	0.000000000000	14000
11	5	0.910000000000	0.415000000000	1	0.550820000000	0.000000000000	0.023092441639	0.000000000000	30000
11	5	0.910000000000	0.415000000000	2	0.607950000000	0.000000000000	0.028391963715	0.000000000000	30000
11	5	0.910000000000	0.415000000000	3	0.586180000000	0.000000000000	0.031871984931	0.000000000000	30000
11	5	0.910000000000	0.415000000000	4	0.589790000000	0.000000000000	0.040965034286	0.000000000000	14000
11	5	0.910000000000	0.415000000000	5	0.538530000000	0.000000000000	0.028237146393	0.000000000000	30000
11	6	0.910000000000	0.500000000000	1	0.558170000000	0.000000000000	0.036727373987	0.000000000000	18000
11	6	0.910000000000	0.500000000000	2	0.555110000000	0.000000000000	0.035939944068	0.000000000000	20000
11	6	0.910000000000	0.500000000000	3	0.535620000000	0.000000000000	0.042006906339	0.000000000000	10000
11	6	0.910000000000	0.500000000000	4	0.561420000000	0.000000000000	0.056474533845	0.000000000000	24000
11	6	0.910000000000	0.500000000000	5	0.555950000000	0.000000000000	0.027357740147	0.000000000000	10000
11	7	0.910000000000	0.580000000000	1	0.531950000000	0.000000000000	0.033460680165	0.000000000000	30000
11	7	0.910000000000	0.580000000000	2	0.544230000000	0.000000000000	0.039658288918	0.000000000000	30000
11	7	0.910000000000	0.580000000000	3	0.535720000000	0.000000000000	0.026671951428	0.000000000000	30000
11	7	0.910000000000	0.580000000000	4	0.561710000000	0.000000000000	0.028474316264	0.000000000000	10000
11	7	0.910000000000	0.580000000000	5	0.554460000000	0.000000000000	0.024737023271	0.000000000000	30000
11	8	0.910000000000	0.665000000000	1	0.572330000000	0.000000000000	0.038334588046	0.000000000000	30000
11	8	0.910000000000	0.665000000000	2	0.538610000000	0.000000000000	0.029930983341	0.000000000000	30000
11	8	0.910000000000	0.665000000000	3	0.556810000000	0.000000000000	0.033211849195	0.000000000000	30000
11	8	0.910000000000	0.665000000000	4	0.549990000000	0.000000000000	0.025817948533	0.000000000000	30000
11	8	0.910000000000	0.665000000000	5	0.576030000000	0.000000000000	0.035665264770	0.000000000000	30000
11	9	0.910000000000	0.750000000000	1	0.572080000000	0.000000000000	0.030604088129	0.000000000000	30000
11	9	0.910000000000	0.750000000000	2	0.545350000000	0.000000000000	0.035982944186	0.000000000000	8000
11	9	0.910000000000	0.750000000000	3	0.540430000000	0.000000000000	0.026103572485	0.000000000000	14000
11	9	0.910000000000	0.750000000000	4	0.558880000000	0.000000000000	0.033130699408	0.000000000000	30000
11	9	0.910000000000	0.750000000000	5	0.571760000000	0.000000000000	0.038410646672	0.000000000000	8000
11	10	0.910000000000	0.830000000000	1	0.558020000000	0.000000000000	0.037170704342	0.000000000000	10000
11	10	0.910000000000	0.830000000000	2	0.568610000000	0.000000000000	0.037322390878	0.000000000000	28000
11	10	0.910000000000	0.830000000000	3	0.598150000000	0.000000000000	0.027911584630	0.000000000000	10000
11	10	0.910000000000	0.830000000000	4	0.568200000000	0.000000000000	0.035914479668	0.000000000000	10000
11	10	0.910000000000	0.830000000000	5	0.553010000000	0.000000000000	0.029562033317	0.000000000000	6000
11	11	0.910000000000	0.915000000000	1	0.551520000000	0.000000000000	0.030009834891	0.000000000000	30000
11	11	0.910000000000	0.915000000000	2	0.569390000000	0.000000000000	0.026442903152	0.000000000000	10000
11	11	0.910000000000	0.915000000000	3	0.551820000000	0.000000000000	0.028165242425	0.000000000000	30000
11	11	0.910000000000	0.915000000000	4	0.557910000000	0.000000000000	0.034057184144	0.000000000000	10000
11	11	0.910000000000	0.915000000000	5	0.573170000000	0.000000000000	0.030744044892	0.000000000000	8000
11	12	0.910000000000	1.000000000000	1	0.000000000000	1.000000000000	0.000000000000	0.000000000000	6000
11	12	0.910000000000	1.000000000000	2	0.000000000000	1.000000000000	0.000000000000	0.000000000000	6000
11	12	0.910000000000	1.000000000000	3	0.000000000000	1.000000000000	0.000000000000	0.000000000000	6000
11	12	0.910000000000	1.000000000000	4	0.000000000000	1.000000000000	0.000000000000	0.000000000000	10000
11	12	0.910000000000	1.000000000000	5	0.000000000000	1.000000000000	0.000000000000	0.000000000000	8000
12	0	1.000000000000	0.000000000000	1	1.000000000000	0.000000000000	0.000000000000	0.000000000000	4000
12	0	1.000000000000	0.000000000000	2	1.000000000000	0.000000000000	0.000000000000	0.000000000000	4000
12	0	1.000000000000	0.000000000000	3	1.000000000000	0.000000000000	0.000000000000	0.000000000000	4000
12	0	1.000000000000	0.000000000000	4	1.000000000000	0.000000000000	0.000000000000	0.000000000000	4000
12	0	1.000000000000	0.000000000000	5	1.000000000000	0.000000000000	0.000000000000	0.000000000000	4000
12	1	1.000000000000	0.080000000000	1	1.000000000000	0.000000000000	0.000000000000	0.000000000000	6000
12	1	1.000000000000	0.080000000000	2	1.000000000000	0.000000000000	0.000000000000	0.000000000000	6000
12	1	1.000000000000	0.080000000000	3	1.000000000000	0.000000000000	0.000000000000	0.000000000000	6000
12	1	1.000000000000	0.080000000000	4	1.000000000000	0.016060000000	0.000000000000	0.005586376966	4000
12	1	1.000000000000	0.080000000000	5	1.000000000000	0.000000000000	0.000000000000	0.000000000000	6000
12	2	1.000000000000	0.165000000000	1	1.000000000000	0.000000000000	0.000000000000	0.000000000000	6000
12	2	1.000000000000	0.165000000000	2	1.000000000000	0.000000000000	0.000000000000	0.000000000000	6000
12	2	1.000000000000	0.165000000000	3	1.000000000000	0.000000000000	0.000000000000	0.000000000000	6000
12	2	1.000000000000	0.165000000000	4	1.000000000000	0.000000000000	0.000000000000	0.000000000000	6000
12	2	1.000000000000	0.165000000000	5	1.000000000000	0.000000000000	0.000000000000	0.000000000000	6000
12	3	1.000000000000	0.250000000000	1	1.000000000000	0.000000000000	0.000000000000	0.000000000000	6000
12	3	1.000000000000	0.250000000000	2	1.000000000000	0.000000000000	0.000000000000	0.000000000000	8000
12	3	1.000000000000	0.250000000000	3	1.000000000000	0.000000000000	0.000000000000	0.000000000000	8000
12	3	1.000000000000	0.250000000000	4	1.000000000000	0.000000000000	0.000000000000	0.000000000000	6000
12	3	1.000000000000	0.250000000000	5	1.000000000000	0.000000000000	0.000000000000	0.000000000000	6000
12	4	1.000000000000	0.330000000000	1	1.000000000000	0.015270000000	0.000000000000	0.007316462986	6000
12	4	1.000000000000	0.330000000000	2	1.000000000000	0.000000000000	0.000000000000	0.000000000000	10000
12	4	1.000000000000	0.330000000000	3	1.000000000000	0.000000000000	0.000000000000	0.000000000000	6000
12	4	1.000000000000	0.330000000000	4	1.000000000000	0.000000000000	0.000000000000	0.000000000000	10000
12	4	1.000000000000	0.330000000000	5	1.000000000000	0.000000000000	0.000000000000	0.000000000000	6000
12	5	1.000000000000	0.415000000000	1	1.000000000000	0.000000000000	0.000000000000	0.000000000000	6000
12	5	1.000000000000	0.415000000000	2	1.000000000000	0.000000000000	0.000000000000	0.000000000000	8000
12	5	1.000000000000	0.415000000000	3	1.000000000000	0.000000000000	0.000000000000	0.000000000000	6000
12	5	1.000000000000	0.415000000000	4	1.000000000000	0.000000000000	0.000000000000	0.000000000000	8000
12	5	1.000000000000	0.415000000000	5	1.000000000000	0.000000000000	0.000000000000	0.000000000000	6000
12	6	1.000000000000	0.500000000000	1	1.000000000000	0.000000000000	0.000000000000	0.000000000000	8000
12	6	1.000000000000	0.500000000000	2	1.000000000000	0.000000000000	0.000000000000	0.000000000000	10000
12	6	1.000000000000	0.500000000000	3	1.000000000000	0.000000000000	0.000000000000	0.000000000000	6000
12	6	1.000000000000	0.500000000000	4	1.000000000000	0.000000000000	0.000000000000	0.000000000000	6000
12	6	1.000000000000	0.500000000000	5	1.000000000000	0.000000000000	0.000000000000	0.000000000000	14000
12	7	1.000000000000	0.580000000000	1	1.000000000000	0.000000000000	0.000000000000	0.000000000000	10000
12	7	1.000000000000	0.580000000000	2	1.000000000000	0.000000000000	0.000000000000	0.000000000000	8000
12	7	1.000000000000	0.580000000000	3	1.000000000000	0.000000000000	0.000000000000	0.000000000000	6000
12	7	1.000000000000	0.580000000000	4	1.000000000000	0.000000000000	0.000000000000	0.000000000000	6000
12	7	1.000000000000	0.580000000000	5	1.000000000000	0.000000000000	0.000000000000	0.000000000000	6000
12	8	1.000000000000	0.665000000000	1	1.000000000000	0.000000000000	0.000000000000	0.000000000000	10000
12	8	1.000000000000	0.665000000000	2	1.000000000000	0.000000000000	0.000000000000	0.000000000000	6000
12	8	1.000000000000	0.665000000000	3	1.000000000000	0.000000000000	0.000000000000	0.000000000000	6000
12	8	1.000000000000	0.665000000000	4	1.000000000000	0.000000000000	0.000000000000	0.000000000000	12000
12	8	1.000000000000	0.665000000000	5	1.000000000000	0.000000000000	0.000000000000	0.000000000000	8000
12	9	1.000000000000	0.750000000000	1	1.000000000000	0.000000000000	0.000000000000	0.000000000000	14000
12	9	1.000000000000	0.750000000000	2	1.000000000000	0.000000000000	0.000000000000	0.000000000000	8000
12	9	1.000000000000	0.750000000000	3	1.000000000000	0.000000000000	0.000000000000	0.000000000000	6000
12	9	1.000000000000	0.750000000000	4	1.000000000000	0.000000000000	0.000000000000	0.000000000000	10000
12	9	1.000000000000	0.750000000000	5	1.000000000000	0.000000000000	0.000000000000	0.000000000000	6000
12	10	1.000000000000	0.830000000000	1	1.000000000000	0.000000000000	0.000000000000	0.000000000000	6000
12	10	1.000000000000	0.830000000000	2	1.000000000000	0.000000000000	0.000000000000	0.000000000000	8000
12	10	1.000000000000	0.830000000000	3	1.000000000000	0.000000000000	0.000000000000	0.000000000000	8000
12	10	1.000000000000	0.830000000000	4	1.000000000000	0.000000000000	0.000000000000	0.000000000000	8000
12	10	1.000000000000	0.830000000000	5	1.000000000000	0.000000000000	0.000000000000	0.000000000000	6000
12	11	1.000000000000	0.915000000000	1	1.000000000000	0.000000000000	0.000000000000	0.000000000000	8000
12	11	1.000000000000	0.915000000000	2	1.000000000000	0.000000000000	0.000000000000	0.000000000000	6000
12	11	1.000000000000	0.915000000000	3	1.000000000000	0.000000000000	0.000000000000	0.000000000000	8000
12	11	1.000000000000	0.915000000000	4	1.000000000000	0.000000000000	0.000000000000	0.000000000000	6000
12	11	1.000000000000	0.915000000000	5	1.000000000000	0.000000000000	0.000000000000	0.000000000000	10000
12	12	1.000000000000	1.000000000000	1	1.000000000000	1.000000000000	0.000000000000	0.000000000000	4000
12	12	1.000000000000	1.000000000000	2	1.000000000000	1.000000000000	0.000000000000	0.000000000000	4000
12	12	1.000000000000	1.000000000000	3	1.000000000000	1.000000000000	0.000000000000	0.000000000000	4000
12	12	1.000000000000	1.000000000000	4	1.000000000000	1.000000000000	0.000000000000	0.000000000000	4000
12	12	1.000000000000	1.000000000000	5	1.000000000000	1.000000000000	0.000000000000	0.000000000000	4000
