# scan initial plane
# b 1.15
# r 0
# e -0.4
# p12 0.2
# ndiv 12
# n_reps 5
# A:(0,1),	A':(0,0.533),	B:(1,0),	B'=(0.533,0),	C:(1,1),	D:(0,0),	E:(0.308,0.308) 
# columns: ix iy x1_0 x2_0 rep x1_inf x2_inf sigma_1 sigma_2 t_relax
0	0	0.000000000000	0.000000000000	1	0.000000000000	0.000000000000	0.000000000000	0.000000000000	4000
0	0	0.000000000000	0.000000000000	2	0.000000000000	0.000000000000	0.000000000000	0.000000000000	4000
0	0	0.000000000000	0.000000000000	3	0.000000000000	0.000000000000	0.000000000000	0.000000000000	4000
0	0	0.000000000000	0.000000000000	4	0.000000000000	0.000000000000	0.000000000000	0.000000000000	4000
0	0	0.000000000000	0.000000000000	5	0.000000000000	0.000000000000	0.000000000000	0.000000000000	4000
0	1	0.000000000000	0.075000000000	1	0.000000000000	0.303800000000	0.000000000000	0.048661359701	6000
0	1	0.000000000000	0.075000000000	2	0.000000000000	0.328400000000	0.000000000000	0.048729504046	10000
0	1	0.000000000000	0.075000000000	3	0.000000000000	0.286875000000	0.000000000000	0.061590606246	18000
0	1	0.000000000000	0.075000000000	4	0.000000000000	0.280775000000	0.000000000000	0.043435711529	6000
0	1	0.000000000000	0.075000000000	5	0.000000000000	0.282350000000	0.000000000000	0.050234460294	14000
0	2	0.000000000000	0.150000000000	1	0.000000000000	0.301650000000	0.000000000000	0.051355768078	18000
0	2	0.000000000000	0.150000000000	2	0.000000000000	0.353775000000	0.000000000000	0.052264768066	16000
0	2	0.000000000000	0.150000000000	3	0.000000000000	0.321575000000	0.000000000000	0.039136633108	8000
0	2	0.000000000000	0.150000000000	4	0.000000000000	0.287225000000	0.000000000000	0.045160423369	30000
0	2	0.000000000000	0.150000000000	5	0.000000000000	0.322525000000	0.000000000000	0.047333813124	30000
0	3	0.000000000000	0.250000000000	1	0.000000000000	0.281550000000	0.000000000000	0.052007713873	4000
0	3	0.000000000000	0.250000000000	2	0.000000000000	0.311000000000	0.000000000000	0.054412413204	14000
0	3	0.000000000000	0.250000000000	3	0.000000000000	0.311325000000	0.000000000000	0.053270133115	8000
0	3	0.000000000000	0.250000000000	4	0.000000000000	0.321775000000	0.000000000000	0.046190994609	8000
0	3	0.000000000000	0.250000000000	5	0.000000000000	0.312575000000	0.000000000000	0.045478705871	30000
0	4	0.000000000000	0.325000000000	1	0.000000000000	0.329400000000	0.000000000000	0.050018915341	10000
0	4	0.000000000000	0.325000000000	2	0.000000000000	0.333700000000	0.000000000000	0.050030621254	8000
0	4	0.000000000000	0.325000000000	3	0.000000000000	0.308675000000	0.000000000000	0.050748840576	6000
0	4	0.000000000000	0.325000000000	4	0.000000000000	0.324550000000	0.000000000000	0.054143134181	30000
0	4	0.000000000000	0.325000000000	5	0.000000000000	0.302775000000	0.000000000000	0.043052617840	6000
0	5	0.000000000000	0.400000000000	1	0.000000000000	0.276450000000	0.000000000000	0.052518145966	6000
0	5	0.000000000000	0.400000000000	2	0.000000000000	0.310025000000	0.000000000000	0.065988475159	6000
0	5	0.000000000000	0.400000000000	3	0.000000000000	0.276175000000	0.000000000000	0.041136195273	12000
0	5	0.000000000000	0.400000000000	4	0.000000000000	0.320975000000	0.000000000000	0.044611260233	6000
0	5	0.000000000000	0.400000000000	5	0.000000000000	0.319225000000	0.000000000000	0.068067301493	8000
0	6	0.000000000000	0.500000000000	1	0.000000000000	0.313300000000	0.000000000000	0.047923445793	30000
0	6	0.000000000000	0.500000000000	2	0.000000000000	0.325075000000	0.000000000000	0.048764714419	26000
0	6	0.000000000000	0.500000000000	3	0.000000000000	0.341100000000	0.000000000000	0.059586832359	20000
0	6	0.000000000000	0.500000000000	4	0.000000000000	0.298575000000	0.000000000000	0.045819688114	30000
0	6	0.000000000000	0.500000000000	5	0.000000000000	0.314400000000	0.000000000000	0.036265758026	30000
0	7	0.000000000000	0.575000000000	1	0.000000000000	0.310625000000	0.000000000000	0.061054992319	8000
0	7	0.000000000000	0.575000000000	2	0.000000000000	0.305025000000	0.000000000000	0.051701522438	20000
0	7	0.000000000000	0.575000000000	3	0.000000000000	0.301225000000	0.000000000000	0.041407595486	30000
0	7	0.000000000000	0.575000000000	4	0.000000000000	0.332475000000	0.000000000000	0.054027014477	8000
0	7	0.000000000000	0.575000000000	5	0.000000000000	0.289950000000	0.000000000000	0.043050561563	6000
0	8	0.000000000000	0.650000000000	1	0.000000000000	0.325550000000	0.000000000000	0.046656986340	10000
0	8	0.000000000000	0.650000000000	2	0.000000000000	0.314475000000	0.000000000000	0.052951895889	14000
0	8	0.000000000000	0.650000000000	3	0.000000000000	0.309725000000	0.000000000000	0.048188395870	12000
0	8	0.000000000000	0.650000000000	4	0.000000000000	0.337075000000	0.000000000000	0.061703944378	14000
0	8	0.000000000000	0.650000000000	5	0.000000000000	0.313875000000	0.000000000000	0.047975629605	14000
0	9	0.000000000000	0.750000000000	1	0.000000000000	0.312925000000	0.000000000000	0.052939795967	8000
0	9	0.000000000000	0.750000000000	2	0.000000000000	0.285225000000	0.000000000000	0.055343357887	8000
0	9	0.000000000000	0.750000000000	3	0.000000000000	0.325300000000	0.000000000000	0.046484629942	30000
0	9	0.000000000000	0.750000000000	4	0.000000000000	0.304175000000	0.000000000000	0.053966255491	16000
0	9	0.000000000000	0.750000000000	5	0.000000000000	0.297900000000	0.000000000000	0.047106889720	14000
0	10	0.000000000000	0.825000000000	1	0.000000000000	0.310175000000	0.000000000000	0.053149969843	30000
0	10	0.000000000000	0.825000000000	2	0.000000000000	0.330175000000	0.000000000000	0.050374914462	12000
0	10	0.000000000000	0.825000000000	3	0.000000000000	0.300250000000	0.000000000000	0.055502414524	10000
0	10	0.000000000000	0.825000000000	4	0.000000000000	0.304175000000	0.000000000000	0.058644125951	30000
0	10	0.000000000000	0.825000000000	5	0.000000000000	0.330125000000	0.000000000000	0.044315044829	16000
0	11	0.000000000000	0.900000000000	1	0.000000000000	0.314900000000	0.000000000000	0.048195568394	8000
0	11	0.000000000000	0.900000000000	2	0.000000000000	0.283175000000	0.000000000000	0.044758213466	8000
0	11	0.000000000000	0.900000000000	3	0.000000000000	0.283650000000	0.000000000000	0.043093323549	18000
0	11	0.000000000000	0.900000000000	4	0.000000000000	0.309425000000	0.000000000000	0.044651855092	12000
0	11	0.000000000000	0.900000000000	5	0.000000000000	0.316675000000	0.000000000000	0.047300176339	30000
0	12	0.000000000000	1.000000000000	1	0.000000000000	1.000000000000	0.000000000000	0.000000000000	4000
0	12	0.000000000000	1.000000000000	2	0.000000000000	1.000000000000	0.000000000000	0.000000000000	4000
0	12	0.000000000000	1.000000000000	3	0.000000000000	1.000000000000	0.000000000000	0.000000000000	4000
0	12	0.000000000000	1.000000000000	4	0.000000000000	1.000000000000	0.000000000000	0.000000000000	4000
0	12	0.000000000000	1.000000000000	5	0.000000000000	1.000000000000	0.000000000000	0.000000000000	4000
1	0	0.075000000000	0.000000000000	1	0.299150000000	0.000000000000	0.067546947304	0.000000000000	4000
1	0	0.075000000000	0.000000000000	2	0.333575000000	0.000000000000	0.039193500807	0.000000000000	8000
1	0	0.075000000000	0.000000000000	3	0.301175000000	0.000000000000	0.064718102628	0.000000000000	10000
1	0	0.075000000000	0.000000000000	4	0.309025000000	0.000000000000	0.064900974658	0.000000000000	22000
1	0	0.075000000000	0.000000000000	5	0.303975000000	0.000000000000	0.049570975950	0.000000000000	10000
1	1	0.075000000000	0.075000000000	1	0.000000000000	0.330450000000	0.000000000000	0.045219933020	24000
1	1	0.075000000000	0.075000000000	2	0.000000000000	0.328600000000	0.000000000000	0.049188001174	16000
1	1	0.075000000000	0.075000000000	3	0.293600000000	0.000000000000	0.048413674555	0.000000000000	12000
1	1	0.075000000000	0.075000000000	4	0.317875000000	0.000000000000	0.039735856771	0.000000000000	28000
1	1	0.075000000000	0.075000000000	5	0.301500000000	0.000000000000	0.047644727096	0.000000000000	10000
1	2	0.075000000000	0.150000000000	1	0.000000000000	0.319025000000	0.000000000000	0.047890164364	22000
1	2	0.075000000000	0.150000000000	2	0.000000000000	0.287475000000	0.000000000000	0.051987518474	6000
1	2	0.075000000000	0.150000000000	3	0.281850000000	0.000000000000	0.061201087189	0.000000000000	14000
1	2	0.075000000000	0.150000000000	4	0.000000000000	0.314000000000	0.000000000000	0.050500498020	30000
1	2	0.075000000000	0.150000000000	5	0.320325000000	0.000000000000	0.055175299625	0.000000000000	20000
1	3	0.075000000000	0.250000000000	1	0.310825000000	0.000000000000	0.047123932773	0.000000000000	12000
1	3	0.075000000000	0.250000000000	2	0.000000000000	0.323250000000	0.000000000000	0.046046800191	10000
1	3	0.075000000000	0.250000000000	3	0.000000000000	0.292900000000	0.000000000000	0.049732417127	8000
1	3	0.075000000000	0.250000000000	4	0.000000000000	0.309925000000	0.000000000000	0.063815686291	10000
1	3	0.075000000000	0.250000000000	5	0.328925000000	0.000000000000	0.051372254024	0.000000000000	24000
1	4	0.075000000000	0.325000000000	1	0.000000000000	0.301525000000	0.000000000000	0.046802669420	12000
1	4	0.075000000000	0.325000000000	2	0.000000000000	0.283275000000	0.000000000000	0.041429044652	30000
1	4	0.075000000000	0.325000000000	3	0.000000000000	0.324325000000	0.000000000000	0.051396117907	30000
1	4	0.075000000000	0.325000000000	4	0.000000000000	0.307250000000	0.000000000000	0.054271381804	10000
1	4	0.075000000000	0.325000000000	5	0.000000000000	0.303875000000	0.000000000000	0.043416521848	18000
1	5	0.075000000000	0.400000000000	1	0.000000000000	0.315025000000	0.000000000000	0.054512346959	6000
1	5	0.075000000000	0.400000000000	2	0.000000000000	0.277725000000	0.000000000000	0.048456655089	6000
1	5	0.075000000000	0.400000000000	3	0.380925000000	0.000000000000	0.058972426795	0.000000000000	10000
1	5	0.075000000000	0.400000000000	4	0.000000000000	0.323225000000	0.000000000000	0.035724650112	22000
1	5	0.075000000000	0.400000000000	5	0.313450000000	0.000000000000	0.049030618000	0.000000000000	8000
1	6	0.075000000000	0.500000000000	1	0.000000000000	0.309400000000	0.000000000000	0.043943953749	6000
1	6	0.075000000000	0.500000000000	2	0.000000000000	0.325625000000	0.000000000000	0.048940060324	10000
1	6	0.075000000000	0.500000000000	3	0.000000000000	0.323725000000	0.000000000000	0.059371915915	6000
1	6	0.075000000000	0.500000000000	4	0.000000000000	0.279350000000	0.000000000000	0.068862686337	12000
1	6	0.075000000000	0.500000000000	5	0.000000000000	0.314650000000	0.000000000000	0.046717877307	10000
1	7	0.075000000000	0.575000000000	1	0.000000000000	0.318900000000	0.000000000000	0.045810900871	10000
1	7	0.075000000000	0.575000000000	2	0.000000000000	0.311850000000	0.000000000000	0.054037001189	22000
1	7	0.075000000000	0.575000000000	3	0.000000000000	0.321450000000	0.000000000000	0.049634777234	30000
1	7	0.075000000000	0.575000000000	4	0.000000000000	0.322175000000	0.000000000000	0.054491868556	30000
1	7	0.075000000000	0.575000000000	5	0.000000000000	0.321475000000	0.000000000000	0.062225970836	8000
1	8	0.075000000000	0.650000000000	1	0.000000000000	0.311625000000	0.000000000000	0.045648857523	6000
1	8	0.075000000000	0.650000000000	2	0.329775000000	0.000000000000	0.052529360445	0.000000000000	8000
1	8	0.075000000000	0.650000000000	3	0.000000000000	0.315550000000	0.000000000000	0.044160476080	10000
1	8	0.075000000000	0.650000000000	4	0.000000000000	0.305750000000	0.000000000000	0.061650127642	6000
1	8	0.075000000000	0.650000000000	5	0.302125000000	0.000000000000	0.043966378261	0.000000000000	30000
1	9	0.075000000000	0.750000000000	1	0.000000000000	0.327000000000	0.000000000000	0.044036225874	8000
1	9	0.075000000000	0.750000000000	2	0.000000000000	0.291400000000	0.000000000000	0.056771586318	22000
1	9	0.075000000000	0.750000000000	3	0.298375000000	0.000000000000	0.041439130982	0.000000000000	30000
1	9	0.075000000000	0.750000000000	4	0.000000000000	0.294750000000	0.000000000000	0.044743037888	30000
1	9	0.075000000000	0.750000000000	5	0.000000000000	0.288125000000	0.000000000000	0.045129214718	14000
1	10	0.075000000000	0.825000000000	1	0.000000000000	0.288850000000	0.000000000000	0.053371584444	28000
1	10	0.075000000000	0.825000000000	2	0.000000000000	0.306050000000	0.000000000000	0.059113381665	8000
1	10	0.075000000000	0.825000000000	3	0.000000000000	0.303475000000	0.000000000000	0.046308139876	22000
1	10	0.075000000000	0.825000000000	4	0.318525000000	0.000000000000	0.041613472050	0.000000000000	12000
1	10	0.075000000000	0.825000000000	5	0.000000000000	0.324825000000	0.000000000000	0.042498829696	10000
1	11	0.075000000000	0.900000000000	1	0.000000000000	0.345725000000	0.000000000000	0.050940595985	6000
1	11	0.075000000000	0.900000000000	2	0.320625000000	0.000000000000	0.045563806200	0.000000000000	6000
1	11	0.075000000000	0.900000000000	3	0.322175000000	0.000000000000	0.056774710415	0.000000000000	10000
1	11	0.075000000000	0.900000000000	4	0.000000000000	0.293125000000	0.000000000000	0.040651099455	12000
1	11	0.075000000000	0.900000000000	5	0.000000000000	0.289050000000	0.000000000000	0.055773723277	14000
1	12	0.075000000000	1.000000000000	1	0.000000000000	1.000000000000	0.000000000000	0.000000000000	6000
1	12	0.075000000000	1.000000000000	2	0.000000000000	1.000000000000	0.000000000000	0.000000000000	6000
1	12	0.075000000000	1.000000000000	3	0.000000000000	1.000000000000	0.000000000000	0.000000000000	6000
1	12	0.075000000000	1.000000000000	4	0.000000000000	1.000000000000	0.000000000000	0.000000000000	6000
1	12	0.075000000000	1.000000000000	5	0.000000000000	1.000000000000	0.000000000000	0.000000000000	6000
2	0	0.150000000000	0.000000000000	1	0.305050000000	0.000000000000	0.063332523308	0.000000000000	16000
2	0	0.150000000000	0.000000000000	2	0.282075000000	0.000000000000	0.059163499683	0.000000000000	12000
2	0	0.150000000000	0.000000000000	3	0.305900000000	0.000000000000	0.049511527864	0.000000000000	12000
2	0	0.150000000000	0.000000000000	4	0.299650000000	0.000000000000	0.051100281200	0.000000000000	6000
2	0	0.150000000000	0.000000000000	5	0.308375000000	0.000000000000	0.051374835754	0.000000000000	6000
2	1	0.150000000000	0.075000000000	1	0.000000000000	0.274925000000	0.000000000000	0.042218500409	8000
2	1	0.150000000000	0.075000000000	2	0.315000000000	0.000000000000	0.057332687335	0.000000000000	30000
2	1	0.150000000000	0.075000000000	3	0.359375000000	0.000000000000	0.047539398075	0.000000000000	30000
2	1	0.150000000000	0.075000000000	4	0.326325000000	0.000000000000	0.056763469472	0.000000000000	30000
2	1	0.150000000000	0.075000000000	5	0.327425000000	0.000000000000	0.045102978324	0.000000000000	28000
2	2	0.150000000000	0.150000000000	1	0.299375000000	0.000000000000	0.044997323633	0.000000000000	20000
2	2	0.150000000000	0.150000000000	2	0.296275000000	0.000000000000	0.043357574359	0.000000000000	16000
2	2	0.150000000000	0.150000000000	3	0.315600000000	0.000000000000	0.052171465974	0.000000000000	30000
2	2	0.150000000000	0.150000000000	4	0.283625000000	0.000000000000	0.060092391120	0.000000000000	30000
2	2	0.150000000000	0.150000000000	5	0.000000000000	0.321125000000	0.000000000000	0.036461470264	8000
2	3	0.150000000000	0.250000000000	1	0.000000000000	0.330425000000	0.000000000000	0.050435484662	30000
2	3	0.150000000000	0.250000000000	2	0.000000000000	0.305800000000	0.000000000000	0.054823495106	6000
2	3	0.150000000000	0.250000000000	3	0.000000000000	0.317600000000	0.000000000000	0.050661193793	30000
2	3	0.150000000000	0.250000000000	4	0.321225000000	0.000000000000	0.070569855317	0.000000000000	16000
2	3	0.150000000000	0.250000000000	5	0.358825000000	0.000000000000	0.048632391310	0.000000000000	10000
2	4	0.150000000000	0.325000000000	1	0.305775000000	0.000000000000	0.056139790265	0.000000000000	8000
2	4	0.150000000000	0.325000000000	2	0.000000000000	0.301375000000	0.000000000000	0.055559168426	20000
2	4	0.150000000000	0.325000000000	3	0.344150000000	0.000000000000	0.061488277812	0.000000000000	18000
2	4	0.150000000000	0.325000000000	4	0.000000000000	0.324150000000	0.000000000000	0.057858665082	16000
2	4	0.150000000000	0.325000000000	5	0.000000000000	0.302200000000	0.000000000000	0.045904980855	8000
2	5	0.150000000000	0.400000000000	1	0.336550000000	0.000000000000	0.052600992047	0.000000000000	6000
2	5	0.150000000000	0.400000000000	2	0.000000000000	0.308175000000	0.000000000000	0.039358524724	8000
2	5	0.150000000000	0.400000000000	3	0.000000000000	0.303325000000	0.000000000000	0.047506064889	10000
2	5	0.150000000000	0.400000000000	4	0.000000000000	0.308850000000	0.000000000000	0.039379286792	10000
2	5	0.150000000000	0.400000000000	5	0.000000000000	0.332700000000	0.000000000000	0.043114021140	30000
2	6	0.150000000000	0.500000000000	1	0.000000000000	0.324375000000	0.000000000000	0.052301719330	16000
2	6	0.150000000000	0.500000000000	2	0.310100000000	0.000000000000	0.053016985965	0.000000000000	26000
2	6	0.150000000000	0.500000000000	3	0.000000000000	0.297775000000	0.000000000000	0.042204331301	8000
2	6	0.150000000000	0.500000000000	4	0.262275000000	0.000000000000	0.047981784321	0.000000000000	16000
2	6	0.150000000000	0.500000000000	5	0.000000000000	0.323700000000	0.000000000000	0.041306976000	6000
2	7	0.150000000000	0.575000000000	1	0.316050000000	0.000000000000	0.045888487154	0.000000000000	8000
2	7	0.150000000000	0.575000000000	2	0.000000000000	0.284450000000	0.000000000000	0.053371771996	8000
2	7	0.150000000000	0.575000000000	3	0.294025000000	0.000000000000	0.055060930623	0.000000000000	12000
2	7	0.150000000000	0.575000000000	4	0.000000000000	0.277875000000	0.000000000000	0.058047212283	18000
2	7	0.150000000000	0.575000000000	5	0.000000000000	0.317075000000	0.000000000000	0.044886904652	16000
2	8	0.150000000000	0.650000000000	1	0.000000000000	0.309125000000	0.000000000000	0.042856692255	8000
2	8	0.150000000000	0.650000000000	2	0.330050000000	0.000000000000	0.049289217147	0.000000000000	28000
2	8	0.150000000000	0.650000000000	3	0.000000000000	0.320725000000	0.000000000000	0.049482804315	12000
2	8	0.150000000000	0.650000000000	4	0.316700000000	0.000000000000	0.036690682826	0.000000000000	12000
2	8	0.150000000000	0.650000000000	5	0.000000000000	0.283700000000	0.000000000000	0.044272113345	16000
2	9	0.150000000000	0.750000000000	1	0.280225000000	0.000000000000	0.045446559438	0.000000000000	6000
2	9	0.150000000000	0.750000000000	2	0.292400000000	0.000000000000	0.048485470410	0.000000000000	16000
2	9	0.150000000000	0.750000000000	3	0.000000000000	0.323550000000	0.000000000000	0.038397550337	26000
2	9	0.150000000000	0.750000000000	4	0.000000000000	0.287825000000	0.000000000000	0.035016003420	10000
2	9	0.150000000000	0.750000000000	5	0.000000000000	0.312150000000	0.000000000000	0.051902035811	8000
2	10	0.150000000000	0.825000000000	1	0.297675000000	0.000000000000	0.043584618778	0.000000000000	10000
2	10	0.150000000000	0.825000000000	2	0.000000000000	0.323375000000	0.000000000000	0.050029864705	24000
2	10	0.150000000000	0.825000000000	3	0.000000000000	0.330225000000	0.000000000000	0.041322293098	6000
2	10	0.150000000000	0.825000000000	4	0.000000000000	0.315725000000	0.000000000000	0.068815586606	24000
2	10	0.150000000000	0.825000000000	5	0.000000000000	0.311375000000	0.000000000000	0.053703989549	26000
2	11	0.150000000000	0.900000000000	1	0.000000000000	0.293550000000	0.000000000000	0.056394395358	26000
2	11	0.150000000000	0.900000000000	2	0.000000000000	0.302000000000	0.000000000000	0.036415327488	18000
2	11	0.150000000000	0.900000000000	3	0.334525000000	0.000000000000	0.055094780241	0.000000000000	16000
2	11	0.150000000000	0.900000000000	4	0.000000000000	0.307300000000	0.000000000000	0.058982530795	6000
2	11	0.150000000000	0.900000000000	5	0.000000000000	0.345450000000	0.000000000000	0.044986901664	12000
2	12	0.150000000000	1.000000000000	1	0.000000000000	1.000000000000	0.000000000000	0.000000000000	6000
2	12	0.150000000000	1.000000000000	2	0.000000000000	1.000000000000	0.000000000000	0.000000000000	6000
2	12	0.150000000000	1.000000000000	3	0.000000000000	1.000000000000	0.000000000000	0.000000000000	6000
2	12	0.150000000000	1.000000000000	4	0.000000000000	1.000000000000	0.000000000000	0.000000000000	6000
2	12	0.150000000000	1.000000000000	5	0.000000000000	1.000000000000	0.000000000000	0.000000000000	8000
3	0	0.250000000000	0.000000000000	1	0.321150000000	0.000000000000	0.056043004187	0.000000000000	26000
3	0	0.250000000000	0.000000000000	2	0.304250000000	0.000000000000	0.052628007821	0.000000000000	4000
3	0	0.250000000000	0.000000000000	3	0.298050000000	0.000000000000	0.041144749244	0.000000000000	6000
3	0	0.250000000000	0.000000000000	4	0.320050000000	0.000000000000	0.041393972520	0.000000000000	30000
3	0	0.250000000000	0.000000000000	5	0.353550000000	0.000000000000	0.044222201473	0.000000000000	8000
3	1	0.250000000000	0.075000000000	1	0.333350000000	0.000000000000	0.064600315020	0.000000000000	12000
3	1	0.250000000000	0.075000000000	2	0.327550000000	0.000000000000	0.053268988024	0.000000000000	30000
3	1	0.250000000000	0.075000000000	3	0.332300000000	0.000000000000	0.056145902454	0.000000000000	6000
3	1	0.250000000000	0.075000000000	4	0.292300000000	0.000000000000	0.048919353053	0.000000000000	14000
3	1	0.250000000000	0.075000000000	5	0.346375000000	0.000000000000	0.045464837253	0.000000000000	24000
3	2	0.250000000000	0.150000000000	1	0.311450000000	0.000000000000	0.051940786915	0.000000000000	26000
3	2	0.250000000000	0.150000000000	2	0.000000000000	0.313325000000	0.000000000000	0.045361073643	10000
3	2	0.250000000000	0.150000000000	3	0.000000000000	0.324400000000	0.000000000000	0.046977088531	30000
3	2	0.250000000000	0.150000000000	4	0.307800000000	0.000000000000	0.045040966782	0.000000000000	10000
3	2	0.250000000000	0.150000000000	5	0.322425000000	0.000000000000	0.049195167847	0.000000000000	30000
3	3	0.250000000000	0.250000000000	1	0.298900000000	0.000000000000	0.051601382760	0.000000000000	10000
3	3	0.250000000000	0.250000000000	2	0.000000000000	0.325850000000	0.000000000000	0.052970117362	12000
3	3	0.250000000000	0.250000000000	3	0.303875000000	0.000000000000	0.049604132337	0.000000000000	30000
3	3	0.250000000000	0.250000000000	4	0.000000000000	0.290350000000	0.000000000000	0.059375103393	14000
3	3	0.250000000000	0.250000000000	5	0.310475000000	0.000000000000	0.047913412215	0.000000000000	16000
3	4	0.250000000000	0.325000000000	1	0.000000000000	0.308600000000	0.000000000000	0.050160303588	6000
3	4	0.250000000000	0.325000000000	2	0.000000000000	0.324975000000	0.000000000000	0.044145477664	30000
3	4	0.250000000000	0.325000000000	3	0.329075000000	0.000000000000	0.050500690042	0.000000000000	30000
3	4	0.250000000000	0.325000000000	4	0.333250000000	0.000000000000	0.052723023597	0.000000000000	8000
3	4	0.250000000000	0.325000000000	5	0.000000000000	0.292925000000	0.000000000000	0.045471276780	10000
3	5	0.250000000000	0.400000000000	1	0.000000000000	0.316775000000	0.000000000000	0.043486957706	18000
3	5	0.250000000000	0.400000000000	2	0.000000000000	0.299025000000	0.000000000000	0.058131778561	8000
3	5	0.250000000000	0.400000000000	3	0.289650000000	0.000000000000	0.040134003516	0.000000000000	14000
3	5	0.250000000000	0.400000000000	4	0.000000000000	0.306525000000	0.000000000000	0.037907602949	30000
3	5	0.250000000000	0.400000000000	5	0.000000000000	0.315050000000	0.000000000000	0.038810485101	10000
3	6	0.250000000000	0.500000000000	1	0.359125000000	0.000000000000	0.074475875497	0.000000000000	30000
3	6	0.250000000000	0.500000000000	2	0.295600000000	0.000000000000	0.068431153891	0.000000000000	30000
3	6	0.250000000000	0.500000000000	3	0.354175000000	0.000000000000	0.059407268904	0.000000000000	30000
3	6	0.250000000000	0.500000000000	4	0.328325000000	0.000000000000	0.051681625026	0.000000000000	16000
3	6	0.250000000000	0.500000000000	5	0.306150000000	0.000000000000	0.044049606898	0.000000000000	30000
3	7	0.250000000000	0.575000000000	1	0.000000000000	0.310325000000	0.000000000000	0.040597629765	18000
3	7	0.250000000000	0.575000000000	2	0.000000000000	0.297175000000	0.000000000000	0.051493163827	8000
3	7	0.250000000000	0.575000000000	3	0.000000000000	0.304525000000	0.000000000000	0.051517506039	12000
3	7	0.250000000000	0.575000000000	4	0.304700000000	0.000000000000	0.054883259489	0.000000000000	8000
3	7	0.250000000000	0.575000000000	5	0.000000000000	0.333225000000	0.000000000000	0.062784681980	10000
3	8	0.250000000000	0.650000000000	1	0.000000000000	0.318600000000	0.000000000000	0.064629458972	30000
3	8	0.250000000000	0.650000000000	2	0.305125000000	0.000000000000	0.047766526104	0.000000000000	16000
3	8	0.250000000000	0.650000000000	3	0.278250000000	0.000000000000	0.049364707782	0.000000000000	20000
3	8	0.250000000000	0.650000000000	4	0.299750000000	0.000000000000	0.054753405697	0.000000000000	14000
3	8	0.250000000000	0.650000000000	5	0.306650000000	0.000000000000	0.048881662379	0.000000000000	16000
3	9	0.250000000000	0.750000000000	1	0.347400000000	0.000000000000	0.051182121973	0.000000000000	10000
3	9	0.250000000000	0.750000000000	2	0.300950000000	0.000000000000	0.049639314677	0.000000000000	16000
3	9	0.250000000000	0.750000000000	3	0.000000000000	0.308750000000	0.000000000000	0.041187181063	14000
3	9	0.250000000000	0.750000000000	4	0.000000000000	0.275400000000	0.000000000000	0.050805227794	24000
3	9	0.250000000000	0.750000000000	5	0.000000000000	0.291325000000	0.000000000000	0.050352803098	18000
3	10	0.250000000000	0.825000000000	1	0.322625000000	0.000000000000	0.045793901957	0.000000000000	6000
3	10	0.250000000000	0.825000000000	2	0.000000000000	0.285650000000	0.000000000000	0.039867491982	24000
3	10	0.250000000000	0.825000000000	3	0.000000000000	0.309150000000	0.000000000000	0.051040499925	14000
3	10	0.250000000000	0.825000000000	4	0.000000000000	0.322475000000	0.000000000000	0.047185547055	16000
3	10	0.250000000000	0.825000000000	5	0.000000000000	0.320450000000	0.000000000000	0.047844399741	30000
3	11	0.250000000000	0.900000000000	1	0.000000000000	0.286200000000	0.000000000000	0.057252404647	30000
3	11	0.250000000000	0.900000000000	2	0.355650000000	0.000000000000	0.064998479231	0.000000000000	30000
3	11	0.250000000000	0.900000000000	3	0.297150000000	0.000000000000	0.047226664691	0.000000000000	12000
3	11	0.250000000000	0.900000000000	4	0.296750000000	0.000000000000	0.058226521688	0.000000000000	30000
3	11	0.250000000000	0.900000000000	5	0.000000000000	0.314125000000	0.000000000000	0.042209489644	12000
3	12	0.250000000000	1.000000000000	1	0.000000000000	1.000000000000	0.000000000000	0.000000000000	6000
3	12	0.250000000000	1.000000000000	2	0.000000000000	1.000000000000	0.000000000000	0.000000000000	6000
3	12	0.250000000000	1.000000000000	3	0.000000000000	1.000000000000	0.000000000000	0.000000000000	6000
3	12	0.250000000000	1.000000000000	4	0.000000000000	1.000000000000	0.000000000000	0.000000000000	6000
3	12	0.250000000000	1.000000000000	5	0.000000000000	1.000000000000	0.000000000000	0.000000000000	6000
4	0	0.325000000000	0.000000000000	1	0.342550000000	0.000000000000	0.045141835201	0.000000000000	12000
4	0	0.325000000000	0.000000000000	2	0.331650000000	0.000000000000	0.047294442213	0.000000000000	6000
4	0	0.325000000000	0.000000000000	3	0.331225000000	0.000000000000	0.044187972933	0.000000000000	8000
4	0	0.325000000000	0.000000000000	4	0.288100000000	0.000000000000	0.057601718359	0.000000000000	28000
4	0	0.325000000000	0.000000000000	5	0.322150000000	0.000000000000	0.045223585358	0.000000000000	12000
4	1	0.325000000000	0.075000000000	1	0.298450000000	0.000000000000	0.050795449380	0.000000000000	24000
4	1	0.325000000000	0.075000000000	2	0.306000000000	0.000000000000	0.042317736126	0.000000000000	26000
4	1	0.325000000000	0.075000000000	3	0.306350000000	0.000000000000	0.049214831094	0.000000000000	14000
4	1	0.325000000000	0.075000000000	4	0.306625000000	0.000000000000	0.059300091702	0.000000000000	16000
4	1	0.325000000000	0.075000000000	5	0.322925000000	0.000000000000	0.046781490815	0.000000000000	10000
4	2	0.325000000000	0.150000000000	1	0.314725000000	0.000000000000	0.057026760617	0.000000000000	8000
4	2	0.325000000000	0.150000000000	2	0.000000000000	0.316625000000	0.000000000000	0.043616358878	16000
4	2	0.325000000000	0.150000000000	3	0.000000000000	0.322600000000	0.000000000000	0.040754151947	12000
4	2	0.325000000000	0.150000000000	4	0.303800000000	0.000000000000	0.050491181006	0.000000000000	30000
4	2	0.325000000000	0.150000000000	5	0.000000000000	0.309525000000	0.000000000000	0.056318923962	30000
4	3	0.325000000000	0.250000000000	1	0.293650000000	0.000000000000	0.049670359820	0.000000000000	30000
4	3	0.325000000000	0.250000000000	2	0.320500000000	0.000000000000	0.058400861814	0.000000000000	6000
4	3	0.325000000000	0.250000000000	3	0.326125000000	0.000000000000	0.048777439597	0.000000000000	26000
4	3	0.325000000000	0.250000000000	4	0.000000000000	0.345925000000	0.000000000000	0.048011190877	6000
4	3	0.325000000000	0.250000000000	5	0.000000000000	0.317150000000	0.000000000000	0.040957966930	28000
4	4	0.325000000000	0.325000000000	1	0.000000000000	0.319800000000	0.000000000000	0.050799021059	14000
4	4	0.325000000000	0.325000000000	2	0.313000000000	0.000000000000	0.039891619939	0.000000000000	14000
4	4	0.325000000000	0.325000000000	3	0.317450000000	0.000000000000	0.049929855703	0.000000000000	6000
4	4	0.325000000000	0.325000000000	4	0.295375000000	0.000000000000	0.042113036971	0.000000000000	10000
4	4	0.325000000000	0.325000000000	5	0.000000000000	0.314550000000	0.000000000000	0.042545359413	24000
4	5	0.325000000000	0.400000000000	1	0.295325000000	0.000000000000	0.050000193944	0.000000000000	8000
4	5	0.325000000000	0.400000000000	2	0.292925000000	0.000000000000	0.046262399252	0.000000000000	8000
4	5	0.325000000000	0.400000000000	3	0.000000000000	0.324100000000	0.000000000000	0.042629300455	6000
4	5	0.325000000000	0.400000000000	4	0.337300000000	0.000000000000	0.051503520390	0.000000000000	28000
4	5	0.325000000000	0.400000000000	5	0.000000000000	0.316375000000	0.000000000000	0.044194881633	12000
4	6	0.325000000000	0.500000000000	1	0.298825000000	0.000000000000	0.048686391731	0.000000000000	30000
4	6	0.325000000000	0.500000000000	2	0.000000000000	0.328875000000	0.000000000000	0.054496139351	12000
4	6	0.325000000000	0.500000000000	3	0.000000000000	0.317125000000	0.000000000000	0.047125685196	14000
4	6	0.325000000000	0.500000000000	4	0.326125000000	0.000000000000	0.047173453443	0.000000000000	10000
4	6	0.325000000000	0.500000000000	5	0.000000000000	0.316425000000	0.000000000000	0.043332690859	30000
4	7	0.325000000000	0.575000000000	1	0.303300000000	0.000000000000	0.054688672052	0.000000000000	14000
4	7	0.325000000000	0.575000000000	2	0.309825000000	0.000000000000	0.054078821122	0.000000000000	10000
4	7	0.325000000000	0.575000000000	3	0.000000000000	0.301425000000	0.000000000000	0.051099956757	24000
4	7	0.325000000000	0.575000000000	4	0.000000000000	0.306725000000	0.000000000000	0.058588240774	22000
4	7	0.325000000000	0.575000000000	5	0.000000000000	0.294850000000	0.000000000000	0.043578970004	30000
4	8	0.325000000000	0.650000000000	1	0.308925000000	0.000000000000	0.042898830808	0.000000000000	26000
4	8	0.325000000000	0.650000000000	2	0.332625000000	0.000000000000	0.044392624163	0.000000000000	12000
4	8	0.325000000000	0.650000000000	3	0.000000000000	0.270325000000	0.000000000000	0.051382482760	30000
4	8	0.325000000000	0.650000000000	4	0.000000000000	0.318425000000	0.000000000000	0.050061467473	28000
4	8	0.325000000000	0.650000000000	5	0.000000000000	0.284300000000	0.000000000000	0.048665987901	20000
4	9	0.325000000000	0.750000000000	1	0.322525000000	0.000000000000	0.047386652866	0.000000000000	12000
4	9	0.325000000000	0.750000000000	2	0.326350000000	0.000000000000	0.053791923846	0.000000000000	22000
4	9	0.325000000000	0.750000000000	3	0.000000000000	0.315575000000	0.000000000000	0.042395067127	10000
4	9	0.325000000000	0.750000000000	4	0.000000000000	0.300075000000	0.000000000000	0.053100744477	14000
4	9	0.325000000000	0.750000000000	5	0.000000000000	0.301600000000	0.000000000000	0.052727793622	20000
4	10	0.325000000000	0.825000000000	1	0.339900000000	0.000000000000	0.054391621124	0.000000000000	12000
4	10	0.325000000000	0.825000000000	2	0.314900000000	0.000000000000	0.060304449476	0.000000000000	10000
4	10	0.325000000000	0.825000000000	3	0.000000000000	0.325325000000	0.000000000000	0.052626408902	16000
4	10	0.325000000000	0.825000000000	4	0.296500000000	0.000000000000	0.041827018774	0.000000000000	10000
4	10	0.325000000000	0.825000000000	5	0.323400000000	0.000000000000	0.060837004702	0.000000000000	30000
4	11	0.325000000000	0.900000000000	1	0.000000000000	0.324725000000	0.000000000000	0.040384778139	16000
4	11	0.325000000000	0.900000000000	2	0.000000000000	0.301800000000	0.000000000000	0.049476842643	6000
4	11	0.325000000000	0.900000000000	3	0.000000000000	0.319475000000	0.000000000000	0.063799841652	30000
4	11	0.325000000000	0.900000000000	4	0.332325000000	0.000000000000	0.050998237177	0.000000000000	6000
4	11	0.325000000000	0.900000000000	5	0.319050000000	0.000000000000	0.042369123695	0.000000000000	14000
4	12	0.325000000000	1.000000000000	1	0.000000000000	1.000000000000	0.000000000000	0.000000000000	6000
4	12	0.325000000000	1.000000000000	2	0.000000000000	1.000000000000	0.000000000000	0.000000000000	6000
4	12	0.325000000000	1.000000000000	3	0.000000000000	1.000000000000	0.000000000000	0.000000000000	6000
4	12	0.325000000000	1.000000000000	4	0.000000000000	1.000000000000	0.000000000000	0.000000000000	6000
4	12	0.325000000000	1.000000000000	5	0.000000000000	1.000000000000	0.000000000000	0.000000000000	6000
5	0	0.400000000000	0.000000000000	1	0.323125000000	0.000000000000	0.049946010641	0.000000000000	14000
5	0	0.400000000000	0.000000000000	2	0.302625000000	0.000000000000	0.039627070037	0.000000000000	30000
5	0	0.400000000000	0.000000000000	3	0.304900000000	0.000000000000	0.046185745887	0.000000000000	10000
5	0	0.400000000000	0.000000000000	4	0.320725000000	0.000000000000	0.044348801463	0.000000000000	12000
5	0	0.400000000000	0.000000000000	5	0.287175000000	0.000000000000	0.054684410573	0.000000000000	8000
5	1	0.400000000000	0.075000000000	1	0.305600000000	0.000000000000	0.045614917743	0.000000000000	30000
5	1	0.400000000000	0.075000000000	2	0.338500000000	0.000000000000	0.052623846964	0.000000000000	24000
5	1	0.400000000000	0.075000000000	3	0.304900000000	0.000000000000	0.052285023895	0.000000000000	22000
5	1	0.400000000000	0.075000000000	4	0.304225000000	0.000000000000	0.056010369902	0.000000000000	24000
5	1	0.400000000000	0.075000000000	5	0.299975000000	0.000000000000	0.050886774695	0.000000000000	16000
5	2	0.400000000000	0.150000000000	1	0.355675000000	0.000000000000	0.051512842554	0.000000000000	10000
5	2	0.400000000000	0.150000000000	2	0.000000000000	0.331400000000	0.000000000000	0.045025740608	12000
5	2	0.400000000000	0.150000000000	3	0.000000000000	0.305250000000	0.000000000000	0.038456682338	6000
5	2	0.400000000000	0.150000000000	4	0.291425000000	0.000000000000	0.057709832783	0.000000000000	16000
5	2	0.400000000000	0.150000000000	5	0.314600000000	0.000000000000	0.044903856809	0.000000000000	12000
5	3	0.400000000000	0.250000000000	1	0.322125000000	0.000000000000	0.047045963671	0.000000000000	20000
5	3	0.400000000000	0.250000000000	2	0.288100000000	0.000000000000	0.046763520257	0.000000000000	6000
5	3	0.400000000000	0.250000000000	3	0.317600000000	0.000000000000	0.046245309261	0.000000000000	28000
5	3	0.400000000000	0.250000000000	4	0.000000000000	0.320425000000	0.000000000000	0.054372794445	8000
5	3	0.400000000000	0.250000000000	5	0.313875000000	0.000000000000	0.048040787798	0.000000000000	18000
5	4	0.400000000000	0.325000000000	1	0.311500000000	0.000000000000	0.060395758524	0.000000000000	14000
5	4	0.400000000000	0.325000000000	2	0.341900000000	0.000000000000	0.058064718302	0.000000000000	30000
5	4	0.400000000000	0.325000000000	3	0.302300000000	0.000000000000	0.051440315960	0.000000000000	18000
5	4	0.400000000000	0.325000000000	4	0.307550000000	0.000000000000	0.047712933509	0.000000000000	18000
5	4	0.400000000000	0.325000000000	5	0.307075000000	0.000000000000	0.033715072017	0.000000000000	6000
5	5	0.400000000000	0.400000000000	1	0.329100000000	0.000000000000	0.058215797504	0.000000000000	26000
5	5	0.400000000000	0.400000000000	2	0.000000000000	0.329300000000	0.000000000000	0.046177834427	12000
5	5	0.400000000000	0.400000000000	3	0.000000000000	0.310900000000	0.000000000000	0.045683990927	10000
5	5	0.400000000000	0.400000000000	4	0.286750000000	0.000000000000	0.041996442721	0.000000000000	14000
5	5	0.400000000000	0.400000000000	5	0.000000000000	0.324525000000	0.000000000000	0.065800677079	6000
5	6	0.400000000000	0.500000000000	1	0.000000000000	0.290800000000	0.000000000000	0.032847205953	16000
5	6	0.400000000000	0.500000000000	2	0.000000000000	0.332475000000	0.000000000000	0.052057269755	12000
5	6	0.400000000000	0.500000000000	3	0.324800000000	0.000000000000	0.048203044857	0.000000000000	14000
5	6	0.400000000000	0.500000000000	4	0.000000000000	0.315275000000	0.000000000000	0.063699348364	16000
5	6	0.400000000000	0.500000000000	5	0.285850000000	0.000000000000	0.058934291807	0.000000000000	16000
5	7	0.400000000000	0.575000000000	1	0.337775000000	0.000000000000	0.039452260466	0.000000000000	30000
5	7	0.400000000000	0.575000000000	2	0.311375000000	0.000000000000	0.050584515103	0.000000000000	6000
5	7	0.400000000000	0.575000000000	3	0.000000000000	0.329875000000	0.000000000000	0.065353886690	24000
5	7	0.400000000000	0.575000000000	4	0.000000000000	0.303975000000	0.000000000000	0.037599708950	12000
5	7	0.400000000000	0.575000000000	5	0.320450000000	0.000000000000	0.047239062533	0.000000000000	24000
5	8	0.400000000000	0.650000000000	1	0.304375000000	0.000000000000	0.052253850000	0.000000000000	22000
5	8	0.400000000000	0.650000000000	2	0.000000000000	0.268300000000	0.000000000000	0.044464447451	16000
5	8	0.400000000000	0.650000000000	3	0.000000000000	0.344825000000	0.000000000000	0.052168629855	18000
5	8	0.400000000000	0.650000000000	4	0.000000000000	0.285975000000	0.000000000000	0.051262092985	10000
5	8	0.400000000000	0.650000000000	5	0.306650000000	0.000000000000	0.048881662379	0.000000000000	20000
5	9	0.400000000000	0.750000000000	1	0.000000000000	0.306350000000	0.000000000000	0.047176828562	20000
5	9	0.400000000000	0.750000000000	2	0.313300000000	0.000000000000	0.051933198025	0.000000000000	8000
5	9	0.400000000000	0.750000000000	3	0.000000000000	0.263150000000	0.000000000000	0.046669106543	6000
5	9	0.400000000000	0.750000000000	4	0.000000000000	0.275400000000	0.000000000000	0.050805227794	30000
5	9	0.400000000000	0.750000000000	5	0.000000000000	0.287450000000	0.000000000000	0.040763453720	20000
5	10	0.400000000000	0.825000000000	1	0.331225000000	0.000000000000	0.058150716942	0.000000000000	14000
5	10	0.400000000000	0.825000000000	2	0.307025000000	0.000000000000	0.048047715429	0.000000000000	8000
5	10	0.400000000000	0.825000000000	3	0.307000000000	0.000000000000	0.048031833788	0.000000000000	30000
5	10	0.400000000000	0.825000000000	4	0.000000000000	0.310800000000	0.000000000000	0.052319665016	6000
5	10	0.400000000000	0.825000000000	5	0.000000000000	0.294575000000	0.000000000000	0.038359037928	30000
5	11	0.400000000000	0.900000000000	1	0.282150000000	0.000000000000	0.045218051397	0.000000000000	6000
5	11	0.400000000000	0.900000000000	2	0.000000000000	0.304550000000	0.000000000000	0.044735878205	30000
5	11	0.400000000000	0.900000000000	3	0.313225000000	0.000000000000	0.044527599105	0.000000000000	14000
5	11	0.400000000000	0.900000000000	4	0.000000000000	0.323150000000	0.000000000000	0.062263184983	8000
5	11	0.400000000000	0.900000000000	5	0.306425000000	0.000000000000	0.054046418849	0.000000000000	10000
5	12	0.400000000000	1.000000000000	1	0.000000000000	1.000000000000	0.000000000000	0.000000000000	6000
5	12	0.400000000000	1.000000000000	2	0.000000000000	1.000000000000	0.000000000000	0.000000000000	6000
5	12	0.400000000000	1.000000000000	3	0.000000000000	1.000000000000	0.000000000000	0.000000000000	8000
5	12	0.400000000000	1.000000000000	4	0.000000000000	1.000000000000	0.000000000000	0.000000000000	6000
5	12	0.400000000000	1.000000000000	5	0.000000000000	1.000000000000	0.000000000000	0.000000000000	6000
6	0	0.500000000000	0.000000000000	1	0.320150000000	0.000000000000	0.051639559876	0.000000000000	26000
6	0	0.500000000000	0.000000000000	2	0.335375000000	0.000000000000	0.043256276776	0.000000000000	30000
6	0	0.500000000000	0.000000000000	3	0.305450000000	0.000000000000	0.062633620927	0.000000000000	6000
6	0	0.500000000000	0.000000000000	4	0.327975000000	0.000000000000	0.051399574816	0.000000000000	10000
6	0	0.500000000000	0.000000000000	5	0.344925000000	0.000000000000	0.054615494388	0.000000000000	10000
6	1	0.500000000000	0.075000000000	1	0.309925000000	0.000000000000	0.056825157048	0.000000000000	16000
6	1	0.500000000000	0.075000000000	2	0.321600000000	0.000000000000	0.045954344754	0.000000000000	30000
6	1	0.500000000000	0.075000000000	3	0.000000000000	0.283050000000	0.000000000000	0.055819470737	30000
6	1	0.500000000000	0.075000000000	4	0.321425000000	0.000000000000	0.046583413243	0.000000000000	8000
6	1	0.500000000000	0.075000000000	5	0.000000000000	0.344625000000	0.000000000000	0.065505918820	8000
6	2	0.500000000000	0.150000000000	1	0.342225000000	0.000000000000	0.047630799574	0.000000000000	30000
6	2	0.500000000000	0.150000000000	2	0.278600000000	0.000000000000	0.047781513926	0.000000000000	30000
6	2	0.500000000000	0.150000000000	3	0.315600000000	0.000000000000	0.052171465974	0.000000000000	10000
6	2	0.500000000000	0.150000000000	4	0.310750000000	0.000000000000	0.041153749904	0.000000000000	30000
6	2	0.500000000000	0.150000000000	5	0.000000000000	0.327675000000	0.000000000000	0.047481299991	12000
6	3	0.500000000000	0.250000000000	1	0.363100000000	0.000000000000	0.052784241741	0.000000000000	22000
6	3	0.500000000000	0.250000000000	2	0.000000000000	0.326625000000	0.000000000000	0.043270737592	26000
6	3	0.500000000000	0.250000000000	3	0.326375000000	0.000000000000	0.061958237533	0.000000000000	30000
6	3	0.500000000000	0.250000000000	4	0.000000000000	0.312400000000	0.000000000000	0.064665846253	22000
6	3	0.500000000000	0.250000000000	5	0.000000000000	0.309725000000	0.000000000000	0.050669189275	6000
6	4	0.500000000000	0.325000000000	1	0.338775000000	0.000000000000	0.054210821689	0.000000000000	14000
6	4	0.500000000000	0.325000000000	2	0.302600000000	0.000000000000	0.057175248220	0.000000000000	30000
6	4	0.500000000000	0.325000000000	3	0.301675000000	0.000000000000	0.049424307149	0.000000000000	6000
6	4	0.500000000000	0.325000000000	4	0.307450000000	0.000000000000	0.043891046056	0.000000000000	30000
6	4	0.500000000000	0.325000000000	5	0.338750000000	0.000000000000	0.054556520361	0.000000000000	8000
6	5	0.500000000000	0.400000000000	1	0.000000000000	0.304200000000	0.000000000000	0.045765210089	10000
6	5	0.500000000000	0.400000000000	2	0.000000000000	0.291075000000	0.000000000000	0.047757199720	20000
6	5	0.500000000000	0.400000000000	3	0.316475000000	0.000000000000	0.054666606011	0.000000000000	10000
6	5	0.500000000000	0.400000000000	4	0.300750000000	0.000000000000	0.047583628505	0.000000000000	6000
6	5	0.500000000000	0.400000000000	5	0.306525000000	0.000000000000	0.042039465883	0.000000000000	30000
6	6	0.500000000000	0.500000000000	1	0.000000000000	0.305500000000	0.000000000000	0.047071389566	20000
6	6	0.500000000000	0.500000000000	2	0.329975000000	0.000000000000	0.065775761689	0.000000000000	8000
6	6	0.500000000000	0.500000000000	3	0.000000000000	0.322475000000	0.000000000000	0.054103387616	18000
6	6	0.500000000000	0.500000000000	4	0.323450000000	0.000000000000	0.044224464986	0.000000000000	8000
6	6	0.500000000000	0.500000000000	5	0.290325000000	0.000000000000	0.041093893501	0.000000000000	12000
6	7	0.500000000000	0.575000000000	1	0.294825000000	0.000000000000	0.041009464166	0.000000000000	28000
6	7	0.500000000000	0.575000000000	2	0.344050000000	0.000000000000	0.048043268578	0.000000000000	12000
6	7	0.500000000000	0.575000000000	3	0.306750000000	0.000000000000	0.045883469712	0.000000000000	30000
6	7	0.500000000000	0.575000000000	4	0.000000000000	0.301825000000	0.000000000000	0.047666198101	10000
6	7	0.500000000000	0.575000000000	5	0.000000000000	0.325525000000	0.000000000000	0.064794271913	30000
6	8	0.500000000000	0.650000000000	1	0.000000000000	0.304275000000	0.000000000000	0.048499500787	22000
6	8	0.500000000000	0.650000000000	2	0.000000000000	0.318400000000	0.000000000000	0.053600961401	30000
6	8	0.500000000000	0.650000000000	3	0.351275000000	0.000000000000	0.053822822959	0.000000000000	16000
6	8	0.500000000000	0.650000000000	4	0.000000000000	0.321400000000	0.000000000000	0.049656376788	20000
6	8	0.500000000000	0.650000000000	5	0.364325000000	0.000000000000	0.053509650136	0.000000000000	8000
6	9	0.500000000000	0.750000000000	1	0.000000000000	0.311350000000	0.000000000000	0.048808911172	16000
6	9	0.500000000000	0.750000000000	2	0.339400000000	0.000000000000	0.048048919849	0.000000000000	10000
6	9	0.500000000000	0.750000000000	3	0.330725000000	0.000000000000	0.046043124833	0.000000000000	16000
6	9	0.500000000000	0.750000000000	4	0.286625000000	0.000000000000	0.055462243332	0.000000000000	18000
6	9	0.500000000000	0.750000000000	5	0.294000000000	0.000000000000	0.047076705664	0.000000000000	30000
6	10	0.500000000000	0.825000000000	1	0.274150000000	0.000000000000	0.036648610078	0.000000000000	24000
6	10	0.500000000000	0.825000000000	2	0.310850000000	0.000000000000	0.041506026674	0.000000000000	12000
6	10	0.500000000000	0.825000000000	3	0.343800000000	0.000000000000	0.053893083642	0.000000000000	18000
6	10	0.500000000000	0.825000000000	4	0.000000000000	0.289450000000	0.000000000000	0.039452553834	8000
6	10	0.500000000000	0.825000000000	5	0.000000000000	0.300075000000	0.000000000000	0.041726616032	6000
6	11	0.500000000000	0.900000000000	1	0.000000000000	0.269200000000	0.000000000000	0.055740173726	14000
6	11	0.500000000000	0.900000000000	2	0.000000000000	0.309875000000	0.000000000000	0.038853815694	10000
6	11	0.500000000000	0.900000000000	3	0.314875000000	0.000000000000	0.042572547455	0.000000000000	6000
6	11	0.500000000000	0.900000000000	4	0.317050000000	0.000000000000	0.056313574906	0.000000000000	12000
6	11	0.500000000000	0.900000000000	5	0.000000000000	0.300700000000	0.000000000000	0.045802378299	18000
6	12	0.500000000000	1.000000000000	1	0.000000000000	1.000000000000	0.000000000000	0.000000000000	6000
6	12	0.500000000000	1.000000000000	2	0.000000000000	1.000000000000	0.000000000000	0.000000000000	6000
6	12	0.500000000000	1.000000000000	3	0.000000000000	1.000000000000	0.000000000000	0.000000000000	8000
6	12	0.500000000000	1.000000000000	4	0.000000000000	1.000000000000	0.000000000000	0.000000000000	6000
6	12	0.500000000000	1.000000000000	5	0.000000000000	1.000000000000	0.000000000000	0.000000000000	6000
7	0	0.575000000000	0.000000000000	1	0.311550000000	0.000000000000	0.040164794419	0.000000000000	12000
7	0	0.575000000000	0.000000000000	2	0.310350000000	0.000000000000	0.058127069909	0.000000000000	22000
7	0	0.575000000000	0.000000000000	3	0.308450000000	0.000000000000	0.049292771045	0.000000000000	8000
7	0	0.575000000000	0.000000000000	4	0.282575000000	0.000000000000	0.055261181431	0.000000000000	12000
7	0	0.575000000000	0.000000000000	5	0.306625000000	0.000000000000	0.041949304155	0.000000000000	16000
7	1	0.575000000000	0.075000000000	1	0.297575000000	0.000000000000	0.040016817973	0.000000000000	12000
7	1	0.575000000000	0.075000000000	2	0.338500000000	0.000000000000	0.052623846964	0.000000000000	16000
7	1	0.575000000000	0.075000000000	3	0.361475000000	0.000000000000	0.060135810385	0.000000000000	30000
7	1	0.575000000000	0.075000000000	4	0.309275000000	0.000000000000	0.053712050411	0.000000000000	6000
7	1	0.575000000000	0.075000000000	5	0.298175000000	0.000000000000	0.051477609884	0.000000000000	30000
7	2	0.575000000000	0.150000000000	1	0.316650000000	0.000000000000	0.041542186428	0.000000000000	14000
7	2	0.575000000000	0.150000000000	2	0.000000000000	0.321600000000	0.000000000000	0.041954739901	28000
7	2	0.575000000000	0.150000000000	3	0.289800000000	0.000000000000	0.050433158770	0.000000000000	6000
7	2	0.575000000000	0.150000000000	4	0.330000000000	0.000000000000	0.051064739377	0.000000000000	8000
7	2	0.575000000000	0.150000000000	5	0.267600000000	0.000000000000	0.054584516756	0.000000000000	30000
7	3	0.575000000000	0.250000000000	1	0.297000000000	0.000000000000	0.043262242448	0.000000000000	6000
7	3	0.575000000000	0.250000000000	2	0.306825000000	0.000000000000	0.053578587514	0.000000000000	30000
7	3	0.575000000000	0.250000000000	3	0.314075000000	0.000000000000	0.048552824344	0.000000000000	22000
7	3	0.575000000000	0.250000000000	4	0.000000000000	0.310175000000	0.000000000000	0.044571077572	18000
7	3	0.575000000000	0.250000000000	5	0.334475000000	0.000000000000	0.045529356434	0.000000000000	22000
7	4	0.575000000000	0.325000000000	1	0.000000000000	0.297475000000	0.000000000000	0.059088838759	12000
7	4	0.575000000000	0.325000000000	2	0.000000000000	0.319325000000	0.000000000000	0.047136941630	8000
7	4	0.575000000000	0.325000000000	3	0.288925000000	0.000000000000	0.046825869314	0.000000000000	6000
7	4	0.575000000000	0.325000000000	4	0.285925000000	0.000000000000	0.039453465639	0.000000000000	10000
7	4	0.575000000000	0.325000000000	5	0.000000000000	0.317750000000	0.000000000000	0.048809013715	26000
7	5	0.575000000000	0.400000000000	1	0.343000000000	0.000000000000	0.044474464336	0.000000000000	18000
7	5	0.575000000000	0.400000000000	2	0.334625000000	0.000000000000	0.046017409499	0.000000000000	30000
7	5	0.575000000000	0.400000000000	3	0.310200000000	0.000000000000	0.046455549917	0.000000000000	8000
7	5	0.575000000000	0.400000000000	4	0.000000000000	0.306025000000	0.000000000000	0.041620988476	8000
7	5	0.575000000000	0.400000000000	5	0.000000000000	0.329000000000	0.000000000000	0.038363025451	30000
7	6	0.575000000000	0.500000000000	1	0.309600000000	0.000000000000	0.044198908850	0.000000000000	22000
7	6	0.575000000000	0.500000000000	2	0.000000000000	0.312450000000	0.000000000000	0.057245301331	6000
7	6	0.575000000000	0.500000000000	3	0.312650000000	0.000000000000	0.040408666897	0.000000000000	30000
7	6	0.575000000000	0.500000000000	4	0.000000000000	0.282950000000	0.000000000000	0.042966773717	22000
7	6	0.575000000000	0.500000000000	5	0.310800000000	0.000000000000	0.052067946676	0.000000000000	6000
7	7	0.575000000000	0.575000000000	1	0.314425000000	0.000000000000	0.047008021966	0.000000000000	30000
7	7	0.575000000000	0.575000000000	2	0.302175000000	0.000000000000	0.051208072036	0.000000000000	30000
7	7	0.575000000000	0.575000000000	3	0.287925000000	0.000000000000	0.053492343432	0.000000000000	16000
7	7	0.575000000000	0.575000000000	4	0.000000000000	0.292075000000	0.000000000000	0.048323436649	10000
7	7	0.575000000000	0.575000000000	5	0.319125000000	0.000000000000	0.043364615355	0.000000000000	22000
7	8	0.575000000000	0.650000000000	1	0.289425000000	0.000000000000	0.052870972326	0.000000000000	16000
7	8	0.575000000000	0.650000000000	2	0.296475000000	0.000000000000	0.045774388796	0.000000000000	18000
7	8	0.575000000000	0.650000000000	3	0.314450000000	0.000000000000	0.056319351642	0.000000000000	6000
7	8	0.575000000000	0.650000000000	4	0.000000000000	0.299600000000	0.000000000000	0.055726523716	8000
7	8	0.575000000000	0.650000000000	5	0.000000000000	0.310825000000	0.000000000000	0.043864775088	6000
7	9	0.575000000000	0.750000000000	1	0.000000000000	0.276800000000	0.000000000000	0.047857082029	10000
7	9	0.575000000000	0.750000000000	2	0.352175000000	0.000000000000	0.047003762921	0.000000000000	20000
7	9	0.575000000000	0.750000000000	3	0.000000000000	0.316775000000	0.000000000000	0.034881098980	10000
7	9	0.575000000000	0.750000000000	4	0.308175000000	0.000000000000	0.050324715120	0.000000000000	8000
7	9	0.575000000000	0.750000000000	5	0.342500000000	0.000000000000	0.049179962065	0.000000000000	30000
7	10	0.575000000000	0.825000000000	1	0.000000000000	0.303175000000	0.000000000000	0.052244845668	8000
7	10	0.575000000000	0.825000000000	2	0.312300000000	0.000000000000	0.050323875968	0.000000000000	14000
7	10	0.575000000000	0.825000000000	3	0.000000000000	0.326475000000	0.000000000000	0.047216827549	8000
7	10	0.575000000000	0.825000000000	4	0.000000000000	0.329950000000	0.000000000000	0.041333472585	6000
7	10	0.575000000000	0.825000000000	5	0.296175000000	0.000000000000	0.056969201020	0.000000000000	16000
7	11	0.575000000000	0.900000000000	1	0.000000000000	0.299250000000	0.000000000000	0.042997514885	24000
7	11	0.575000000000	0.900000000000	2	0.298150000000	0.000000000000	0.056022013227	0.000000000000	16000
7	11	0.575000000000	0.900000000000	3	0.000000000000	0.269575000000	0.000000000000	0.051721557348	12000
7	11	0.575000000000	0.900000000000	4	0.000000000000	0.300550000000	0.000000000000	0.043492402659	8000
7	11	0.575000000000	0.900000000000	5	0.000000000000	0.298250000000	0.000000000000	0.048210598023	16000
7	12	0.575000000000	1.000000000000	1	0.000000000000	1.000000000000	0.000000000000	0.000000000000	6000
7	12	0.575000000000	1.000000000000	2	0.000000000000	1.000000000000	0.000000000000	0.000000000000	6000
7	12	0.575000000000	1.000000000000	3	0.000000000000	1.000000000000	0.000000000000	0.000000000000	6000
7	12	0.575000000000	1.000000000000	4	0.000000000000	1.000000000000	0.000000000000	0.000000000000	6000
7	12	0.575000000000	1.000000000000	5	0.000000000000	1.000000000000	0.000000000000	0.000000000000	14000
8	0	0.650000000000	0.000000000000	1	0.336675000000	0.000000000000	0.049993186473	0.000000000000	8000
8	0	0.650000000000	0.000000000000	2	0.323975000000	0.000000000000	0.054658594356	0.000000000000	6000
8	0	0.650000000000	0.000000000000	3	0.289525000000	0.000000000000	0.039874670712	0.000000000000	10000
8	0	0.650000000000	0.000000000000	4	0.288100000000	0.000000000000	0.057601718359	0.000000000000	30000
8	0	0.650000000000	0.000000000000	5	0.304775000000	0.000000000000	0.055618502252	0.000000000000	26000
8	1	0.650000000000	0.075000000000	1	0.290500000000	0.000000000000	0.043765459159	0.000000000000	22000
8	1	0.650000000000	0.075000000000	2	0.317150000000	0.000000000000	0.058805489417	0.000000000000	26000
8	1	0.650000000000	0.075000000000	3	0.317375000000	0.000000000000	0.042638626003	0.000000000000	30000
8	1	0.650000000000	0.075000000000	4	0.345775000000	0.000000000000	0.042642029944	0.000000000000	14000
8	1	0.650000000000	0.075000000000	5	0.297525000000	0.000000000000	0.040986940656	0.000000000000	6000
8	2	0.650000000000	0.150000000000	1	0.305500000000	0.000000000000	0.045777675734	0.000000000000	30000
8	2	0.650000000000	0.150000000000	2	0.295400000000	0.000000000000	0.051358813535	0.000000000000	26000
8	2	0.650000000000	0.150000000000	3	0.298675000000	0.000000000000	0.037252612420	0.000000000000	22000
8	2	0.650000000000	0.150000000000	4	0.355275000000	0.000000000000	0.047143630502	0.000000000000	30000
8	2	0.650000000000	0.150000000000	5	0.345025000000	0.000000000000	0.061295444419	0.000000000000	12000
8	3	0.650000000000	0.250000000000	1	0.353725000000	0.000000000000	0.044087334554	0.000000000000	20000
8	3	0.650000000000	0.250000000000	2	0.299400000000	0.000000000000	0.049227160321	0.000000000000	6000
8	3	0.650000000000	0.250000000000	3	0.320500000000	0.000000000000	0.050309353316	0.000000000000	8000
8	3	0.650000000000	0.250000000000	4	0.364000000000	0.000000000000	0.057552691617	0.000000000000	12000
8	3	0.650000000000	0.250000000000	5	0.000000000000	0.283450000000	0.000000000000	0.047692998670	10000
8	4	0.650000000000	0.325000000000	1	0.289275000000	0.000000000000	0.061720408163	0.000000000000	10000
8	4	0.650000000000	0.325000000000	2	0.000000000000	0.309725000000	0.000000000000	0.042208778186	30000
8	4	0.650000000000	0.325000000000	3	0.281250000000	0.000000000000	0.047678199533	0.000000000000	6000
8	4	0.650000000000	0.325000000000	4	0.312925000000	0.000000000000	0.063699505508	0.000000000000	10000
8	4	0.650000000000	0.325000000000	5	0.332100000000	0.000000000000	0.052760057085	0.000000000000	14000
8	5	0.650000000000	0.400000000000	1	0.000000000000	0.305675000000	0.000000000000	0.051827651698	30000
8	5	0.650000000000	0.400000000000	2	0.000000000000	0.346725000000	0.000000000000	0.034638839822	30000
8	5	0.650000000000	0.400000000000	3	0.000000000000	0.271700000000	0.000000000000	0.040982185636	8000
8	5	0.650000000000	0.400000000000	4	0.320475000000	0.000000000000	0.064210765432	0.000000000000	14000
8	5	0.650000000000	0.400000000000	5	0.000000000000	0.324675000000	0.000000000000	0.042937314634	12000
8	6	0.650000000000	0.500000000000	1	0.276900000000	0.000000000000	0.038734873052	0.000000000000	8000
8	6	0.650000000000	0.500000000000	2	0.000000000000	0.310850000000	0.000000000000	0.043059628791	16000
8	6	0.650000000000	0.500000000000	3	0.316425000000	0.000000000000	0.044062863172	0.000000000000	20000
8	6	0.650000000000	0.500000000000	4	0.000000000000	0.313100000000	0.000000000000	0.050320693280	18000
8	6	0.650000000000	0.500000000000	5	0.317425000000	0.000000000000	0.043719626952	0.000000000000	30000
8	7	0.650000000000	0.575000000000	1	0.000000000000	0.304400000000	0.000000000000	0.059669510225	6000
8	7	0.650000000000	0.575000000000	2	0.000000000000	0.291500000000	0.000000000000	0.051809112945	10000
8	7	0.650000000000	0.575000000000	3	0.000000000000	0.307875000000	0.000000000000	0.046010611291	6000
8	7	0.650000000000	0.575000000000	4	0.297675000000	0.000000000000	0.042773226719	0.000000000000	28000
8	7	0.650000000000	0.575000000000	5	0.286625000000	0.000000000000	0.049992335499	0.000000000000	30000
8	8	0.650000000000	0.650000000000	1	0.309275000000	0.000000000000	0.044697284282	0.000000000000	18000
8	8	0.650000000000	0.650000000000	2	0.000000000000	0.324425000000	0.000000000000	0.042081055003	6000
8	8	0.650000000000	0.650000000000	3	0.278425000000	0.000000000000	0.048644225101	0.000000000000	10000
8	8	0.650000000000	0.650000000000	4	0.320125000000	0.000000000000	0.046208707184	0.000000000000	14000
8	8	0.650000000000	0.650000000000	5	0.000000000000	0.328050000000	0.000000000000	0.054554318561	10000
8	9	0.650000000000	0.750000000000	1	0.000000000000	0.298500000000	0.000000000000	0.039661985239	18000
8	9	0.650000000000	0.750000000000	2	0.306325000000	0.000000000000	0.045622919962	0.000000000000	6000
8	9	0.650000000000	0.750000000000	3	0.000000000000	0.321875000000	0.000000000000	0.048432479599	8000
8	9	0.650000000000	0.750000000000	4	0.299900000000	0.000000000000	0.038343320282	0.000000000000	8000
8	9	0.650000000000	0.750000000000	5	0.000000000000	0.282725000000	0.000000000000	0.045818104213	20000
8	10	0.650000000000	0.825000000000	1	0.338375000000	0.000000000000	0.058759569962	0.000000000000	10000
8	10	0.650000000000	0.825000000000	2	0.000000000000	0.293325000000	0.000000000000	0.042929154281	30000
8	10	0.650000000000	0.825000000000	3	0.298050000000	0.000000000000	0.046377239551	0.000000000000	14000
8	10	0.650000000000	0.825000000000	4	0.000000000000	0.283100000000	0.000000000000	0.054312428042	6000
8	10	0.650000000000	0.825000000000	5	0.322300000000	0.000000000000	0.047932322159	0.000000000000	16000
8	11	0.650000000000	0.900000000000	1	0.300400000000	0.000000000000	0.052833525165	0.000000000000	12000
8	11	0.650000000000	0.900000000000	2	0.320600000000	0.000000000000	0.042514085283	0.000000000000	8000
8	11	0.650000000000	0.900000000000	3	0.316625000000	0.000000000000	0.050823886534	0.000000000000	22000
8	11	0.650000000000	0.900000000000	4	0.322825000000	0.000000000000	0.056027077457	0.000000000000	30000
8	11	0.650000000000	0.900000000000	5	0.000000000000	0.312900000000	0.000000000000	0.050644890215	20000
8	12	0.650000000000	1.000000000000	1	0.000000000000	1.000000000000	0.000000000000	0.000000000000	6000
8	12	0.650000000000	1.000000000000	2	0.000000000000	1.000000000000	0.000000000000	0.000000000000	8000
8	12	0.650000000000	1.000000000000	3	0.000000000000	1.000000000000	0.000000000000	0.000000000000	8000
8	12	0.650000000000	1.000000000000	4	0.128750000000	1.000000000000	0.037514595091	0.000000000000	4000
8	12	0.650000000000	1.000000000000	5	0.132875000000	1.000000000000	0.050285564658	0.000000000000	4000
9	0	0.750000000000	0.000000000000	1	0.326525000000	0.000000000000	0.053932439988	0.000000000000	6000
9	0	0.750000000000	0.000000000000	2	0.350650000000	0.000000000000	0.040558260225	0.000000000000	8000
9	0	0.750000000000	0.000000000000	3	0.278250000000	0.000000000000	0.043099246456	0.000000000000	6000
9	0	0.750000000000	0.000000000000	4	0.311575000000	0.000000000000	0.056985890945	0.000000000000	12000
9	0	0.750000000000	0.000000000000	5	0.291125000000	0.000000000000	0.049033291126	0.000000000000	14000
9	1	0.750000000000	0.075000000000	1	0.329400000000	0.000000000000	0.056147507002	0.000000000000	8000
9	1	0.750000000000	0.075000000000	2	0.306050000000	0.000000000000	0.042825010000	0.000000000000	10000
9	1	0.750000000000	0.075000000000	3	0.310175000000	0.000000000000	0.056227269904	0.000000000000	12000
9	1	0.750000000000	0.075000000000	4	0.330300000000	0.000000000000	0.040199826194	0.000000000000	18000
9	1	0.750000000000	0.075000000000	5	0.325400000000	0.000000000000	0.048628229504	0.000000000000	12000
9	2	0.750000000000	0.150000000000	1	0.000000000000	0.325325000000	0.000000000000	0.051920276291	6000
9	2	0.750000000000	0.150000000000	2	0.311675000000	0.000000000000	0.046059101335	0.000000000000	12000
9	2	0.750000000000	0.150000000000	3	0.293950000000	0.000000000000	0.047704016321	0.000000000000	18000
9	2	0.750000000000	0.150000000000	4	0.344300000000	0.000000000000	0.046148018805	0.000000000000	26000
9	2	0.750000000000	0.150000000000	5	0.331500000000	0.000000000000	0.058576285143	0.000000000000	12000
9	3	0.750000000000	0.250000000000	1	0.292875000000	0.000000000000	0.040731049500	0.000000000000	6000
9	3	0.750000000000	0.250000000000	2	0.355000000000	0.000000000000	0.051625237677	0.000000000000	30000
9	3	0.750000000000	0.250000000000	3	0.324400000000	0.000000000000	0.044034975634	0.000000000000	20000
9	3	0.750000000000	0.250000000000	4	0.301875000000	0.000000000000	0.046007891726	0.000000000000	18000
9	3	0.750000000000	0.250000000000	5	0.316975000000	0.000000000000	0.047444444884	0.000000000000	26000
9	4	0.750000000000	0.325000000000	1	0.327325000000	0.000000000000	0.052730445426	0.000000000000	20000
9	4	0.750000000000	0.325000000000	2	0.322800000000	0.000000000000	0.047801097738	0.000000000000	6000
9	4	0.750000000000	0.325000000000	3	0.000000000000	0.283200000000	0.000000000000	0.043123307151	20000
9	4	0.750000000000	0.325000000000	4	0.294375000000	0.000000000000	0.042361880316	0.000000000000	16000
9	4	0.750000000000	0.325000000000	5	0.288600000000	0.000000000000	0.052084093088	0.000000000000	8000
9	5	0.750000000000	0.400000000000	1	0.284050000000	0.000000000000	0.037493376125	0.000000000000	16000
9	5	0.750000000000	0.400000000000	2	0.000000000000	0.335750000000	0.000000000000	0.040479328997	14000
9	5	0.750000000000	0.400000000000	3	0.335950000000	0.000000000000	0.047300473939	0.000000000000	20000
9	5	0.750000000000	0.400000000000	4	0.000000000000	0.283200000000	0.000000000000	0.058394519605	18000
9	5	0.750000000000	0.400000000000	5	0.000000000000	0.291625000000	0.000000000000	0.057413244601	6000
9	6	0.750000000000	0.500000000000	1	0.000000000000	0.337975000000	0.000000000000	0.048356620413	30000
9	6	0.750000000000	0.500000000000	2	0.267825000000	0.000000000000	0.052363023798	0.000000000000	26000
9	6	0.750000000000	0.500000000000	3	0.267150000000	0.000000000000	0.044247433093	0.000000000000	12000
9	6	0.750000000000	0.500000000000	4	0.322050000000	0.000000000000	0.064550090737	0.000000000000	18000
9	6	0.750000000000	0.500000000000	5	0.000000000000	0.327250000000	0.000000000000	0.048667813348	10000
9	7	0.750000000000	0.575000000000	1	0.000000000000	0.308075000000	0.000000000000	0.042863231698	6000
9	7	0.750000000000	0.575000000000	2	0.305725000000	0.000000000000	0.041873054913	0.000000000000	12000
9	7	0.750000000000	0.575000000000	3	0.000000000000	0.302550000000	0.000000000000	0.044404045077	20000
9	7	0.750000000000	0.575000000000	4	0.346600000000	0.000000000000	0.056594106521	0.000000000000	12000
9	7	0.750000000000	0.575000000000	5	0.000000000000	0.308025000000	0.000000000000	0.049999743493	6000
9	8	0.750000000000	0.650000000000	1	0.000000000000	0.297500000000	0.000000000000	0.054731119991	16000
9	8	0.750000000000	0.650000000000	2	0.315300000000	0.000000000000	0.060380508492	0.000000000000	30000
9	8	0.750000000000	0.650000000000	3	0.000000000000	0.327550000000	0.000000000000	0.054854411915	8000
9	8	0.750000000000	0.650000000000	4	0.316075000000	0.000000000000	0.048109603084	0.000000000000	16000
9	8	0.750000000000	0.650000000000	5	0.312825000000	0.000000000000	0.052346294133	0.000000000000	6000
9	9	0.750000000000	0.750000000000	1	0.000000000000	0.304525000000	0.000000000000	0.047735500972	22000
9	9	0.750000000000	0.750000000000	2	0.338775000000	0.000000000000	0.054716252094	0.000000000000	12000
9	9	0.750000000000	0.750000000000	3	0.308850000000	0.000000000000	0.047158259101	0.000000000000	28000
9	9	0.750000000000	0.750000000000	4	0.000000000000	0.305200000000	0.000000000000	0.057500141446	6000
9	9	0.750000000000	0.750000000000	5	0.318175000000	0.000000000000	0.046904097575	0.000000000000	8000
9	10	0.750000000000	0.825000000000	1	0.000000000000	0.331725000000	0.000000000000	0.044128751645	16000
9	10	0.750000000000	0.825000000000	2	0.000000000000	0.268825000000	0.000000000000	0.039910364722	20000
9	10	0.750000000000	0.825000000000	3	0.000000000000	0.313900000000	0.000000000000	0.047424034403	30000
9	10	0.750000000000	0.825000000000	4	0.000000000000	0.312700000000	0.000000000000	0.039768599944	28000
9	10	0.750000000000	0.825000000000	5	0.318350000000	0.000000000000	0.050728205673	0.000000000000	10000
9	11	0.750000000000	0.900000000000	1	0.330900000000	0.000000000000	0.052931481575	0.000000000000	30000
9	11	0.750000000000	0.900000000000	2	0.313300000000	0.000000000000	0.041995519090	0.000000000000	30000
9	11	0.750000000000	0.900000000000	3	0.000000000000	0.324425000000	0.000000000000	0.046904097575	12000
9	11	0.750000000000	0.900000000000	4	0.299750000000	0.000000000000	0.044966203525	0.000000000000	6000
9	11	0.750000000000	0.900000000000	5	0.000000000000	0.293500000000	0.000000000000	0.054389412648	10000
9	12	0.750000000000	1.000000000000	1	0.000000000000	1.000000000000	0.000000000000	0.000000000000	6000
9	12	0.750000000000	1.000000000000	2	0.000000000000	1.000000000000	0.000000000000	0.000000000000	10000
9	12	0.750000000000	1.000000000000	3	0.000000000000	1.000000000000	0.000000000000	0.000000000000	6000
9	12	0.750000000000	1.000000000000	4	0.000000000000	1.000000000000	0.000000000000	0.000000000000	6000
9	12	0.750000000000	1.000000000000	5	0.000000000000	1.000000000000	0.000000000000	0.000000000000	6000
10	0	0.825000000000	0.000000000000	1	0.322675000000	0.000000000000	0.046461037472	0.000000000000	6000
10	0	0.825000000000	0.000000000000	2	0.326675000000	0.000000000000	0.048375195447	0.000000000000	28000
10	0	0.825000000000	0.000000000000	3	0.330550000000	0.000000000000	0.041408479351	0.000000000000	30000
10	0	0.825000000000	0.000000000000	4	0.338975000000	0.000000000000	0.053297889640	0.000000000000	12000
10	0	0.825000000000	0.000000000000	5	0.301175000000	0.000000000000	0.043198500963	0.000000000000	16000
10	1	0.825000000000	0.075000000000	1	0.342675000000	0.000000000000	0.045897450375	0.000000000000	6000
10	1	0.825000000000	0.075000000000	2	0.336050000000	0.000000000000	0.058875834294	0.000000000000	22000
10	1	0.825000000000	0.075000000000	3	0.290500000000	0.000000000000	0.053945900309	0.000000000000	16000
10	1	0.825000000000	0.075000000000	4	0.317125000000	0.000000000000	0.033778697065	0.000000000000	30000
10	1	0.825000000000	0.075000000000	5	0.000000000000	0.288225000000	0.000000000000	0.048996173320	10000
10	2	0.825000000000	0.150000000000	1	0.304450000000	0.000000000000	0.042831437427	0.000000000000	8000
10	2	0.825000000000	0.150000000000	2	0.330900000000	0.000000000000	0.062070869116	0.000000000000	10000
10	2	0.825000000000	0.150000000000	3	0.000000000000	0.285975000000	0.000000000000	0.045010557932	10000
10	2	0.825000000000	0.150000000000	4	0.325500000000	0.000000000000	0.050197308392	0.000000000000	24000
10	2	0.825000000000	0.150000000000	5	0.323900000000	0.000000000000	0.045189402320	0.000000000000	22000
10	3	0.825000000000	0.250000000000	1	0.307875000000	0.000000000000	0.043494265440	0.000000000000	6000
10	3	0.825000000000	0.250000000000	2	0.000000000000	0.308400000000	0.000000000000	0.048559736903	10000
10	3	0.825000000000	0.250000000000	3	0.312000000000	0.000000000000	0.053771659742	0.000000000000	20000
10	3	0.825000000000	0.250000000000	4	0.313950000000	0.000000000000	0.043758568445	0.000000000000	8000
10	3	0.825000000000	0.250000000000	5	0.323750000000	0.000000000000	0.043377056943	0.000000000000	20000
10	4	0.825000000000	0.325000000000	1	0.332625000000	0.000000000000	0.056130517635	0.000000000000	8000
10	4	0.825000000000	0.325000000000	2	0.325575000000	0.000000000000	0.051482470996	0.000000000000	18000
10	4	0.825000000000	0.325000000000	3	0.000000000000	0.327025000000	0.000000000000	0.051311862978	8000
10	4	0.825000000000	0.325000000000	4	0.318425000000	0.000000000000	0.048241285188	0.000000000000	12000
10	4	0.825000000000	0.325000000000	5	0.000000000000	0.299075000000	0.000000000000	0.058486665703	14000
10	5	0.825000000000	0.400000000000	1	0.291100000000	0.000000000000	0.062467529103	0.000000000000	6000
10	5	0.825000000000	0.400000000000	2	0.325150000000	0.000000000000	0.048164274076	0.000000000000	12000
10	5	0.825000000000	0.400000000000	3	0.282575000000	0.000000000000	0.062627202888	0.000000000000	8000
10	5	0.825000000000	0.400000000000	4	0.330225000000	0.000000000000	0.046251633361	0.000000000000	12000
10	5	0.825000000000	0.400000000000	5	0.319525000000	0.000000000000	0.036922386673	0.000000000000	10000
10	6	0.825000000000	0.500000000000	1	0.287900000000	0.000000000000	0.057636029633	0.000000000000	14000
10	6	0.825000000000	0.500000000000	2	0.313225000000	0.000000000000	0.045155435868	0.000000000000	18000
10	6	0.825000000000	0.500000000000	3	0.000000000000	0.296825000000	0.000000000000	0.042571783281	30000
10	6	0.825000000000	0.500000000000	4	0.000000000000	0.315350000000	0.000000000000	0.051021865222	10000
10	6	0.825000000000	0.500000000000	5	0.000000000000	0.277825000000	0.000000000000	0.044996322561	8000
10	7	0.825000000000	0.575000000000	1	0.308550000000	0.000000000000	0.056392176564	0.000000000000	12000
10	7	0.825000000000	0.575000000000	2	0.000000000000	0.336650000000	0.000000000000	0.042128402561	18000
10	7	0.825000000000	0.575000000000	3	0.000000000000	0.315200000000	0.000000000000	0.045686948873	14000
10	7	0.825000000000	0.575000000000	4	0.333250000000	0.000000000000	0.043890361856	0.000000000000	16000
10	7	0.825000000000	0.575000000000	5	0.000000000000	0.299125000000	0.000000000000	0.043566126548	12000
10	8	0.825000000000	0.650000000000	1	0.000000000000	0.317750000000	0.000000000000	0.048847452068	16000
10	8	0.825000000000	0.650000000000	2	0.296250000000	0.000000000000	0.043506669952	0.000000000000	30000
10	8	0.825000000000	0.650000000000	3	0.000000000000	0.290375000000	0.000000000000	0.051787221313	26000
10	8	0.825000000000	0.650000000000	4	0.000000000000	0.306725000000	0.000000000000	0.050970553974	20000
10	8	0.825000000000	0.650000000000	5	0.314400000000	0.000000000000	0.058777928212	0.000000000000	20000
10	9	0.825000000000	0.750000000000	1	0.320700000000	0.000000000000	0.040350193781	0.000000000000	18000
10	9	0.825000000000	0.750000000000	2	0.278250000000	0.000000000000	0.058129739089	0.000000000000	16000
10	9	0.825000000000	0.750000000000	3	0.319875000000	0.000000000000	0.053441232586	0.000000000000	12000
10	9	0.825000000000	0.750000000000	4	0.310150000000	0.000000000000	0.048585883630	0.000000000000	18000
10	9	0.825000000000	0.750000000000	5	0.318625000000	0.000000000000	0.049154354085	0.000000000000	18000
10	10	0.825000000000	0.825000000000	1	0.000000000000	0.319725000000	0.000000000000	0.045067509976	30000
10	10	0.825000000000	0.825000000000	2	0.000000000000	0.323375000000	0.000000000000	0.050029864705	20000
10	10	0.825000000000	0.825000000000	3	0.303100000000	0.000000000000	0.042052448305	0.000000000000	18000
10	10	0.825000000000	0.825000000000	4	0.000000000000	0.315725000000	0.000000000000	0.068815586606	12000
10	10	0.825000000000	0.825000000000	5	0.000000000000	0.303325000000	0.000000000000	0.063726999816	6000
10	11	0.825000000000	0.900000000000	1	0.000000000000	0.317225000000	0.000000000000	0.047022712709	28000
10	11	0.825000000000	0.900000000000	2	0.319575000000	0.000000000000	0.054098253170	0.000000000000	6000
10	11	0.825000000000	0.900000000000	3	0.289375000000	0.000000000000	0.043209969642	0.000000000000	8000
10	11	0.825000000000	0.900000000000	4	0.000000000000	0.311500000000	0.000000000000	0.045687387071	12000
10	11	0.825000000000	0.900000000000	5	0.321650000000	0.000000000000	0.057212767813	0.000000000000	30000
10	12	0.825000000000	1.000000000000	1	0.000000000000	1.000000000000	0.000000000000	0.000000000000	14000
10	12	0.825000000000	1.000000000000	2	0.000000000000	1.000000000000	0.000000000000	0.000000000000	6000
10	12	0.825000000000	1.000000000000	3	0.000000000000	1.000000000000	0.000000000000	0.000000000000	16000
10	12	0.825000000000	1.000000000000	4	0.000000000000	1.000000000000	0.000000000000	0.000000000000	14000
10	12	0.825000000000	1.000000000000	5	0.000000000000	1.000000000000	0.000000000000	0.000000000000	8000
11	0	0.900000000000	0.000000000000	1	0.306375000000	0.000000000000	0.043423726176	0.000000000000	10000
11	0	0.900000000000	0.000000000000	2	0.346825000000	0.000000000000	0.061129216878	0.000000000000	8000
11	0	0.900000000000	0.000000000000	3	0.298050000000	0.000000000000	0.041144749244	0.000000000000	6000
11	0	0.900000000000	0.000000000000	4	0.297350000000	0.000000000000	0.044468583910	0.000000000000	6000
11	0	0.900000000000	0.000000000000	5	0.366625000000	0.000000000000	0.049070278859	0.000000000000	6000
11	1	0.900000000000	0.075000000000	1	0.272100000000	0.000000000000	0.050414597406	0.000000000000	30000
11	1	0.900000000000	0.075000000000	2	0.344325000000	0.000000000000	0.042781416814	0.000000000000	10000
11	1	0.900000000000	0.075000000000	3	0.287725000000	0.000000000000	0.050298900131	0.000000000000	26000
11	1	0.900000000000	0.075000000000	4	0.322950000000	0.000000000000	0.055802431949	0.000000000000	8000
11	1	0.900000000000	0.075000000000	5	0.312475000000	0.000000000000	0.036332759934	0.000000000000	18000
11	2	0.900000000000	0.150000000000	1	0.335625000000	0.000000000000	0.066883913109	0.000000000000	22000
11	2	0.900000000000	0.150000000000	2	0.321450000000	0.000000000000	0.056463134748	0.000000000000	6000
11	2	0.900000000000	0.150000000000	3	0.292300000000	0.000000000000	0.044597633894	0.000000000000	14000
11	2	0.900000000000	0.150000000000	4	0.317775000000	0.000000000000	0.053303523717	0.000000000000	30000
11	2	0.900000000000	0.150000000000	5	0.312075000000	0.000000000000	0.031773872190	0.000000000000	10000
11	3	0.900000000000	0.250000000000	1	0.316775000000	0.000000000000	0.047791300290	0.000000000000	20000
11	3	0.900000000000	0.250000000000	2	0.000000000000	0.309825000000	0.000000000000	0.043729356634	10000
11	3	0.900000000000	0.250000000000	3	0.000000000000	0.331000000000	0.000000000000	0.043224626874	14000
11	3	0.900000000000	0.250000000000	4	0.000000000000	0.323725000000	0.000000000000	0.054561674748	8000
11	3	0.900000000000	0.250000000000	5	0.279525000000	0.000000000000	0.062301933404	0.000000000000	8000
11	4	0.900000000000	0.325000000000	1	0.000000000000	0.315500000000	0.000000000000	0.051025519141	20000
11	4	0.900000000000	0.325000000000	2	0.000000000000	0.327975000000	0.000000000000	0.052816322656	12000
11	4	0.900000000000	0.325000000000	3	0.315275000000	0.000000000000	0.044376442440	0.000000000000	10000
11	4	0.900000000000	0.325000000000	4	0.000000000000	0.265325000000	0.000000000000	0.036239932501	14000
11	4	0.900000000000	0.325000000000	5	0.000000000000	0.298475000000	0.000000000000	0.036992131498	6000
11	5	0.900000000000	0.400000000000	1	0.000000000000	0.314300000000	0.000000000000	0.040754397565	10000
11	5	0.900000000000	0.400000000000	2	0.322750000000	0.000000000000	0.049999374370	0.000000000000	26000
11	5	0.900000000000	0.400000000000	3	0.343450000000	0.000000000000	0.044711258052	0.000000000000	18000
11	5	0.900000000000	0.400000000000	4	0.000000000000	0.298275000000	0.000000000000	0.057573553730	12000
11	5	0.900000000000	0.400000000000	5	0.278950000000	0.000000000000	0.053371303113	0.000000000000	28000
11	6	0.900000000000	0.500000000000	1	0.324000000000	0.000000000000	0.059540280861	0.000000000000	20000
11	6	0.900000000000	0.500000000000	2	0.305775000000	0.000000000000	0.068058109592	0.000000000000	22000
11	6	0.900000000000	0.500000000000	3	0.295775000000	0.000000000000	0.056951891039	0.000000000000	20000
11	6	0.900000000000	0.500000000000	4	0.306200000000	0.000000000000	0.045961096837	0.000000000000	24000
11	6	0.900000000000	0.500000000000	5	0.285125000000	0.000000000000	0.044230257638	0.000000000000	16000
11	7	0.900000000000	0.575000000000	1	0.000000000000	0.306375000000	0.000000000000	0.054409969857	10000
11	7	0.900000000000	0.575000000000	2	0.286475000000	0.000000000000	0.060343522566	0.000000000000	14000
11	7	0.900000000000	0.575000000000	3	0.298125000000	0.000000000000	0.044655385772	0.000000000000	30000
11	7	0.900000000000	0.575000000000	4	0.000000000000	0.328625000000	0.000000000000	0.042682621536	26000
11	7	0.900000000000	0.575000000000	5	0.319650000000	0.000000000000	0.052777011216	0.000000000000	8000
11	8	0.900000000000	0.650000000000	1	0.283875000000	0.000000000000	0.052674794817	0.000000000000	8000
11	8	0.900000000000	0.650000000000	2	0.323025000000	0.000000000000	0.055866765348	0.000000000000	6000
11	8	0.900000000000	0.650000000000	3	0.313450000000	0.000000000000	0.053251133163	0.000000000000	30000
11	8	0.900000000000	0.650000000000	4	0.000000000000	0.318425000000	0.000000000000	0.052916864699	8000
11	8	0.900000000000	0.650000000000	5	0.305000000000	0.000000000000	0.049723962759	0.000000000000	14000
11	9	0.900000000000	0.750000000000	1	0.323300000000	0.000000000000	0.052271812120	0.000000000000	30000
11	9	0.900000000000	0.750000000000	2	0.000000000000	0.299025000000	0.000000000000	0.043964272225	12000
11	9	0.900000000000	0.750000000000	3	0.000000000000	0.311775000000	0.000000000000	0.052294446016	18000
11	9	0.900000000000	0.750000000000	4	0.307300000000	0.000000000000	0.051350237067	0.000000000000	12000
11	9	0.900000000000	0.750000000000	5	0.311000000000	0.000000000000	0.058147494625	0.000000000000	20000
11	10	0.900000000000	0.825000000000	1	0.000000000000	0.329500000000	0.000000000000	0.049329843233	14000
11	10	0.900000000000	0.825000000000	2	0.000000000000	0.300150000000	0.000000000000	0.048487921987	10000
11	10	0.900000000000	0.825000000000	3	0.317600000000	0.000000000000	0.049042279159	0.000000000000	6000
11	10	0.900000000000	0.825000000000	4	0.289025000000	0.000000000000	0.046352701625	0.000000000000	12000
11	10	0.900000000000	0.825000000000	5	0.000000000000	0.332725000000	0.000000000000	0.044248246093	24000
11	11	0.900000000000	0.900000000000	1	0.345350000000	0.000000000000	0.063165396915	0.000000000000	8000
11	11	0.900000000000	0.900000000000	2	0.299275000000	0.000000000000	0.041810255590	0.000000000000	24000
11	11	0.900000000000	0.900000000000	3	0.000000000000	0.314700000000	0.000000000000	0.048836922969	20000
11	11	0.900000000000	0.900000000000	4	0.284850000000	0.000000000000	0.037038484706	0.000000000000	8000
11	11	0.900000000000	0.900000000000	5	0.000000000000	0.316100000000	0.000000000000	0.049009610710	6000
11	12	0.900000000000	1.000000000000	1	0.000000000000	1.000000000000	0.000000000000	0.000000000000	6000
11	12	0.900000000000	1.000000000000	2	0.000000000000	1.000000000000	0.000000000000	0.000000000000	6000
11	12	0.900000000000	1.000000000000	3	0.000000000000	1.000000000000	0.000000000000	0.000000000000	8000
11	12	0.900000000000	1.000000000000	4	0.000000000000	1.000000000000	0.000000000000	0.000000000000	8000
11	12	0.900000000000	1.000000000000	5	0.000000000000	1.000000000000	0.000000000000	0.000000000000	14000
12	0	1.000000000000	0.000000000000	1	1.000000000000	0.000000000000	0.000000000000	0.000000000000	4000
12	0	1.000000000000	0.000000000000	2	1.000000000000	0.000000000000	0.000000000000	0.000000000000	4000
12	0	1.000000000000	0.000000000000	3	1.000000000000	0.000000000000	0.000000000000	0.000000000000	4000
12	0	1.000000000000	0.000000000000	4	1.000000000000	0.000000000000	0.000000000000	0.000000000000	4000
12	0	1.000000000000	0.000000000000	5	1.000000000000	0.000000000000	0.000000000000	0.000000000000	4000
12	1	1.000000000000	0.075000000000	1	1.000000000000	0.000000000000	0.000000000000	0.000000000000	12000
12	1	1.000000000000	0.075000000000	2	1.000000000000	0.000000000000	0.000000000000	0.000000000000	6000
12	1	1.000000000000	0.075000000000	3	1.000000000000	0.000000000000	0.000000000000	0.000000000000	6000
12	1	1.000000000000	0.075000000000	4	1.000000000000	0.000000000000	0.000000000000	0.000000000000	6000
12	1	1.000000000000	0.075000000000	5	1.000000000000	0.000000000000	0.000000000000	0.000000000000	6000
12	2	1.000000000000	0.150000000000	1	1.000000000000	0.000000000000	0.000000000000	0.000000000000	12000
12	2	1.000000000000	0.150000000000	2	1.000000000000	0.000000000000	0.000000000000	0.000000000000	6000
12	2	1.000000000000	0.150000000000	3	1.000000000000	0.000000000000	0.000000000000	0.000000000000	6000
12	2	1.000000000000	0.150000000000	4	1.000000000000	0.000000000000	0.000000000000	0.000000000000	6000
12	2	1.000000000000	0.150000000000	5	1.000000000000	0.000000000000	0.000000000000	0.000000000000	6000
12	3	1.000000000000	0.250000000000	1	1.000000000000	0.000000000000	0.000000000000	0.000000000000	16000
12	3	1.000000000000	0.250000000000	2	1.000000000000	0.000000000000	0.000000000000	0.000000000000	6000
12	3	1.000000000000	0.250000000000	3	1.000000000000	0.000000000000	0.000000000000	0.000000000000	6000
12	3	1.000000000000	0.250000000000	4	1.000000000000	0.064775000000	0.000000000000	0.034219809619	6000
12	3	1.000000000000	0.250000000000	5	1.000000000000	0.000000000000	0.000000000000	0.000000000000	6000
12	4	1.000000000000	0.325000000000	1	1.000000000000	0.000000000000	0.000000000000	0.000000000000	6000
12	4	1.000000000000	0.325000000000	2	1.000000000000	0.000000000000	0.000000000000	0.000000000000	10000
12	4	1.000000000000	0.325000000000	3	1.000000000000	0.000000000000	0.000000000000	0.000000000000	8000
12	4	1.000000000000	0.325000000000	4	1.000000000000	0.000000000000	0.000000000000	0.000000000000	6000
12	4	1.000000000000	0.325000000000	5	1.000000000000	0.000000000000	0.000000000000	0.000000000000	8000
12	5	1.000000000000	0.400000000000	1	1.000000000000	0.000000000000	0.000000000000	0.000000000000	8000
12	5	1.000000000000	0.400000000000	2	1.000000000000	0.000000000000	0.000000000000	0.000000000000	6000
12	5	1.000000000000	0.400000000000	3	1.000000000000	0.000000000000	0.000000000000	0.000000000000	6000
12	5	1.000000000000	0.400000000000	4	1.000000000000	0.000000000000	0.000000000000	0.000000000000	6000
12	5	1.000000000000	0.400000000000	5	1.000000000000	0.000000000000	0.000000000000	0.000000000000	6000
12	6	1.000000000000	0.500000000000	1	1.000000000000	0.000000000000	0.000000000000	0.000000000000	6000
12	6	1.000000000000	0.500000000000	2	1.000000000000	0.000000000000	0.000000000000	0.000000000000	6000
12	6	1.000000000000	0.500000000000	3	1.000000000000	0.000000000000	0.000000000000	0.000000000000	6000
12	6	1.000000000000	0.500000000000	4	1.000000000000	0.000000000000	0.000000000000	0.000000000000	14000
12	6	1.000000000000	0.500000000000	5	1.000000000000	0.000000000000	0.000000000000	0.000000000000	6000
12	7	1.000000000000	0.575000000000	1	1.000000000000	0.000000000000	0.000000000000	0.000000000000	12000
12	7	1.000000000000	0.575000000000	2	1.000000000000	0.000000000000	0.000000000000	0.000000000000	6000
12	7	1.000000000000	0.575000000000	3	1.000000000000	0.000000000000	0.000000000000	0.000000000000	12000
12	7	1.000000000000	0.575000000000	4	1.000000000000	0.000000000000	0.000000000000	0.000000000000	6000
12	7	1.000000000000	0.575000000000	5	1.000000000000	0.000000000000	0.000000000000	0.000000000000	20000
12	8	1.000000000000	0.650000000000	1	1.000000000000	0.039600000000	0.000000000000	0.043717859637	6000
12	8	1.000000000000	0.650000000000	2	1.000000000000	0.000000000000	0.000000000000	0.000000000000	6000
12	8	1.000000000000	0.650000000000	3	1.000000000000	0.000000000000	0.000000000000	0.000000000000	6000
12	8	1.000000000000	0.650000000000	4	1.000000000000	0.000000000000	0.000000000000	0.000000000000	6000
12	8	1.000000000000	0.650000000000	5	1.000000000000	0.000000000000	0.000000000000	0.000000000000	10000
12	9	1.000000000000	0.750000000000	1	1.000000000000	0.000000000000	0.000000000000	0.000000000000	10000
12	9	1.000000000000	0.750000000000	2	1.000000000000	0.000000000000	0.000000000000	0.000000000000	8000
12	9	1.000000000000	0.750000000000	3	1.000000000000	0.000000000000	0.000000000000	0.000000000000	6000
12	9	1.000000000000	0.750000000000	4	1.000000000000	0.075400000000	0.000000000000	0.030178647265	4000
12	9	1.000000000000	0.750000000000	5	1.000000000000	0.000000000000	0.000000000000	0.000000000000	6000
12	10	1.000000000000	0.825000000000	1	1.000000000000	0.059150000000	0.000000000000	0.034802855325	8000
12	10	1.000000000000	0.825000000000	2	1.000000000000	0.010025000000	0.000000000000	0.028977820641	6000
12	10	1.000000000000	0.825000000000	3	1.000000000000	0.000000000000	0.000000000000	0.000000000000	10000
12	10	1.000000000000	0.825000000000	4	1.000000000000	0.064000000000	0.000000000000	0.034859937109	8000
12	10	1.000000000000	0.825000000000	5	1.000000000000	0.074575000000	0.000000000000	0.035219807067	10000
12	11	1.000000000000	0.900000000000	1	1.000000000000	0.000000000000	0.000000000000	0.000000000000	6000
12	11	1.000000000000	0.900000000000	2	1.000000000000	0.000000000000	0.000000000000	0.000000000000	10000
12	11	1.000000000000	0.900000000000	3	1.000000000000	0.000000000000	0.000000000000	0.000000000000	8000
12	11	1.000000000000	0.900000000000	4	1.000000000000	0.000000000000	0.000000000000	0.000000000000	6000
12	11	1.000000000000	0.900000000000	5	1.000000000000	0.000000000000	0.000000000000	0.000000000000	8000
12	12	1.000000000000	1.000000000000	1	1.000000000000	1.000000000000	0.000000000000	0.000000000000	4000
12	12	1.000000000000	1.000000000000	2	1.000000000000	1.000000000000	0.000000000000	0.000000000000	4000
12	12	1.000000000000	1.000000000000	3	1.000000000000	1.000000000000	0.000000000000	0.000000000000	4000
12	12	1.000000000000	1.000000000000	4	1.000000000000	1.000000000000	0.000000000000	0.000000000000	4000
12	12	1.000000000000	1.000000000000	5	1.000000000000	1.000000000000	0.000000000000	0.000000000000	4000
