# scan initial plane
# b 1.15
# r 0
# e -0.4
# p12 0.2
# ndiv 12
# n_reps 5
# A:(0,1),	A':(0,0.533),	B:(1,0),	B'=(0.533,0),	C:(1,1),	D:(0,0),	E:(0.308,0.308) 
# columns: ix iy x1_0 x2_0 rep x1_inf x2_inf sigma_1 sigma_2 t_relax
0	0	0.000000000000	0.000000000000	1	0.000000000000	0.000000000000	0.000000000000	0.000000000000	4000
0	0	0.000000000000	0.000000000000	2	0.000000000000	0.000000000000	0.000000000000	0.000000000000	4000
0	0	0.000000000000	0.000000000000	3	0.000000000000	0.000000000000	0.000000000000	0.000000000000	4000
0	0	0.000000000000	0.000000000000	4	0.000000000000	0.000000000000	0.000000000000	0.000000000000	4000
0	0	0.000000000000	0.000000000000	5	0.000000000000	0.000000000000	0.000000000000	0.000000000000	4000
0	1	0.000000000000	0.075000000000	1	0.000000000000	0.422100000000	0.000000000000	0.030603743057	10000
0	1	0.000000000000	0.075000000000	2	0.000000000000	0.428275000000	0.000000000000	0.041060447335	14000
0	1	0.000000000000	0.075000000000	3	0.000000000000	0.437087500000	0.000000000000	0.033403433703	30000
0	1	0.000000000000	0.075000000000	4	0.000000000000	0.418250000000	0.000000000000	0.031401409977	6000
0	1	0.000000000000	0.075000000000	5	0.000000000000	0.405862500000	0.000000000000	0.028570809139	4000
0	2	0.000000000000	0.162500000000	1	0.000000000000	0.418225000000	0.000000000000	0.028710602113	12000
0	2	0.000000000000	0.162500000000	2	0.000000000000	0.414037500000	0.000000000000	0.032955514101	30000
0	2	0.000000000000	0.162500000000	3	0.000000000000	0.416475000000	0.000000000000	0.029597514894	10000
0	2	0.000000000000	0.162500000000	4	0.000000000000	0.436512500000	0.000000000000	0.034392789327	4000
0	2	0.000000000000	0.162500000000	5	0.000000000000	0.440587500000	0.000000000000	0.043312088737	14000
0	3	0.000000000000	0.250000000000	1	0.000000000000	0.432275000000	0.000000000000	0.034078743165	14000
0	3	0.000000000000	0.250000000000	2	0.000000000000	0.430612500000	0.000000000000	0.038989437929	12000
0	3	0.000000000000	0.250000000000	3	0.000000000000	0.397725000000	0.000000000000	0.030261198177	30000
0	3	0.000000000000	0.250000000000	4	0.000000000000	0.426762500000	0.000000000000	0.034890251839	22000
0	3	0.000000000000	0.250000000000	5	0.000000000000	0.423900000000	0.000000000000	0.038274566522	8000
0	4	0.000000000000	0.325000000000	1	0.000000000000	0.415087500000	0.000000000000	0.035838987524	30000
0	4	0.000000000000	0.325000000000	2	0.000000000000	0.405225000000	0.000000000000	0.042707122044	28000
0	4	0.000000000000	0.325000000000	3	0.000000000000	0.420037500000	0.000000000000	0.031438721936	14000
0	4	0.000000000000	0.325000000000	4	0.000000000000	0.411850000000	0.000000000000	0.035446564840	12000
0	4	0.000000000000	0.325000000000	5	0.000000000000	0.429475000000	0.000000000000	0.034395238150	4000
0	5	0.000000000000	0.412500000000	1	0.000000000000	0.423250000000	0.000000000000	0.029963900536	22000
0	5	0.000000000000	0.412500000000	2	0.000000000000	0.450025000000	0.000000000000	0.029637438364	6000
0	5	0.000000000000	0.412500000000	3	0.000000000000	0.428462500000	0.000000000000	0.042975449189	8000
0	5	0.000000000000	0.412500000000	4	0.000000000000	0.418100000000	0.000000000000	0.033977668872	14000
0	5	0.000000000000	0.412500000000	5	0.000000000000	0.416237500000	0.000000000000	0.034010572809	26000
0	6	0.000000000000	0.500000000000	1	0.000000000000	0.412800000000	0.000000000000	0.030785268112	30000
0	6	0.000000000000	0.500000000000	2	0.000000000000	0.397612500000	0.000000000000	0.042566336309	4000
0	6	0.000000000000	0.500000000000	3	0.000000000000	0.413875000000	0.000000000000	0.030536524923	8000
0	6	0.000000000000	0.500000000000	4	0.000000000000	0.401850000000	0.000000000000	0.024488306948	14000
0	6	0.000000000000	0.500000000000	5	0.000000000000	0.396337500000	0.000000000000	0.041706345596	14000
0	7	0.000000000000	0.575000000000	1	0.000000000000	0.414937500000	0.000000000000	0.032924897762	14000
0	7	0.000000000000	0.575000000000	2	0.000000000000	0.402587500000	0.000000000000	0.026471197896	4000
0	7	0.000000000000	0.575000000000	3	0.000000000000	0.435500000000	0.000000000000	0.028376799375	28000
0	7	0.000000000000	0.575000000000	4	0.000000000000	0.425375000000	0.000000000000	0.031675901530	30000
0	7	0.000000000000	0.575000000000	5	0.000000000000	0.422812500000	0.000000000000	0.024831687547	8000
0	8	0.000000000000	0.662500000000	1	0.000000000000	0.446750000000	0.000000000000	0.031684047704	20000
0	8	0.000000000000	0.662500000000	2	0.000000000000	0.428812500000	0.000000000000	0.027615823860	28000
0	8	0.000000000000	0.662500000000	3	0.000000000000	0.427700000000	0.000000000000	0.032787726896	12000
0	8	0.000000000000	0.662500000000	4	0.000000000000	0.427700000000	0.000000000000	0.034809973201	12000
0	8	0.000000000000	0.662500000000	5	0.000000000000	0.399525000000	0.000000000000	0.031391835281	8000
0	9	0.000000000000	0.750000000000	1	0.000000000000	0.435262500000	0.000000000000	0.027816111875	18000
0	9	0.000000000000	0.750000000000	2	0.000000000000	0.426312500000	0.000000000000	0.034153697733	14000
0	9	0.000000000000	0.750000000000	3	0.000000000000	0.425087500000	0.000000000000	0.028805005157	6000
0	9	0.000000000000	0.750000000000	4	0.000000000000	0.427800000000	0.000000000000	0.034869411751	24000
0	9	0.000000000000	0.750000000000	5	0.000000000000	0.467100000000	0.000000000000	0.036766210768	16000
0	10	0.000000000000	0.825000000000	1	0.000000000000	0.423725000000	0.000000000000	0.027823524642	10000
0	10	0.000000000000	0.825000000000	2	0.000000000000	0.427925000000	0.000000000000	0.033639835218	22000
0	10	0.000000000000	0.825000000000	3	0.000000000000	0.416350000000	0.000000000000	0.032432304179	20000
0	10	0.000000000000	0.825000000000	4	0.000000000000	0.430400000000	0.000000000000	0.035937536177	10000
0	10	0.000000000000	0.825000000000	5	0.000000000000	0.399575000000	0.000000000000	0.031536707801	16000
0	11	0.000000000000	0.912500000000	1	0.000000000000	0.442187500000	0.000000000000	0.027656572089	8000
0	11	0.000000000000	0.912500000000	2	0.000000000000	0.434687500000	0.000000000000	0.035699552543	16000
0	11	0.000000000000	0.912500000000	3	0.000000000000	0.444800000000	0.000000000000	0.036450838998	12000
0	11	0.000000000000	0.912500000000	4	0.000000000000	0.417250000000	0.000000000000	0.040516405061	14000
0	11	0.000000000000	0.912500000000	5	0.000000000000	0.437900000000	0.000000000000	0.039711988644	20000
0	12	0.000000000000	1.000000000000	1	0.000000000000	1.000000000000	0.000000000000	0.000000000000	4000
0	12	0.000000000000	1.000000000000	2	0.000000000000	1.000000000000	0.000000000000	0.000000000000	4000
0	12	0.000000000000	1.000000000000	3	0.000000000000	1.000000000000	0.000000000000	0.000000000000	4000
0	12	0.000000000000	1.000000000000	4	0.000000000000	1.000000000000	0.000000000000	0.000000000000	4000
0	12	0.000000000000	1.000000000000	5	0.000000000000	1.000000000000	0.000000000000	0.000000000000	4000
1	0	0.075000000000	0.000000000000	1	0.430175000000	0.000000000000	0.030089445820	0.000000000000	16000
1	0	0.075000000000	0.000000000000	2	0.443637500000	0.000000000000	0.033812988065	0.000000000000	10000
1	0	0.075000000000	0.000000000000	3	0.427337500000	0.000000000000	0.030582922668	0.000000000000	14000
1	0	0.075000000000	0.000000000000	4	0.431837500000	0.000000000000	0.025866463184	0.000000000000	10000
1	0	0.075000000000	0.000000000000	5	0.444987500000	0.000000000000	0.033249234658	0.000000000000	30000
1	1	0.075000000000	0.075000000000	1	0.000000000000	0.447200000000	0.000000000000	0.030877595857	30000
1	1	0.075000000000	0.075000000000	2	0.000000000000	0.417100000000	0.000000000000	0.030260422885	12000
1	1	0.075000000000	0.075000000000	3	0.133487500000	0.341637500000	0.039457102741	0.053545816814	8000
1	1	0.075000000000	0.075000000000	4	0.000000000000	0.433812500000	0.000000000000	0.028628057206	12000
1	1	0.075000000000	0.075000000000	5	0.000000000000	0.413412500000	0.000000000000	0.032288599341	8000
1	2	0.075000000000	0.162500000000	1	0.000000000000	0.413287500000	0.000000000000	0.038263889230	30000
1	2	0.075000000000	0.162500000000	2	0.423100000000	0.000000000000	0.036621969754	0.000000000000	20000
1	2	0.075000000000	0.162500000000	3	0.450762500000	0.000000000000	0.033167000070	0.000000000000	26000
1	2	0.075000000000	0.162500000000	4	0.000000000000	0.435962500000	0.000000000000	0.031469750379	16000
1	2	0.075000000000	0.162500000000	5	0.000000000000	0.448712500000	0.000000000000	0.035703968507	22000
1	3	0.075000000000	0.250000000000	1	0.000000000000	0.424475000000	0.000000000000	0.028138339346	8000
1	3	0.075000000000	0.250000000000	2	0.000000000000	0.407287500000	0.000000000000	0.032872925379	30000
1	3	0.075000000000	0.250000000000	3	0.000000000000	0.406737500000	0.000000000000	0.030244662063	16000
1	3	0.075000000000	0.250000000000	4	0.000000000000	0.419812500000	0.000000000000	0.040814818917	20000
1	3	0.075000000000	0.250000000000	5	0.000000000000	0.403537500000	0.000000000000	0.031517029792	6000
1	4	0.075000000000	0.325000000000	1	0.096212500000	0.323287500000	0.061833522285	0.048423971076	6000
1	4	0.075000000000	0.325000000000	2	0.000000000000	0.413562500000	0.000000000000	0.030402741166	12000
1	4	0.075000000000	0.325000000000	3	0.000000000000	0.435225000000	0.000000000000	0.039311986815	18000
1	4	0.075000000000	0.325000000000	4	0.435937500000	0.000000000000	0.040596957481	0.000000000000	30000
1	4	0.075000000000	0.325000000000	5	0.000000000000	0.436025000000	0.000000000000	0.037817880256	22000
1	5	0.075000000000	0.412500000000	1	0.000000000000	0.445975000000	0.000000000000	0.035076234365	10000
1	5	0.075000000000	0.412500000000	2	0.000000000000	0.404512500000	0.000000000000	0.039911765719	22000
1	5	0.075000000000	0.412500000000	3	0.000000000000	0.423900000000	0.000000000000	0.034982335024	18000
1	5	0.075000000000	0.412500000000	4	0.000000000000	0.420687500000	0.000000000000	0.037326456544	20000
1	5	0.075000000000	0.412500000000	5	0.000000000000	0.449887500000	0.000000000000	0.031601301176	24000
1	6	0.075000000000	0.500000000000	1	0.000000000000	0.417675000000	0.000000000000	0.030950400681	26000
1	6	0.075000000000	0.500000000000	2	0.000000000000	0.434612500000	0.000000000000	0.040651366857	20000
1	6	0.075000000000	0.500000000000	3	0.000000000000	0.407112500000	0.000000000000	0.037671112360	20000
1	6	0.075000000000	0.500000000000	4	0.000000000000	0.413475000000	0.000000000000	0.035341879172	22000
1	6	0.075000000000	0.500000000000	5	0.000000000000	0.441462500000	0.000000000000	0.041077880130	30000
1	7	0.075000000000	0.575000000000	1	0.000000000000	0.412675000000	0.000000000000	0.033064333127	30000
1	7	0.075000000000	0.575000000000	2	0.000000000000	0.412100000000	0.000000000000	0.031213006131	30000
1	7	0.075000000000	0.575000000000	3	0.000000000000	0.415675000000	0.000000000000	0.032959341516	16000
1	7	0.075000000000	0.575000000000	4	0.000000000000	0.401362500000	0.000000000000	0.036253298407	30000
1	7	0.075000000000	0.575000000000	5	0.000000000000	0.436600000000	0.000000000000	0.030266211252	20000
1	8	0.075000000000	0.662500000000	1	0.000000000000	0.444937500000	0.000000000000	0.041211809679	10000
1	8	0.075000000000	0.662500000000	2	0.000000000000	0.409787500000	0.000000000000	0.029153018579	16000
1	8	0.075000000000	0.662500000000	3	0.000000000000	0.410800000000	0.000000000000	0.028030487120	12000
1	8	0.075000000000	0.662500000000	4	0.000000000000	0.418150000000	0.000000000000	0.025451675540	30000
1	8	0.075000000000	0.662500000000	5	0.000000000000	0.428212500000	0.000000000000	0.031842975188	16000
1	9	0.075000000000	0.750000000000	1	0.000000000000	0.419075000000	0.000000000000	0.026391824556	14000
1	9	0.075000000000	0.750000000000	2	0.000000000000	0.401387500000	0.000000000000	0.029901926677	28000
1	9	0.075000000000	0.750000000000	3	0.000000000000	0.411950000000	0.000000000000	0.029627061325	30000
1	9	0.075000000000	0.750000000000	4	0.000000000000	0.413650000000	0.000000000000	0.034184734840	10000
1	9	0.075000000000	0.750000000000	5	0.000000000000	0.421775000000	0.000000000000	0.033899646916	14000
1	10	0.075000000000	0.825000000000	1	0.000000000000	0.415562500000	0.000000000000	0.027265284511	24000
1	10	0.075000000000	0.825000000000	2	0.000000000000	0.402500000000	0.000000000000	0.039457184002	10000
1	10	0.075000000000	0.825000000000	3	0.000000000000	0.427337500000	0.000000000000	0.033762327208	16000
1	10	0.075000000000	0.825000000000	4	0.000000000000	0.416725000000	0.000000000000	0.034927522197	30000
1	10	0.075000000000	0.825000000000	5	0.000000000000	0.415262500000	0.000000000000	0.031757414522	16000
1	11	0.075000000000	0.912500000000	1	0.000000000000	0.439225000000	0.000000000000	0.038573141721	6000
1	11	0.075000000000	0.912500000000	2	0.000000000000	0.421725000000	0.000000000000	0.035234263556	16000
1	11	0.075000000000	0.912500000000	3	0.000000000000	0.438950000000	0.000000000000	0.041438081696	30000
1	11	0.075000000000	0.912500000000	4	0.000000000000	0.400662500000	0.000000000000	0.035191700720	8000
1	11	0.075000000000	0.912500000000	5	0.000000000000	0.434025000000	0.000000000000	0.038568600077	30000
1	12	0.075000000000	1.000000000000	1	0.000000000000	1.000000000000	0.000000000000	0.000000000000	6000
1	12	0.075000000000	1.000000000000	2	0.000000000000	1.000000000000	0.000000000000	0.000000000000	6000
1	12	0.075000000000	1.000000000000	3	0.000000000000	1.000000000000	0.000000000000	0.000000000000	6000
1	12	0.075000000000	1.000000000000	4	0.000000000000	1.000000000000	0.000000000000	0.000000000000	6000
1	12	0.075000000000	1.000000000000	5	0.000000000000	1.000000000000	0.000000000000	0.000000000000	6000
2	0	0.162500000000	0.000000000000	1	0.444800000000	0.000000000000	0.037278172731	0.000000000000	30000
2	0	0.162500000000	0.000000000000	2	0.456287500000	0.000000000000	0.037925082804	0.000000000000	4000
2	0	0.162500000000	0.000000000000	3	0.437137500000	0.000000000000	0.032708480375	0.000000000000	4000
2	0	0.162500000000	0.000000000000	4	0.465000000000	0.000000000000	0.032041405270	0.000000000000	10000
2	0	0.162500000000	0.000000000000	5	0.457662500000	0.000000000000	0.024922398956	0.000000000000	4000
2	1	0.162500000000	0.075000000000	1	0.447662500000	0.000000000000	0.037171212555	0.000000000000	30000
2	1	0.162500000000	0.075000000000	2	0.000000000000	0.446675000000	0.000000000000	0.036635522878	30000
2	1	0.162500000000	0.075000000000	3	0.437600000000	0.000000000000	0.026629619536	0.000000000000	14000
2	1	0.162500000000	0.075000000000	4	0.000000000000	0.430975000000	0.000000000000	0.033049457509	20000
2	1	0.162500000000	0.075000000000	5	0.000000000000	0.438175000000	0.000000000000	0.032122051634	18000
2	2	0.162500000000	0.162500000000	1	0.000000000000	0.421512500000	0.000000000000	0.031596945433	16000
2	2	0.162500000000	0.162500000000	2	0.000000000000	0.418200000000	0.000000000000	0.031225751353	28000
2	2	0.162500000000	0.162500000000	3	0.000000000000	0.405587500000	0.000000000000	0.027271639776	30000
2	2	0.162500000000	0.162500000000	4	0.000000000000	0.400550000000	0.000000000000	0.033743868312	30000
2	2	0.162500000000	0.162500000000	5	0.000000000000	0.433662500000	0.000000000000	0.033568872679	30000
2	3	0.162500000000	0.250000000000	1	0.132762500000	0.349062500000	0.054380438356	0.047860531487	30000
2	3	0.162500000000	0.250000000000	2	0.452200000000	0.000000000000	0.028805203345	0.000000000000	22000
2	3	0.162500000000	0.250000000000	3	0.000000000000	0.416875000000	0.000000000000	0.027946652579	10000
2	3	0.162500000000	0.250000000000	4	0.000000000000	0.423650000000	0.000000000000	0.036436659152	30000
2	3	0.162500000000	0.250000000000	5	0.000000000000	0.412887500000	0.000000000000	0.033206494320	18000
2	4	0.162500000000	0.325000000000	1	0.437300000000	0.000000000000	0.039512133690	0.000000000000	18000
2	4	0.162500000000	0.325000000000	2	0.000000000000	0.420750000000	0.000000000000	0.032319414360	10000
2	4	0.162500000000	0.325000000000	3	0.000000000000	0.422750000000	0.000000000000	0.037597054918	6000
2	4	0.162500000000	0.325000000000	4	0.000000000000	0.421675000000	0.000000000000	0.033945311299	16000
2	4	0.162500000000	0.325000000000	5	0.000000000000	0.411487500000	0.000000000000	0.033498182368	14000
2	5	0.162500000000	0.412500000000	1	0.000000000000	0.408087500000	0.000000000000	0.026613330553	28000
2	5	0.162500000000	0.412500000000	2	0.458487500000	0.000000000000	0.025093540594	0.000000000000	18000
2	5	0.162500000000	0.412500000000	3	0.000000000000	0.411112500000	0.000000000000	0.044203337304	10000
2	5	0.162500000000	0.412500000000	4	0.444950000000	0.000000000000	0.032184559122	0.000000000000	14000
2	5	0.162500000000	0.412500000000	5	0.000000000000	0.421837500000	0.000000000000	0.041743530830	30000
2	6	0.162500000000	0.500000000000	1	0.000000000000	0.415462500000	0.000000000000	0.037906189771	18000
2	6	0.162500000000	0.500000000000	2	0.000000000000	0.434750000000	0.000000000000	0.033426109627	30000
2	6	0.162500000000	0.500000000000	3	0.000000000000	0.415062500000	0.000000000000	0.033283970112	30000
2	6	0.162500000000	0.500000000000	4	0.000000000000	0.408862500000	0.000000000000	0.029827663892	14000
2	6	0.162500000000	0.500000000000	5	0.000000000000	0.419800000000	0.000000000000	0.031067268550	22000
2	7	0.162500000000	0.575000000000	1	0.000000000000	0.414200000000	0.000000000000	0.033968940061	30000
2	7	0.162500000000	0.575000000000	2	0.415237500000	0.000000000000	0.029123839750	0.000000000000	20000
2	7	0.162500000000	0.575000000000	3	0.000000000000	0.412387500000	0.000000000000	0.036364866248	8000
2	7	0.162500000000	0.575000000000	4	0.211962500000	0.267212500000	0.077527836350	0.092038617987	8000
2	7	0.162500000000	0.575000000000	5	0.000000000000	0.426337500000	0.000000000000	0.040229631704	12000
2	8	0.162500000000	0.662500000000	1	0.448025000000	0.000000000000	0.030996938320	0.000000000000	30000
2	8	0.162500000000	0.662500000000	2	0.000000000000	0.435700000000	0.000000000000	0.036916260785	30000
2	8	0.162500000000	0.662500000000	3	0.000000000000	0.404387500000	0.000000000000	0.037676426408	14000
2	8	0.162500000000	0.662500000000	4	0.000000000000	0.408737500000	0.000000000000	0.030914487693	6000
2	8	0.162500000000	0.662500000000	5	0.000000000000	0.399775000000	0.000000000000	0.040528131025	30000
2	9	0.162500000000	0.750000000000	1	0.000000000000	0.425887500000	0.000000000000	0.030516181463	16000
2	9	0.162500000000	0.750000000000	2	0.000000000000	0.424287500000	0.000000000000	0.030602657015	18000
2	9	0.162500000000	0.750000000000	3	0.000000000000	0.445100000000	0.000000000000	0.036251609332	16000
2	9	0.162500000000	0.750000000000	4	0.000000000000	0.458625000000	0.000000000000	0.037225597646	18000
2	9	0.162500000000	0.750000000000	5	0.433000000000	0.000000000000	0.027114067800	0.000000000000	16000
2	10	0.162500000000	0.825000000000	1	0.000000000000	0.406937500000	0.000000000000	0.026609169315	14000
2	10	0.162500000000	0.825000000000	2	0.000000000000	0.403987500000	0.000000000000	0.036300982839	14000
2	10	0.162500000000	0.825000000000	3	0.000000000000	0.438125000000	0.000000000000	0.032481370267	10000
2	10	0.162500000000	0.825000000000	4	0.430812500000	0.000000000000	0.024097754990	0.000000000000	26000
2	10	0.162500000000	0.825000000000	5	0.000000000000	0.429875000000	0.000000000000	0.037568547627	30000
2	11	0.162500000000	0.912500000000	1	0.000000000000	0.438425000000	0.000000000000	0.031615168731	20000
2	11	0.162500000000	0.912500000000	2	0.453500000000	0.000000000000	0.033130010528	0.000000000000	26000
2	11	0.162500000000	0.912500000000	3	0.000000000000	0.414450000000	0.000000000000	0.026722632713	14000
2	11	0.162500000000	0.912500000000	4	0.000000000000	0.423087500000	0.000000000000	0.035221465691	26000
2	11	0.162500000000	0.912500000000	5	0.000000000000	0.419662500000	0.000000000000	0.029522896965	30000
2	12	0.162500000000	1.000000000000	1	0.000000000000	1.000000000000	0.000000000000	0.000000000000	6000
2	12	0.162500000000	1.000000000000	2	0.000000000000	1.000000000000	0.000000000000	0.000000000000	6000
2	12	0.162500000000	1.000000000000	3	0.000000000000	1.000000000000	0.000000000000	0.000000000000	6000
2	12	0.162500000000	1.000000000000	4	0.000000000000	1.000000000000	0.000000000000	0.000000000000	6000
2	12	0.162500000000	1.000000000000	5	0.000000000000	1.000000000000	0.000000000000	0.000000000000	6000
3	0	0.250000000000	0.000000000000	1	0.441762500000	0.000000000000	0.029544207621	0.000000000000	4000
3	0	0.250000000000	0.000000000000	2	0.458025000000	0.000000000000	0.034363392116	0.000000000000	14000
3	0	0.250000000000	0.000000000000	3	0.414575000000	0.000000000000	0.032780809271	0.000000000000	30000
3	0	0.250000000000	0.000000000000	4	0.453075000000	0.000000000000	0.032486146659	0.000000000000	30000
3	0	0.250000000000	0.000000000000	5	0.415787500000	0.000000000000	0.034985855768	0.000000000000	4000
3	1	0.250000000000	0.075000000000	1	0.000000000000	0.406225000000	0.000000000000	0.039469066143	30000
3	1	0.250000000000	0.075000000000	2	0.429975000000	0.000000000000	0.033556861265	0.000000000000	12000
3	1	0.250000000000	0.075000000000	3	0.454925000000	0.000000000000	0.032402458152	0.000000000000	12000
3	1	0.250000000000	0.075000000000	4	0.000000000000	0.425212500000	0.000000000000	0.026778315330	8000
3	1	0.250000000000	0.075000000000	5	0.000000000000	0.419500000000	0.000000000000	0.035808969299	12000
3	2	0.250000000000	0.162500000000	1	0.000000000000	0.435200000000	0.000000000000	0.032080783604	14000
3	2	0.250000000000	0.162500000000	2	0.424975000000	0.000000000000	0.026107824373	0.000000000000	30000
3	2	0.250000000000	0.162500000000	3	0.448575000000	0.000000000000	0.031248133077	0.000000000000	12000
3	2	0.250000000000	0.162500000000	4	0.000000000000	0.400262500000	0.000000000000	0.028896104038	30000
3	2	0.250000000000	0.162500000000	5	0.000000000000	0.433737500000	0.000000000000	0.038907115125	20000
3	3	0.250000000000	0.250000000000	1	0.000000000000	0.421962500000	0.000000000000	0.031953299628	30000
3	3	0.250000000000	0.250000000000	2	0.000000000000	0.413262500000	0.000000000000	0.035508248048	30000
3	3	0.250000000000	0.250000000000	3	0.437100000000	0.000000000000	0.034925775722	0.000000000000	24000
3	3	0.250000000000	0.250000000000	4	0.000000000000	0.415362500000	0.000000000000	0.035585863731	30000
3	3	0.250000000000	0.250000000000	5	0.000000000000	0.439375000000	0.000000000000	0.039269440586	30000
3	4	0.250000000000	0.325000000000	1	0.460137500000	0.000000000000	0.032754162773	0.000000000000	30000
3	4	0.250000000000	0.325000000000	2	0.449812500000	0.000000000000	0.034474586159	0.000000000000	30000
3	4	0.250000000000	0.325000000000	3	0.000000000000	0.412275000000	0.000000000000	0.035579527509	10000
3	4	0.250000000000	0.325000000000	4	0.000000000000	0.430537500000	0.000000000000	0.047101867582	30000
3	4	0.250000000000	0.325000000000	5	0.450262500000	0.000000000000	0.043019623799	0.000000000000	30000
3	5	0.250000000000	0.412500000000	1	0.458575000000	0.000000000000	0.024325883820	0.000000000000	26000
3	5	0.250000000000	0.412500000000	2	0.000000000000	0.431037500000	0.000000000000	0.027175464110	28000
3	5	0.250000000000	0.412500000000	3	0.000000000000	0.431350000000	0.000000000000	0.032308611025	30000
3	5	0.250000000000	0.412500000000	4	0.000000000000	0.417112500000	0.000000000000	0.030829475349	30000
3	5	0.250000000000	0.412500000000	5	0.000000000000	0.432950000000	0.000000000000	0.035521955314	6000
3	6	0.250000000000	0.500000000000	1	0.451775000000	0.000000000000	0.033608650916	0.000000000000	30000
3	6	0.250000000000	0.500000000000	2	0.000000000000	0.408325000000	0.000000000000	0.028105547438	18000
3	6	0.250000000000	0.500000000000	3	0.000000000000	0.405975000000	0.000000000000	0.037279372669	8000
3	6	0.250000000000	0.500000000000	4	0.000000000000	0.388462500000	0.000000000000	0.038390476325	30000
3	6	0.250000000000	0.500000000000	5	0.000000000000	0.403937500000	0.000000000000	0.028985859031	8000
3	7	0.250000000000	0.575000000000	1	0.437787500000	0.000000000000	0.028150106967	0.000000000000	22000
3	7	0.250000000000	0.575000000000	2	0.451650000000	0.000000000000	0.026748700772	0.000000000000	30000
3	7	0.250000000000	0.575000000000	3	0.431312500000	0.000000000000	0.029999309197	0.000000000000	30000
3	7	0.250000000000	0.575000000000	4	0.000000000000	0.439025000000	0.000000000000	0.023837840037	12000
3	7	0.250000000000	0.575000000000	5	0.000000000000	0.415862500000	0.000000000000	0.030394673545	12000
3	8	0.250000000000	0.662500000000	1	0.000000000000	0.407625000000	0.000000000000	0.032607286151	24000
3	8	0.250000000000	0.662500000000	2	0.435200000000	0.000000000000	0.026951324158	0.000000000000	18000
3	8	0.250000000000	0.662500000000	3	0.000000000000	0.414800000000	0.000000000000	0.031245980723	16000
3	8	0.250000000000	0.662500000000	4	0.431100000000	0.000000000000	0.036457085993	0.000000000000	30000
3	8	0.250000000000	0.662500000000	5	0.000000000000	0.435562500000	0.000000000000	0.026164612183	26000
3	9	0.250000000000	0.750000000000	1	0.437225000000	0.000000000000	0.038170752958	0.000000000000	10000
3	9	0.250000000000	0.750000000000	2	0.000000000000	0.418425000000	0.000000000000	0.029413168981	30000
3	9	0.250000000000	0.750000000000	3	0.000000000000	0.424275000000	0.000000000000	0.024813606954	30000
3	9	0.250000000000	0.750000000000	4	0.000000000000	0.430975000000	0.000000000000	0.030525295554	22000
3	9	0.250000000000	0.750000000000	5	0.000000000000	0.438650000000	0.000000000000	0.029878005208	8000
3	10	0.250000000000	0.825000000000	1	0.000000000000	0.436550000000	0.000000000000	0.034622734348	28000
3	10	0.250000000000	0.825000000000	2	0.000000000000	0.413175000000	0.000000000000	0.024915661042	22000
3	10	0.250000000000	0.825000000000	3	0.000000000000	0.420412500000	0.000000000000	0.027814290005	28000
3	10	0.250000000000	0.825000000000	4	0.000000000000	0.414075000000	0.000000000000	0.040916910545	30000
3	10	0.250000000000	0.825000000000	5	0.000000000000	0.421962500000	0.000000000000	0.038298454478	30000
3	11	0.250000000000	0.912500000000	1	0.000000000000	0.424362500000	0.000000000000	0.032266134680	20000
3	11	0.250000000000	0.912500000000	2	0.000000000000	0.418950000000	0.000000000000	0.039520049776	12000
3	11	0.250000000000	0.912500000000	3	0.000000000000	0.411837500000	0.000000000000	0.030290425114	8000
3	11	0.250000000000	0.912500000000	4	0.451375000000	0.000000000000	0.031125000251	0.000000000000	16000
3	11	0.250000000000	0.912500000000	5	0.000000000000	0.430200000000	0.000000000000	0.038706694617	6000
3	12	0.250000000000	1.000000000000	1	0.000000000000	1.000000000000	0.000000000000	0.000000000000	6000
3	12	0.250000000000	1.000000000000	2	0.000000000000	1.000000000000	0.000000000000	0.000000000000	6000
3	12	0.250000000000	1.000000000000	3	0.000000000000	1.000000000000	0.000000000000	0.000000000000	6000
3	12	0.250000000000	1.000000000000	4	0.000000000000	1.000000000000	0.000000000000	0.000000000000	6000
3	12	0.250000000000	1.000000000000	5	0.032687500000	1.000000000000	0.014727542030	0.000000000000	6000
4	0	0.325000000000	0.000000000000	1	0.444450000000	0.000000000000	0.031660502008	0.000000000000	30000
4	0	0.325000000000	0.000000000000	2	0.436775000000	0.000000000000	0.030594695789	0.000000000000	30000
4	0	0.325000000000	0.000000000000	3	0.417900000000	0.000000000000	0.034684009002	0.000000000000	30000
4	0	0.325000000000	0.000000000000	4	0.459700000000	0.000000000000	0.029462315388	0.000000000000	24000
4	0	0.325000000000	0.000000000000	5	0.452137500000	0.000000000000	0.035929664409	0.000000000000	8000
4	1	0.325000000000	0.075000000000	1	0.000000000000	0.418650000000	0.000000000000	0.031997286234	30000
4	1	0.325000000000	0.075000000000	2	0.000000000000	0.419575000000	0.000000000000	0.031603095270	30000
4	1	0.325000000000	0.075000000000	3	0.000000000000	0.421100000000	0.000000000000	0.034736459544	18000
4	1	0.325000000000	0.075000000000	4	0.425250000000	0.000000000000	0.027705235608	0.000000000000	24000
4	1	0.325000000000	0.075000000000	5	0.000000000000	0.421812500000	0.000000000000	0.040156520515	30000
4	2	0.325000000000	0.162500000000	1	0.000000000000	0.403475000000	0.000000000000	0.041926211159	30000
4	2	0.325000000000	0.162500000000	2	0.453662500000	0.000000000000	0.024840428552	0.000000000000	18000
4	2	0.325000000000	0.162500000000	3	0.000000000000	0.414025000000	0.000000000000	0.047948262856	10000
4	2	0.325000000000	0.162500000000	4	0.443225000000	0.000000000000	0.032694315917	0.000000000000	26000
4	2	0.325000000000	0.162500000000	5	0.447287500000	0.000000000000	0.033863813306	0.000000000000	30000
4	3	0.325000000000	0.250000000000	1	0.000000000000	0.429512500000	0.000000000000	0.031167129860	16000
4	3	0.325000000000	0.250000000000	2	0.000000000000	0.425375000000	0.000000000000	0.032982149675	26000
4	3	0.325000000000	0.250000000000	3	0.000000000000	0.419787500000	0.000000000000	0.037972727342	28000
4	3	0.325000000000	0.250000000000	4	0.000000000000	0.419425000000	0.000000000000	0.031472764574	30000
4	3	0.325000000000	0.250000000000	5	0.000000000000	0.432375000000	0.000000000000	0.039214437994	18000
4	4	0.325000000000	0.325000000000	1	0.420762500000	0.000000000000	0.028584601155	0.000000000000	22000
4	4	0.325000000000	0.325000000000	2	0.000000000000	0.419825000000	0.000000000000	0.038230301214	24000
4	4	0.325000000000	0.325000000000	3	0.000000000000	0.398650000000	0.000000000000	0.029754206641	12000
4	4	0.325000000000	0.325000000000	4	0.000000000000	0.399437500000	0.000000000000	0.032590673447	20000
4	4	0.325000000000	0.325000000000	5	0.000000000000	0.423387500000	0.000000000000	0.034937826857	24000
4	5	0.325000000000	0.412500000000	1	0.430162500000	0.000000000000	0.030383844750	0.000000000000	20000
4	5	0.325000000000	0.412500000000	2	0.453900000000	0.000000000000	0.036800397678	0.000000000000	28000
4	5	0.325000000000	0.412500000000	3	0.000000000000	0.452600000000	0.000000000000	0.030136534484	8000
4	5	0.325000000000	0.412500000000	4	0.000000000000	0.393800000000	0.000000000000	0.031943589230	12000
4	5	0.325000000000	0.412500000000	5	0.131650000000	0.310050000000	0.045124840734	0.039721061954	20000
4	6	0.325000000000	0.500000000000	1	0.448000000000	0.000000000000	0.036505412546	0.000000000000	18000
4	6	0.325000000000	0.500000000000	2	0.130825000000	0.344700000000	0.040278769274	0.040490578991	18000
4	6	0.325000000000	0.500000000000	3	0.000000000000	0.402325000000	0.000000000000	0.029567187786	30000
4	6	0.325000000000	0.500000000000	4	0.000000000000	0.422725000000	0.000000000000	0.039359700978	14000
4	6	0.325000000000	0.500000000000	5	0.434662500000	0.000000000000	0.035929037553	0.000000000000	28000
4	7	0.325000000000	0.575000000000	1	0.000000000000	0.428250000000	0.000000000000	0.038372809025	30000
4	7	0.325000000000	0.575000000000	2	0.000000000000	0.432175000000	0.000000000000	0.034857523175	10000
4	7	0.325000000000	0.575000000000	3	0.000000000000	0.405400000000	0.000000000000	0.029519466440	8000
4	7	0.325000000000	0.575000000000	4	0.129912500000	0.313662500000	0.101890715041	0.079717295432	30000
4	7	0.325000000000	0.575000000000	5	0.000000000000	0.430800000000	0.000000000000	0.029865355170	30000
4	8	0.325000000000	0.662500000000	1	0.438650000000	0.000000000000	0.030257735053	0.000000000000	12000
4	8	0.325000000000	0.662500000000	2	0.000000000000	0.442787500000	0.000000000000	0.041065617964	30000
4	8	0.325000000000	0.662500000000	3	0.000000000000	0.428675000000	0.000000000000	0.032987991491	30000
4	8	0.325000000000	0.662500000000	4	0.453200000000	0.000000000000	0.033296864435	0.000000000000	30000
4	8	0.325000000000	0.662500000000	5	0.442925000000	0.000000000000	0.035649723390	0.000000000000	30000
4	9	0.325000000000	0.750000000000	1	0.000000000000	0.435425000000	0.000000000000	0.030858898986	16000
4	9	0.325000000000	0.750000000000	2	0.000000000000	0.410575000000	0.000000000000	0.027588366987	30000
4	9	0.325000000000	0.750000000000	3	0.000000000000	0.418687500000	0.000000000000	0.037263550098	8000
4	9	0.325000000000	0.750000000000	4	0.000000000000	0.431400000000	0.000000000000	0.024684749074	30000
4	9	0.325000000000	0.750000000000	5	0.452187500000	0.000000000000	0.035931005147	0.000000000000	24000
4	10	0.325000000000	0.825000000000	1	0.000000000000	0.396375000000	0.000000000000	0.022012074105	30000
4	10	0.325000000000	0.825000000000	2	0.456100000000	0.000000000000	0.032050815196	0.000000000000	24000
4	10	0.325000000000	0.825000000000	3	0.000000000000	0.405237500000	0.000000000000	0.040330371715	20000
4	10	0.325000000000	0.825000000000	4	0.000000000000	0.428362500000	0.000000000000	0.035241549491	24000
4	10	0.325000000000	0.825000000000	5	0.447562500000	0.000000000000	0.032097431188	0.000000000000	30000
4	11	0.325000000000	0.912500000000	1	0.181412500000	0.288025000000	0.064513161772	0.073255311860	30000
4	11	0.325000000000	0.912500000000	2	0.000000000000	0.398337500000	0.000000000000	0.035322833214	12000
4	11	0.325000000000	0.912500000000	3	0.000000000000	0.429512500000	0.000000000000	0.032957431424	30000
4	11	0.325000000000	0.912500000000	4	0.000000000000	0.416562500000	0.000000000000	0.034670475705	6000
4	11	0.325000000000	0.912500000000	5	0.000000000000	0.405287500000	0.000000000000	0.038122689218	24000
4	12	0.325000000000	1.000000000000	1	0.000000000000	1.000000000000	0.000000000000	0.000000000000	6000
4	12	0.325000000000	1.000000000000	2	0.035212500000	1.000000000000	0.016915887236	0.000000000000	4000
4	12	0.325000000000	1.000000000000	3	0.000000000000	1.000000000000	0.000000000000	0.000000000000	6000
4	12	0.325000000000	1.000000000000	4	0.032625000000	1.000000000000	0.015619806444	0.000000000000	24000
4	12	0.325000000000	1.000000000000	5	0.000000000000	1.000000000000	0.000000000000	0.000000000000	6000
5	0	0.412500000000	0.000000000000	1	0.416650000000	0.000000000000	0.035592932681	0.000000000000	20000
5	0	0.412500000000	0.000000000000	2	0.440337500000	0.000000000000	0.043724468812	0.000000000000	10000
5	0	0.412500000000	0.000000000000	3	0.432437500000	0.000000000000	0.030307934847	0.000000000000	4000
5	0	0.412500000000	0.000000000000	4	0.456750000000	0.000000000000	0.032522033803	0.000000000000	4000
5	0	0.412500000000	0.000000000000	5	0.444862500000	0.000000000000	0.032070872839	0.000000000000	10000
5	1	0.412500000000	0.075000000000	1	0.000000000000	0.424962500000	0.000000000000	0.044787395040	16000
5	1	0.412500000000	0.075000000000	2	0.462625000000	0.000000000000	0.035531631990	0.000000000000	20000
5	1	0.412500000000	0.075000000000	3	0.000000000000	0.412887500000	0.000000000000	0.031300732093	30000
5	1	0.412500000000	0.075000000000	4	0.000000000000	0.411925000000	0.000000000000	0.030852410704	30000
5	1	0.412500000000	0.075000000000	5	0.427262500000	0.000000000000	0.035624695967	0.000000000000	12000
5	2	0.412500000000	0.162500000000	1	0.000000000000	0.408112500000	0.000000000000	0.033794202785	24000
5	2	0.412500000000	0.162500000000	2	0.000000000000	0.440062500000	0.000000000000	0.034032124960	30000
5	2	0.412500000000	0.162500000000	3	0.000000000000	0.435687500000	0.000000000000	0.030664497471	30000
5	2	0.412500000000	0.162500000000	4	0.431912500000	0.000000000000	0.033843669833	0.000000000000	22000
5	2	0.412500000000	0.162500000000	5	0.471500000000	0.000000000000	0.032351338598	0.000000000000	12000
5	3	0.412500000000	0.250000000000	1	0.000000000000	0.435075000000	0.000000000000	0.033221386719	30000
5	3	0.412500000000	0.250000000000	2	0.000000000000	0.413275000000	0.000000000000	0.035886971867	20000
5	3	0.412500000000	0.250000000000	3	0.431650000000	0.000000000000	0.033953907991	0.000000000000	30000
5	3	0.412500000000	0.250000000000	4	0.000000000000	0.446812500000	0.000000000000	0.040855418967	30000
5	3	0.412500000000	0.250000000000	5	0.000000000000	0.418437500000	0.000000000000	0.038166366283	28000
5	4	0.412500000000	0.325000000000	1	0.439562500000	0.000000000000	0.041478130129	0.000000000000	16000
5	4	0.412500000000	0.325000000000	2	0.441512500000	0.000000000000	0.033243965693	0.000000000000	22000
5	4	0.412500000000	0.325000000000	3	0.243062500000	0.279712500000	0.079421093255	0.101625052251	4000
5	4	0.412500000000	0.325000000000	4	0.000000000000	0.458362500000	0.000000000000	0.037965164262	24000
5	4	0.412500000000	0.325000000000	5	0.131187500000	0.365462500000	0.037730719592	0.051967711002	6000
5	5	0.412500000000	0.412500000000	1	0.000000000000	0.398037500000	0.000000000000	0.032694590990	16000
5	5	0.412500000000	0.412500000000	2	0.000000000000	0.418562500000	0.000000000000	0.025347235078	30000
5	5	0.412500000000	0.412500000000	3	0.000000000000	0.411075000000	0.000000000000	0.030178719823	18000
5	5	0.412500000000	0.412500000000	4	0.100700000000	0.370100000000	0.046264461527	0.071426302695	30000
5	5	0.412500000000	0.412500000000	5	0.000000000000	0.435987500000	0.000000000000	0.041659832397	12000
5	6	0.412500000000	0.500000000000	1	0.463275000000	0.000000000000	0.039183028018	0.000000000000	22000
5	6	0.412500000000	0.500000000000	2	0.000000000000	0.403287500000	0.000000000000	0.034326949081	26000
5	6	0.412500000000	0.500000000000	3	0.000000000000	0.418087500000	0.000000000000	0.033532603974	16000
5	6	0.412500000000	0.500000000000	4	0.000000000000	0.417637500000	0.000000000000	0.036628766158	8000
5	6	0.412500000000	0.500000000000	5	0.000000000000	0.445837500000	0.000000000000	0.032994029001	8000
5	7	0.412500000000	0.575000000000	1	0.000000000000	0.438962500000	0.000000000000	0.034602596484	22000
5	7	0.412500000000	0.575000000000	2	0.000000000000	0.438325000000	0.000000000000	0.038330485271	8000
5	7	0.412500000000	0.575000000000	3	0.000000000000	0.409787500000	0.000000000000	0.024230883795	6000
5	7	0.412500000000	0.575000000000	4	0.225162500000	0.253287500000	0.059631143012	0.061563086402	30000
5	7	0.412500000000	0.575000000000	5	0.000000000000	0.403875000000	0.000000000000	0.038257489600	22000
5	8	0.412500000000	0.662500000000	1	0.000000000000	0.435675000000	0.000000000000	0.037661655238	16000
5	8	0.412500000000	0.662500000000	2	0.000000000000	0.415962500000	0.000000000000	0.034717577017	20000
5	8	0.412500000000	0.662500000000	3	0.000000000000	0.404600000000	0.000000000000	0.030130928842	30000
5	8	0.412500000000	0.662500000000	4	0.000000000000	0.423850000000	0.000000000000	0.040889019454	6000
5	8	0.412500000000	0.662500000000	5	0.237600000000	0.264937500000	0.056058072635	0.053571421868	30000
5	9	0.412500000000	0.750000000000	1	0.000000000000	0.395125000000	0.000000000000	0.028076193610	22000
5	9	0.412500000000	0.750000000000	2	0.457775000000	0.000000000000	0.028554592271	0.000000000000	30000
5	9	0.412500000000	0.750000000000	3	0.445150000000	0.000000000000	0.037733789087	0.000000000000	6000
5	9	0.412500000000	0.750000000000	4	0.000000000000	0.438287500000	0.000000000000	0.030318398689	18000
5	9	0.412500000000	0.750000000000	5	0.000000000000	0.418437500000	0.000000000000	0.039360692421	26000
5	10	0.412500000000	0.825000000000	1	0.430675000000	0.000000000000	0.034968087482	0.000000000000	16000
5	10	0.412500000000	0.825000000000	2	0.000000000000	0.410275000000	0.000000000000	0.034200241688	14000
5	10	0.412500000000	0.825000000000	3	0.000000000000	0.406925000000	0.000000000000	0.030804720512	30000
5	10	0.412500000000	0.825000000000	4	0.000000000000	0.420225000000	0.000000000000	0.029409850634	22000
5	10	0.412500000000	0.825000000000	5	0.419937500000	0.000000000000	0.031253065415	0.000000000000	18000
5	11	0.412500000000	0.912500000000	1	0.000000000000	0.400737500000	0.000000000000	0.033964369892	30000
5	11	0.412500000000	0.912500000000	2	0.416562500000	0.000000000000	0.031458575711	0.000000000000	30000
5	11	0.412500000000	0.912500000000	3	0.000000000000	0.459625000000	0.000000000000	0.047062583458	16000
5	11	0.412500000000	0.912500000000	4	0.463762500000	0.000000000000	0.033953500319	0.000000000000	30000
5	11	0.412500000000	0.912500000000	5	0.000000000000	0.430375000000	0.000000000000	0.034885726148	14000
5	12	0.412500000000	1.000000000000	1	0.000000000000	1.000000000000	0.000000000000	0.000000000000	6000
5	12	0.412500000000	1.000000000000	2	0.000000000000	1.000000000000	0.000000000000	0.000000000000	6000
5	12	0.412500000000	1.000000000000	3	0.000000000000	1.000000000000	0.000000000000	0.000000000000	6000
5	12	0.412500000000	1.000000000000	4	0.000000000000	1.000000000000	0.000000000000	0.000000000000	6000
5	12	0.412500000000	1.000000000000	5	0.044775000000	1.000000000000	0.017964119366	0.000000000000	14000
6	0	0.500000000000	0.000000000000	1	0.436925000000	0.000000000000	0.028009219757	0.000000000000	30000
6	0	0.500000000000	0.000000000000	2	0.471100000000	0.000000000000	0.034646289345	0.000000000000	16000
6	0	0.500000000000	0.000000000000	3	0.460912500000	0.000000000000	0.037691102570	0.000000000000	26000
6	0	0.500000000000	0.000000000000	4	0.455225000000	0.000000000000	0.031735532436	0.000000000000	24000
6	0	0.500000000000	0.000000000000	5	0.429462500000	0.000000000000	0.036314578234	0.000000000000	28000
6	1	0.500000000000	0.075000000000	1	0.441437500000	0.000000000000	0.033083180630	0.000000000000	30000
6	1	0.500000000000	0.075000000000	2	0.000000000000	0.419812500000	0.000000000000	0.032623770539	16000
6	1	0.500000000000	0.075000000000	3	0.000000000000	0.422487500000	0.000000000000	0.032493644466	30000
6	1	0.500000000000	0.075000000000	4	0.442725000000	0.000000000000	0.035841442270	0.000000000000	30000
6	1	0.500000000000	0.075000000000	5	0.432275000000	0.000000000000	0.030241551323	0.000000000000	6000
6	2	0.500000000000	0.162500000000	1	0.000000000000	0.458200000000	0.000000000000	0.033766109491	18000
6	2	0.500000000000	0.162500000000	2	0.000000000000	0.417200000000	0.000000000000	0.035678185673	20000
6	2	0.500000000000	0.162500000000	3	0.426762500000	0.000000000000	0.040329751209	0.000000000000	30000
6	2	0.500000000000	0.162500000000	4	0.118387500000	0.366062500000	0.035573994755	0.036572563434	30000
6	2	0.500000000000	0.162500000000	5	0.489250000000	0.000000000000	0.035365070171	0.000000000000	30000
6	3	0.500000000000	0.250000000000	1	0.070875000000	0.391162500000	0.037169253805	0.034620310652	30000
6	3	0.500000000000	0.250000000000	2	0.000000000000	0.398912500000	0.000000000000	0.040283791748	20000
6	3	0.500000000000	0.250000000000	3	0.433150000000	0.000000000000	0.030307731003	0.000000000000	20000
6	3	0.500000000000	0.250000000000	4	0.000000000000	0.433187500000	0.000000000000	0.030454656127	18000
6	3	0.500000000000	0.250000000000	5	0.015450000000	0.421162500000	0.020987805697	0.037782037082	30000
6	4	0.500000000000	0.325000000000	1	0.000000000000	0.420925000000	0.000000000000	0.043963930696	18000
6	4	0.500000000000	0.325000000000	2	0.000000000000	0.441162500000	0.000000000000	0.031921957257	18000
6	4	0.500000000000	0.325000000000	3	0.458075000000	0.000000000000	0.027753416495	0.000000000000	24000
6	4	0.500000000000	0.325000000000	4	0.000000000000	0.421762500000	0.000000000000	0.035764212876	30000
6	4	0.500000000000	0.325000000000	5	0.000000000000	0.408900000000	0.000000000000	0.040707918574	28000
6	5	0.500000000000	0.412500000000	1	0.000000000000	0.436300000000	0.000000000000	0.038336891074	30000
6	5	0.500000000000	0.412500000000	2	0.000000000000	0.411925000000	0.000000000000	0.031776431779	14000
6	5	0.500000000000	0.412500000000	3	0.000000000000	0.442762500000	0.000000000000	0.040015635630	30000
6	5	0.500000000000	0.412500000000	4	0.000000000000	0.416612500000	0.000000000000	0.029438243901	6000
6	5	0.500000000000	0.412500000000	5	0.226712500000	0.214450000000	0.075792681866	0.066949549978	4000
6	6	0.500000000000	0.500000000000	1	0.000000000000	0.426987500000	0.000000000000	0.030050734440	30000
6	6	0.500000000000	0.500000000000	2	0.436687500000	0.000000000000	0.047227921512	0.000000000000	20000
6	6	0.500000000000	0.500000000000	3	0.164562500000	0.321862500000	0.065982524484	0.041493632829	12000
6	6	0.500000000000	0.500000000000	4	0.000000000000	0.439987500000	0.000000000000	0.039037546334	6000
6	6	0.500000000000	0.500000000000	5	0.451075000000	0.000000000000	0.032508093625	0.000000000000	16000
6	7	0.500000000000	0.575000000000	1	0.000000000000	0.433825000000	0.000000000000	0.034603168269	30000
6	7	0.500000000000	0.575000000000	2	0.450150000000	0.000000000000	0.038196026448	0.000000000000	10000
6	7	0.500000000000	0.575000000000	3	0.000000000000	0.407562500000	0.000000000000	0.029787407295	26000
6	7	0.500000000000	0.575000000000	4	0.452175000000	0.000000000000	0.039206109141	0.000000000000	10000
6	7	0.500000000000	0.575000000000	5	0.000000000000	0.420700000000	0.000000000000	0.039170068857	16000
6	8	0.500000000000	0.662500000000	1	0.445387500000	0.000000000000	0.034160254928	0.000000000000	30000
6	8	0.500000000000	0.662500000000	2	0.000000000000	0.434712500000	0.000000000000	0.034248124442	30000
6	8	0.500000000000	0.662500000000	3	0.000000000000	0.410162500000	0.000000000000	0.030577808066	30000
6	8	0.500000000000	0.662500000000	4	0.450462500000	0.000000000000	0.037492973566	0.000000000000	30000
6	8	0.500000000000	0.662500000000	5	0.000000000000	0.429675000000	0.000000000000	0.037863445637	30000
6	9	0.500000000000	0.750000000000	1	0.000000000000	0.421225000000	0.000000000000	0.037864833561	30000
6	9	0.500000000000	0.750000000000	2	0.000000000000	0.424325000000	0.000000000000	0.028279305050	12000
6	9	0.500000000000	0.750000000000	3	0.000000000000	0.420112500000	0.000000000000	0.038624123507	30000
6	9	0.500000000000	0.750000000000	4	0.000000000000	0.419087500000	0.000000000000	0.038386809465	30000
6	9	0.500000000000	0.750000000000	5	0.000000000000	0.413450000000	0.000000000000	0.038644577930	26000
6	10	0.500000000000	0.825000000000	1	0.000000000000	0.446862500000	0.000000000000	0.032559521898	10000
6	10	0.500000000000	0.825000000000	2	0.000000000000	0.422225000000	0.000000000000	0.029246234240	6000
6	10	0.500000000000	0.825000000000	3	0.000000000000	0.423937500000	0.000000000000	0.042487734128	12000
6	10	0.500000000000	0.825000000000	4	0.000000000000	0.413787500000	0.000000000000	0.039354763259	22000
6	10	0.500000000000	0.825000000000	5	0.000000000000	0.421137500000	0.000000000000	0.036665982027	12000
6	11	0.500000000000	0.912500000000	1	0.000000000000	0.426037500000	0.000000000000	0.035799601327	30000
6	11	0.500000000000	0.912500000000	2	0.000000000000	0.440937500000	0.000000000000	0.036128522166	18000
6	11	0.500000000000	0.912500000000	3	0.425262500000	0.000000000000	0.039884089363	0.000000000000	12000
6	11	0.500000000000	0.912500000000	4	0.429175000000	0.000000000000	0.028398959063	0.000000000000	30000
6	11	0.500000000000	0.912500000000	5	0.000000000000	0.434200000000	0.000000000000	0.028557845692	30000
6	12	0.500000000000	1.000000000000	1	0.000000000000	1.000000000000	0.000000000000	0.000000000000	6000
6	12	0.500000000000	1.000000000000	2	0.000000000000	1.000000000000	0.000000000000	0.000000000000	6000
6	12	0.500000000000	1.000000000000	3	0.000000000000	1.000000000000	0.000000000000	0.000000000000	6000
6	12	0.500000000000	1.000000000000	4	0.035525000000	1.000000000000	0.019730716565	0.000000000000	8000
6	12	0.500000000000	1.000000000000	5	0.000000000000	1.000000000000	0.000000000000	0.000000000000	6000
7	0	0.575000000000	0.000000000000	1	0.464862500000	0.000000000000	0.024164203949	0.000000000000	6000
7	0	0.575000000000	0.000000000000	2	0.471612500000	0.000000000000	0.039460273782	0.000000000000	24000
7	0	0.575000000000	0.000000000000	3	0.451900000000	0.000000000000	0.030400480082	0.000000000000	30000
7	0	0.575000000000	0.000000000000	4	0.449362500000	0.000000000000	0.022775119095	0.000000000000	30000
7	0	0.575000000000	0.000000000000	5	0.444050000000	0.000000000000	0.031433828682	0.000000000000	16000
7	1	0.575000000000	0.075000000000	1	0.000000000000	0.424400000000	0.000000000000	0.031785811895	18000
7	1	0.575000000000	0.075000000000	2	0.000000000000	0.411737500000	0.000000000000	0.033415998754	8000
7	1	0.575000000000	0.075000000000	3	0.430112500000	0.000000000000	0.026640726756	0.000000000000	10000
7	1	0.575000000000	0.075000000000	4	0.428575000000	0.000000000000	0.029008591372	0.000000000000	30000
7	1	0.575000000000	0.075000000000	5	0.426062500000	0.000000000000	0.026101170757	0.000000000000	30000
7	2	0.575000000000	0.162500000000	1	0.444837500000	0.000000000000	0.036148119319	0.000000000000	24000
7	2	0.575000000000	0.162500000000	2	0.000000000000	0.422487500000	0.000000000000	0.037336143097	22000
7	2	0.575000000000	0.162500000000	3	0.000000000000	0.421100000000	0.000000000000	0.034292360169	8000
7	2	0.575000000000	0.162500000000	4	0.000000000000	0.423375000000	0.000000000000	0.031067661234	22000
7	2	0.575000000000	0.162500000000	5	0.459550000000	0.000000000000	0.029906176275	0.000000000000	28000
7	3	0.575000000000	0.250000000000	1	0.450725000000	0.000000000000	0.037586728205	0.000000000000	26000
7	3	0.575000000000	0.250000000000	2	0.434712500000	0.000000000000	0.031002576562	0.000000000000	30000
7	3	0.575000000000	0.250000000000	3	0.456875000000	0.000000000000	0.029773029881	0.000000000000	30000
7	3	0.575000000000	0.250000000000	4	0.000000000000	0.437712500000	0.000000000000	0.028558960204	24000
7	3	0.575000000000	0.250000000000	5	0.000000000000	0.402600000000	0.000000000000	0.035086087464	6000
7	4	0.575000000000	0.325000000000	1	0.459062500000	0.000000000000	0.033830228023	0.000000000000	12000
7	4	0.575000000000	0.325000000000	2	0.000000000000	0.415062500000	0.000000000000	0.032165578935	30000
7	4	0.575000000000	0.325000000000	3	0.000000000000	0.395075000000	0.000000000000	0.035944908004	20000
7	4	0.575000000000	0.325000000000	4	0.000000000000	0.404350000000	0.000000000000	0.026860500488	22000
7	4	0.575000000000	0.325000000000	5	0.000000000000	0.418050000000	0.000000000000	0.030446666476	30000
7	5	0.575000000000	0.412500000000	1	0.432712500000	0.000000000000	0.030445246045	0.000000000000	28000
7	5	0.575000000000	0.412500000000	2	0.435712500000	0.000000000000	0.030762719949	0.000000000000	16000
7	5	0.575000000000	0.412500000000	3	0.000000000000	0.419525000000	0.000000000000	0.035058036753	18000
7	5	0.575000000000	0.412500000000	4	0.000000000000	0.414450000000	0.000000000000	0.034644050142	12000
7	5	0.575000000000	0.412500000000	5	0.440162500000	0.000000000000	0.026052755897	0.000000000000	8000
7	6	0.575000000000	0.500000000000	1	0.000000000000	0.416100000000	0.000000000000	0.038443372548	30000
7	6	0.575000000000	0.500000000000	2	0.000000000000	0.422962500000	0.000000000000	0.033301483940	16000
7	6	0.575000000000	0.500000000000	3	0.000000000000	0.438975000000	0.000000000000	0.029313967382	26000
7	6	0.575000000000	0.500000000000	4	0.000000000000	0.430312500000	0.000000000000	0.038405352033	24000
7	6	0.575000000000	0.500000000000	5	0.000000000000	0.426087500000	0.000000000000	0.037035053516	26000
7	7	0.575000000000	0.575000000000	1	0.000000000000	0.419225000000	0.000000000000	0.033856064569	30000
7	7	0.575000000000	0.575000000000	2	0.436462500000	0.000000000000	0.032770470663	0.000000000000	26000
7	7	0.575000000000	0.575000000000	3	0.000000000000	0.448375000000	0.000000000000	0.031547259859	28000
7	7	0.575000000000	0.575000000000	4	0.269762500000	0.227225000000	0.046102877557	0.054298344221	16000
7	7	0.575000000000	0.575000000000	5	0.000000000000	0.416987500000	0.000000000000	0.040292891567	30000
7	8	0.575000000000	0.662500000000	1	0.471887500000	0.000000000000	0.029380381219	0.000000000000	30000
7	8	0.575000000000	0.662500000000	2	0.428225000000	0.000000000000	0.030205740543	0.000000000000	30000
7	8	0.575000000000	0.662500000000	3	0.000000000000	0.424550000000	0.000000000000	0.039880451984	30000
7	8	0.575000000000	0.662500000000	4	0.000000000000	0.434700000000	0.000000000000	0.042741072744	18000
7	8	0.575000000000	0.662500000000	5	0.000000000000	0.425862500000	0.000000000000	0.037414899685	30000
7	9	0.575000000000	0.750000000000	1	0.000000000000	0.393612500000	0.000000000000	0.037476800882	20000
7	9	0.575000000000	0.750000000000	2	0.454637500000	0.000000000000	0.032249067368	0.000000000000	30000
7	9	0.575000000000	0.750000000000	3	0.000000000000	0.453737500000	0.000000000000	0.032678436682	30000
7	9	0.575000000000	0.750000000000	4	0.431925000000	0.000000000000	0.037408304643	0.000000000000	12000
7	9	0.575000000000	0.750000000000	5	0.436112500000	0.000000000000	0.033976248752	0.000000000000	8000
7	10	0.575000000000	0.825000000000	1	0.427562500000	0.000000000000	0.027385485363	0.000000000000	16000
7	10	0.575000000000	0.825000000000	2	0.147350000000	0.332375000000	0.057877152355	0.062987215086	24000
7	10	0.575000000000	0.825000000000	3	0.000000000000	0.426562500000	0.000000000000	0.029070990114	10000
7	10	0.575000000000	0.825000000000	4	0.000000000000	0.408025000000	0.000000000000	0.039329806874	22000
7	10	0.575000000000	0.825000000000	5	0.454800000000	0.000000000000	0.028476233878	0.000000000000	24000
7	11	0.575000000000	0.912500000000	1	0.000000000000	0.417437500000	0.000000000000	0.030743454649	14000
7	11	0.575000000000	0.912500000000	2	0.000000000000	0.424575000000	0.000000000000	0.029053415909	30000
7	11	0.575000000000	0.912500000000	3	0.457300000000	0.000000000000	0.034128430227	0.000000000000	30000
7	11	0.575000000000	0.912500000000	4	0.000000000000	0.401662500000	0.000000000000	0.028919780384	12000
7	11	0.575000000000	0.912500000000	5	0.000000000000	0.443500000000	0.000000000000	0.035566170056	26000
7	12	0.575000000000	1.000000000000	1	0.000000000000	1.000000000000	0.000000000000	0.000000000000	8000
7	12	0.575000000000	1.000000000000	2	0.000000000000	1.000000000000	0.000000000000	0.000000000000	6000
7	12	0.575000000000	1.000000000000	3	0.000000000000	1.000000000000	0.000000000000	0.000000000000	14000
7	12	0.575000000000	1.000000000000	4	0.000000000000	1.000000000000	0.000000000000	0.000000000000	6000
7	12	0.575000000000	1.000000000000	5	0.000000000000	1.000000000000	0.000000000000	0.000000000000	6000
8	0	0.662500000000	0.000000000000	1	0.433525000000	0.000000000000	0.024279134073	0.000000000000	24000
8	0	0.662500000000	0.000000000000	2	0.428312500000	0.000000000000	0.031665221932	0.000000000000	24000
8	0	0.662500000000	0.000000000000	3	0.431850000000	0.000000000000	0.032869558986	0.000000000000	16000
8	0	0.662500000000	0.000000000000	4	0.440525000000	0.000000000000	0.025321493895	0.000000000000	30000
8	0	0.662500000000	0.000000000000	5	0.463812500000	0.000000000000	0.026125727691	0.000000000000	26000
8	1	0.662500000000	0.075000000000	1	0.440250000000	0.000000000000	0.027387270082	0.000000000000	12000
8	1	0.662500000000	0.075000000000	2	0.448112500000	0.000000000000	0.025916022727	0.000000000000	18000
8	1	0.662500000000	0.075000000000	3	0.400662500000	0.000000000000	0.024666795385	0.000000000000	20000
8	1	0.662500000000	0.075000000000	4	0.461812500000	0.000000000000	0.035746838045	0.000000000000	30000
8	1	0.662500000000	0.075000000000	5	0.456687500000	0.000000000000	0.024876996577	0.000000000000	14000
8	2	0.662500000000	0.162500000000	1	0.436650000000	0.000000000000	0.033793223906	0.000000000000	10000
8	2	0.662500000000	0.162500000000	2	0.450550000000	0.000000000000	0.039090927344	0.000000000000	30000
8	2	0.662500000000	0.162500000000	3	0.426650000000	0.000000000000	0.031451616877	0.000000000000	6000
8	2	0.662500000000	0.162500000000	4	0.433050000000	0.000000000000	0.030137904594	0.000000000000	16000
8	2	0.662500000000	0.162500000000	5	0.000000000000	0.395712500000	0.000000000000	0.030023740919	30000
8	3	0.662500000000	0.250000000000	1	0.000000000000	0.417662500000	0.000000000000	0.027275195325	6000
8	3	0.662500000000	0.250000000000	2	0.000000000000	0.443225000000	0.000000000000	0.036043702966	8000
8	3	0.662500000000	0.250000000000	3	0.459775000000	0.000000000000	0.032377618584	0.000000000000	22000
8	3	0.662500000000	0.250000000000	4	0.463237500000	0.000000000000	0.027255370094	0.000000000000	20000
8	3	0.662500000000	0.250000000000	5	0.490825000000	0.000000000000	0.027979496551	0.000000000000	30000
8	4	0.662500000000	0.325000000000	1	0.455025000000	0.000000000000	0.033814091260	0.000000000000	10000
8	4	0.662500000000	0.325000000000	2	0.423950000000	0.000000000000	0.028707082690	0.000000000000	30000
8	4	0.662500000000	0.325000000000	3	0.000000000000	0.409662500000	0.000000000000	0.035811308180	16000
8	4	0.662500000000	0.325000000000	4	0.421225000000	0.000000000000	0.035581989165	0.000000000000	30000
8	4	0.662500000000	0.325000000000	5	0.439337500000	0.000000000000	0.034289475235	0.000000000000	22000
8	5	0.662500000000	0.412500000000	1	0.000000000000	0.456587500000	0.000000000000	0.034755849332	16000
8	5	0.662500000000	0.412500000000	2	0.000000000000	0.428325000000	0.000000000000	0.034384795902	26000
8	5	0.662500000000	0.412500000000	3	0.000000000000	0.457887500000	0.000000000000	0.030359146423	30000
8	5	0.662500000000	0.412500000000	4	0.247250000000	0.232762500000	0.095139313583	0.091920001253	12000
8	5	0.662500000000	0.412500000000	5	0.452525000000	0.000000000000	0.038972981260	0.000000000000	10000
8	6	0.662500000000	0.500000000000	1	0.000000000000	0.428000000000	0.000000000000	0.025988948140	10000
8	6	0.662500000000	0.500000000000	2	0.000000000000	0.433425000000	0.000000000000	0.030263389561	12000
8	6	0.662500000000	0.500000000000	3	0.000000000000	0.435150000000	0.000000000000	0.041911174483	22000
8	6	0.662500000000	0.500000000000	4	0.000000000000	0.412137500000	0.000000000000	0.031505236448	18000
8	6	0.662500000000	0.500000000000	5	0.000000000000	0.423275000000	0.000000000000	0.049690854853	16000
8	7	0.662500000000	0.575000000000	1	0.000000000000	0.422262500000	0.000000000000	0.037156499421	30000
8	7	0.662500000000	0.575000000000	2	0.000000000000	0.439750000000	0.000000000000	0.043531109077	14000
8	7	0.662500000000	0.575000000000	3	0.000000000000	0.406925000000	0.000000000000	0.027867022553	30000
8	7	0.662500000000	0.575000000000	4	0.445850000000	0.000000000000	0.025866417834	0.000000000000	14000
8	7	0.662500000000	0.575000000000	5	0.000000000000	0.438325000000	0.000000000000	0.031209668669	30000
8	8	0.662500000000	0.662500000000	1	0.000000000000	0.413562500000	0.000000000000	0.037200116834	12000
8	8	0.662500000000	0.662500000000	2	0.000000000000	0.443850000000	0.000000000000	0.036934626933	6000
8	8	0.662500000000	0.662500000000	3	0.000000000000	0.406787500000	0.000000000000	0.027067161376	14000
8	8	0.662500000000	0.662500000000	4	0.457025000000	0.000000000000	0.033720898179	0.000000000000	14000
8	8	0.662500000000	0.662500000000	5	0.000000000000	0.440175000000	0.000000000000	0.034559386948	30000
8	9	0.662500000000	0.750000000000	1	0.000000000000	0.415125000000	0.000000000000	0.035672214424	30000
8	9	0.662500000000	0.750000000000	2	0.457312500000	0.000000000000	0.025189394581	0.000000000000	30000
8	9	0.662500000000	0.750000000000	3	0.000000000000	0.436162500000	0.000000000000	0.031622655424	30000
8	9	0.662500000000	0.750000000000	4	0.000000000000	0.417475000000	0.000000000000	0.038452606907	24000
8	9	0.662500000000	0.750000000000	5	0.448137500000	0.000000000000	0.029411773087	0.000000000000	30000
8	10	0.662500000000	0.825000000000	1	0.447287500000	0.000000000000	0.030087644642	0.000000000000	8000
8	10	0.662500000000	0.825000000000	2	0.000000000000	0.417675000000	0.000000000000	0.032315068291	30000
8	10	0.662500000000	0.825000000000	3	0.441475000000	0.000000000000	0.030610641718	0.000000000000	30000
8	10	0.662500000000	0.825000000000	4	0.000000000000	0.425412500000	0.000000000000	0.030025199522	30000
8	10	0.662500000000	0.825000000000	5	0.000000000000	0.438512500000	0.000000000000	0.033744737383	30000
8	11	0.662500000000	0.912500000000	1	0.000000000000	0.410662500000	0.000000000000	0.034156939855	30000
8	11	0.662500000000	0.912500000000	2	0.464887500000	0.000000000000	0.029953769747	0.000000000000	14000
8	11	0.662500000000	0.912500000000	3	0.446737500000	0.000000000000	0.045679305409	0.000000000000	16000
8	11	0.662500000000	0.912500000000	4	0.000000000000	0.424812500000	0.000000000000	0.029985750599	16000
8	11	0.662500000000	0.912500000000	5	0.000000000000	0.409600000000	0.000000000000	0.039350361510	18000
8	12	0.662500000000	1.000000000000	1	0.000000000000	1.000000000000	0.000000000000	0.000000000000	6000
8	12	0.662500000000	1.000000000000	2	0.029300000000	1.000000000000	0.014507600438	0.000000000000	26000
8	12	0.662500000000	1.000000000000	3	0.046487500000	1.000000000000	0.015996467758	0.000000000000	6000
8	12	0.662500000000	1.000000000000	4	0.000000000000	1.000000000000	0.000000000000	0.000000000000	8000
8	12	0.662500000000	1.000000000000	5	0.033187500000	1.000000000000	0.015255452224	0.000000000000	24000
9	0	0.750000000000	0.000000000000	1	0.454325000000	0.000000000000	0.037966904810	0.000000000000	30000
9	0	0.750000000000	0.000000000000	2	0.411650000000	0.000000000000	0.032711389989	0.000000000000	16000
9	0	0.750000000000	0.000000000000	3	0.445937500000	0.000000000000	0.033746906487	0.000000000000	30000
9	0	0.750000000000	0.000000000000	4	0.466712500000	0.000000000000	0.031562950014	0.000000000000	30000
9	0	0.750000000000	0.000000000000	5	0.477175000000	0.000000000000	0.042450812082	0.000000000000	8000
9	1	0.750000000000	0.075000000000	1	0.442587500000	0.000000000000	0.027850929392	0.000000000000	14000
9	1	0.750000000000	0.075000000000	2	0.429050000000	0.000000000000	0.025171533646	0.000000000000	20000
9	1	0.750000000000	0.075000000000	3	0.455162500000	0.000000000000	0.030843656964	0.000000000000	28000
9	1	0.750000000000	0.075000000000	4	0.446937500000	0.000000000000	0.038325039496	0.000000000000	30000
9	1	0.750000000000	0.075000000000	5	0.442037500000	0.000000000000	0.030075478020	0.000000000000	30000
9	2	0.750000000000	0.162500000000	1	0.441562500000	0.000000000000	0.030133002532	0.000000000000	30000
9	2	0.750000000000	0.162500000000	2	0.247450000000	0.211450000000	0.045220763123	0.041181378145	6000
9	2	0.750000000000	0.162500000000	3	0.433600000000	0.000000000000	0.026514015030	0.000000000000	14000
9	2	0.750000000000	0.162500000000	4	0.000000000000	0.401712500000	0.000000000000	0.027644851810	22000
9	2	0.750000000000	0.162500000000	5	0.000000000000	0.428100000000	0.000000000000	0.027286847969	30000
9	3	0.750000000000	0.250000000000	1	0.000000000000	0.434787500000	0.000000000000	0.029153018579	14000
9	3	0.750000000000	0.250000000000	2	0.425175000000	0.000000000000	0.036211609404	0.000000000000	30000
9	3	0.750000000000	0.250000000000	3	0.000000000000	0.413700000000	0.000000000000	0.026731761765	26000
9	3	0.750000000000	0.250000000000	4	0.000000000000	0.421112500000	0.000000000000	0.034409884247	30000
9	3	0.750000000000	0.250000000000	5	0.000000000000	0.411350000000	0.000000000000	0.034594063786	12000
9	4	0.750000000000	0.325000000000	1	0.302375000000	0.181362500000	0.060422038179	0.062533673361	6000
9	4	0.750000000000	0.325000000000	2	0.000000000000	0.427312500000	0.000000000000	0.033787204219	30000
9	4	0.750000000000	0.325000000000	3	0.000000000000	0.448937500000	0.000000000000	0.032693213209	18000
9	4	0.750000000000	0.325000000000	4	0.000000000000	0.418825000000	0.000000000000	0.029988851365	12000
9	4	0.750000000000	0.325000000000	5	0.000000000000	0.432450000000	0.000000000000	0.034718732557	30000
9	5	0.750000000000	0.412500000000	1	0.454562500000	0.000000000000	0.033812655018	0.000000000000	26000
9	5	0.750000000000	0.412500000000	2	0.000000000000	0.391137500000	0.000000000000	0.026963435809	30000
9	5	0.750000000000	0.412500000000	3	0.430200000000	0.000000000000	0.032595397834	0.000000000000	18000
9	5	0.750000000000	0.412500000000	4	0.444625000000	0.000000000000	0.035104724991	0.000000000000	8000
9	5	0.750000000000	0.412500000000	5	0.000000000000	0.410650000000	0.000000000000	0.043022417743	14000
9	6	0.750000000000	0.500000000000	1	0.463625000000	0.000000000000	0.034199290438	0.000000000000	12000
9	6	0.750000000000	0.500000000000	2	0.000000000000	0.440687500000	0.000000000000	0.039745449985	30000
9	6	0.750000000000	0.500000000000	3	0.477362500000	0.000000000000	0.034124614768	0.000000000000	28000
9	6	0.750000000000	0.500000000000	4	0.420787500000	0.000000000000	0.028593770256	0.000000000000	16000
9	6	0.750000000000	0.500000000000	5	0.000000000000	0.416750000000	0.000000000000	0.034067551983	16000
9	7	0.750000000000	0.575000000000	1	0.000000000000	0.417337500000	0.000000000000	0.035024728055	18000
9	7	0.750000000000	0.575000000000	2	0.456912500000	0.000000000000	0.031985687079	0.000000000000	22000
9	7	0.750000000000	0.575000000000	3	0.000000000000	0.395312500000	0.000000000000	0.025069894163	26000
9	7	0.750000000000	0.575000000000	4	0.000000000000	0.403762500000	0.000000000000	0.028305052902	28000
9	7	0.750000000000	0.575000000000	5	0.446625000000	0.000000000000	0.029316699061	0.000000000000	30000
9	8	0.750000000000	0.662500000000	1	0.445312500000	0.000000000000	0.032295147783	0.000000000000	30000
9	8	0.750000000000	0.662500000000	2	0.000000000000	0.460462500000	0.000000000000	0.046057041751	28000
9	8	0.750000000000	0.662500000000	3	0.000000000000	0.410562500000	0.000000000000	0.028669003392	12000
9	8	0.750000000000	0.662500000000	4	0.445225000000	0.000000000000	0.037456339281	0.000000000000	30000
9	8	0.750000000000	0.662500000000	5	0.451100000000	0.000000000000	0.032290016184	0.000000000000	8000
9	9	0.750000000000	0.750000000000	1	0.000000000000	0.407687500000	0.000000000000	0.038255189887	30000
9	9	0.750000000000	0.750000000000	2	0.000000000000	0.401225000000	0.000000000000	0.035856974184	30000
9	9	0.750000000000	0.750000000000	3	0.000000000000	0.441112500000	0.000000000000	0.033858196515	22000
9	9	0.750000000000	0.750000000000	4	0.000000000000	0.439012500000	0.000000000000	0.022077556755	30000
9	9	0.750000000000	0.750000000000	5	0.423187500000	0.000000000000	0.028769754822	0.000000000000	18000
9	10	0.750000000000	0.825000000000	1	0.000000000000	0.393587500000	0.000000000000	0.030837064035	10000
9	10	0.750000000000	0.825000000000	2	0.000000000000	0.421500000000	0.000000000000	0.044830344185	30000
9	10	0.750000000000	0.825000000000	3	0.000000000000	0.451000000000	0.000000000000	0.037551266258	28000
9	10	0.750000000000	0.825000000000	4	0.000000000000	0.438925000000	0.000000000000	0.035657093310	10000
9	10	0.750000000000	0.825000000000	5	0.000000000000	0.404975000000	0.000000000000	0.033649950880	30000
9	11	0.750000000000	0.912500000000	1	0.000000000000	0.432487500000	0.000000000000	0.039266849622	30000
9	11	0.750000000000	0.912500000000	2	0.000000000000	0.432562500000	0.000000000000	0.030142344047	14000
9	11	0.750000000000	0.912500000000	3	0.193212500000	0.359687500000	0.060336880371	0.049806267256	10000
9	11	0.750000000000	0.912500000000	4	0.000000000000	0.427387500000	0.000000000000	0.036672380032	30000
9	11	0.750000000000	0.912500000000	5	0.455250000000	0.000000000000	0.035012152902	0.000000000000	30000
9	12	0.750000000000	1.000000000000	1	0.037875000000	1.000000000000	0.012809604247	0.000000000000	18000
9	12	0.750000000000	1.000000000000	2	0.000000000000	1.000000000000	0.000000000000	0.000000000000	8000
9	12	0.750000000000	1.000000000000	3	0.046275000000	1.000000000000	0.017902719972	0.000000000000	6000
9	12	0.750000000000	1.000000000000	4	0.039325000000	1.000000000000	0.019304586037	0.000000000000	8000
9	12	0.750000000000	1.000000000000	5	0.030287500000	1.000000000000	0.015878861168	0.000000000000	30000
10	0	0.825000000000	0.000000000000	1	0.445125000000	0.000000000000	0.039764973634	0.000000000000	12000
10	0	0.825000000000	0.000000000000	2	0.445712500000	0.000000000000	0.028670029025	0.000000000000	10000
10	0	0.825000000000	0.000000000000	3	0.421300000000	0.000000000000	0.026724739694	0.000000000000	14000
10	0	0.825000000000	0.000000000000	4	0.450862500000	0.000000000000	0.033799848720	0.000000000000	14000
10	0	0.825000000000	0.000000000000	5	0.439975000000	0.000000000000	0.030276493209	0.000000000000	30000
10	1	0.825000000000	0.075000000000	1	0.000000000000	0.429112500000	0.000000000000	0.034844586940	22000
10	1	0.825000000000	0.075000000000	2	0.000000000000	0.408475000000	0.000000000000	0.036744380856	30000
10	1	0.825000000000	0.075000000000	3	0.000000000000	0.411787500000	0.000000000000	0.039377330635	30000
10	1	0.825000000000	0.075000000000	4	0.446800000000	0.000000000000	0.032713990970	0.000000000000	10000
10	1	0.825000000000	0.075000000000	5	0.437325000000	0.000000000000	0.033627186363	0.000000000000	18000
10	2	0.825000000000	0.162500000000	1	0.000000000000	0.420687500000	0.000000000000	0.032361912600	20000
10	2	0.825000000000	0.162500000000	2	0.432437500000	0.000000000000	0.026872373699	0.000000000000	8000
10	2	0.825000000000	0.162500000000	3	0.000000000000	0.430037500000	0.000000000000	0.038332417325	30000
10	2	0.825000000000	0.162500000000	4	0.448062500000	0.000000000000	0.028559683108	0.000000000000	6000
10	2	0.825000000000	0.162500000000	5	0.459062500000	0.000000000000	0.036533197482	0.000000000000	18000
10	3	0.825000000000	0.250000000000	1	0.442150000000	0.000000000000	0.033285476156	0.000000000000	30000
10	3	0.825000000000	0.250000000000	2	0.000000000000	0.412850000000	0.000000000000	0.035388979639	22000
10	3	0.825000000000	0.250000000000	3	0.000000000000	0.411875000000	0.000000000000	0.026990050719	30000
10	3	0.825000000000	0.250000000000	4	0.000000000000	0.431287500000	0.000000000000	0.028584360399	16000
10	3	0.825000000000	0.250000000000	5	0.000000000000	0.420525000000	0.000000000000	0.040335019385	26000
10	4	0.825000000000	0.325000000000	1	0.000000000000	0.414250000000	0.000000000000	0.033971002767	12000
10	4	0.825000000000	0.325000000000	2	0.000000000000	0.432912500000	0.000000000000	0.031914998996	16000
10	4	0.825000000000	0.325000000000	3	0.434662500000	0.000000000000	0.021221868708	0.000000000000	26000
10	4	0.825000000000	0.325000000000	4	0.440325000000	0.000000000000	0.025978486422	0.000000000000	30000
10	4	0.825000000000	0.325000000000	5	0.000000000000	0.411612500000	0.000000000000	0.032908229143	22000
10	5	0.825000000000	0.412500000000	1	0.426350000000	0.000000000000	0.031251466432	0.000000000000	30000
10	5	0.825000000000	0.412500000000	2	0.000000000000	0.439437500000	0.000000000000	0.028223641113	26000
10	5	0.825000000000	0.412500000000	3	0.000000000000	0.435975000000	0.000000000000	0.034597635344	18000
10	5	0.825000000000	0.412500000000	4	0.000000000000	0.444850000000	0.000000000000	0.026186365264	30000
10	5	0.825000000000	0.412500000000	5	0.000000000000	0.434112500000	0.000000000000	0.033421334194	30000
10	6	0.825000000000	0.500000000000	1	0.000000000000	0.453275000000	0.000000000000	0.038452118803	14000
10	6	0.825000000000	0.500000000000	2	0.000000000000	0.403662500000	0.000000000000	0.035202721135	20000
10	6	0.825000000000	0.500000000000	3	0.467587500000	0.000000000000	0.028527836076	0.000000000000	12000
10	6	0.825000000000	0.500000000000	4	0.433037500000	0.000000000000	0.024216808162	0.000000000000	20000
10	6	0.825000000000	0.500000000000	5	0.000000000000	0.423625000000	0.000000000000	0.026770104847	10000
10	7	0.825000000000	0.575000000000	1	0.000000000000	0.406787500000	0.000000000000	0.035293685526	26000
10	7	0.825000000000	0.575000000000	2	0.000000000000	0.435937500000	0.000000000000	0.035278668175	30000
10	7	0.825000000000	0.575000000000	3	0.000000000000	0.430150000000	0.000000000000	0.045900265079	28000
10	7	0.825000000000	0.575000000000	4	0.000000000000	0.414950000000	0.000000000000	0.039905700908	12000
10	7	0.825000000000	0.575000000000	5	0.000000000000	0.400450000000	0.000000000000	0.035493764344	14000
10	8	0.825000000000	0.662500000000	1	0.000000000000	0.413175000000	0.000000000000	0.034921539040	26000
10	8	0.825000000000	0.662500000000	2	0.000000000000	0.415737500000	0.000000000000	0.031469869660	22000
10	8	0.825000000000	0.662500000000	3	0.424600000000	0.000000000000	0.034678597219	0.000000000000	24000
10	8	0.825000000000	0.662500000000	4	0.202800000000	0.254875000000	0.056352889439	0.067213294831	30000
10	8	0.825000000000	0.662500000000	5	0.000000000000	0.433112500000	0.000000000000	0.031667750791	16000
10	9	0.825000000000	0.750000000000	1	0.000000000000	0.432900000000	0.000000000000	0.031526122445	14000
10	9	0.825000000000	0.750000000000	2	0.000000000000	0.428800000000	0.000000000000	0.041083730026	30000
10	9	0.825000000000	0.750000000000	3	0.455312500000	0.000000000000	0.027825714081	0.000000000000	16000
10	9	0.825000000000	0.750000000000	4	0.000000000000	0.438562500000	0.000000000000	0.032674071352	30000
10	9	0.825000000000	0.750000000000	5	0.000000000000	0.397837500000	0.000000000000	0.036140849530	8000
10	10	0.825000000000	0.825000000000	1	0.000000000000	0.418062500000	0.000000000000	0.035621921130	16000
10	10	0.825000000000	0.825000000000	2	0.000000000000	0.416900000000	0.000000000000	0.037706090347	18000
10	10	0.825000000000	0.825000000000	3	0.000000000000	0.418037500000	0.000000000000	0.032795852050	20000
10	10	0.825000000000	0.825000000000	4	0.455625000000	0.000000000000	0.026862258951	0.000000000000	8000
10	10	0.825000000000	0.825000000000	5	0.000000000000	0.453375000000	0.000000000000	0.036711982303	28000
10	11	0.825000000000	0.912500000000	1	0.000000000000	0.427175000000	0.000000000000	0.035951347323	10000
10	11	0.825000000000	0.912500000000	2	0.000000000000	0.409450000000	0.000000000000	0.034704493973	28000
10	11	0.825000000000	0.912500000000	3	0.430712500000	0.000000000000	0.041039100886	0.000000000000	22000
10	11	0.825000000000	0.912500000000	4	0.000000000000	0.431237500000	0.000000000000	0.039469072087	30000
10	11	0.825000000000	0.912500000000	5	0.444112500000	0.000000000000	0.034037143254	0.000000000000	10000
10	12	0.825000000000	1.000000000000	1	0.000000000000	1.000000000000	0.000000000000	0.000000000000	6000
10	12	0.825000000000	1.000000000000	2	0.000000000000	1.000000000000	0.000000000000	0.000000000000	6000
10	12	0.825000000000	1.000000000000	3	0.000000000000	1.000000000000	0.000000000000	0.000000000000	8000
10	12	0.825000000000	1.000000000000	4	0.032400000000	1.000000000000	0.015232679821	0.000000000000	24000
10	12	0.825000000000	1.000000000000	5	0.033937500000	1.000000000000	0.015397302383	0.000000000000	8000
11	0	0.912500000000	0.000000000000	1	0.458375000000	0.000000000000	0.031467834365	0.000000000000	4000
11	0	0.912500000000	0.000000000000	2	0.448487500000	0.000000000000	0.030624646328	0.000000000000	8000
11	0	0.912500000000	0.000000000000	3	0.417937500000	0.000000000000	0.030382156263	0.000000000000	30000
11	0	0.912500000000	0.000000000000	4	0.436612500000	0.000000000000	0.030999266899	0.000000000000	22000
11	0	0.912500000000	0.000000000000	5	0.451250000000	0.000000000000	0.024589981032	0.000000000000	12000
11	1	0.912500000000	0.075000000000	1	0.000000000000	0.407337500000	0.000000000000	0.038356564886	12000
11	1	0.912500000000	0.075000000000	2	0.447850000000	0.000000000000	0.035896253858	0.000000000000	14000
11	1	0.912500000000	0.075000000000	3	0.000000000000	0.411425000000	0.000000000000	0.032522524342	26000
11	1	0.912500000000	0.075000000000	4	0.000000000000	0.400550000000	0.000000000000	0.044007205480	30000
11	1	0.912500000000	0.075000000000	5	0.441525000000	0.000000000000	0.038102672986	0.000000000000	26000
11	2	0.912500000000	0.162500000000	1	0.000000000000	0.422287500000	0.000000000000	0.030009567940	20000
11	2	0.912500000000	0.162500000000	2	0.000000000000	0.434700000000	0.000000000000	0.027671975684	14000
11	2	0.912500000000	0.162500000000	3	0.436625000000	0.000000000000	0.027771489528	0.000000000000	12000
11	2	0.912500000000	0.162500000000	4	0.000000000000	0.405375000000	0.000000000000	0.030431857863	8000
11	2	0.912500000000	0.162500000000	5	0.421037500000	0.000000000000	0.033070735058	0.000000000000	24000
11	3	0.912500000000	0.250000000000	1	0.000000000000	0.451512500000	0.000000000000	0.032488252959	16000
11	3	0.912500000000	0.250000000000	2	0.000000000000	0.391987500000	0.000000000000	0.023270100802	30000
11	3	0.912500000000	0.250000000000	3	0.000000000000	0.417925000000	0.000000000000	0.036379325589	26000
11	3	0.912500000000	0.250000000000	4	0.240487500000	0.251925000000	0.070781290500	0.071097022875	14000
11	3	0.912500000000	0.250000000000	5	0.419650000000	0.000000000000	0.041219097686	0.000000000000	26000
11	4	0.912500000000	0.325000000000	1	0.000000000000	0.424637500000	0.000000000000	0.035703460348	14000
11	4	0.912500000000	0.325000000000	2	0.263275000000	0.231487500000	0.035448462145	0.058472109431	30000
11	4	0.912500000000	0.325000000000	3	0.443562500000	0.000000000000	0.029915251395	0.000000000000	30000
11	4	0.912500000000	0.325000000000	4	0.433650000000	0.000000000000	0.036110683758	0.000000000000	22000
11	4	0.912500000000	0.325000000000	5	0.468162500000	0.000000000000	0.038538325681	0.000000000000	16000
11	5	0.912500000000	0.412500000000	1	0.000000000000	0.441550000000	0.000000000000	0.032388601722	30000
11	5	0.912500000000	0.412500000000	2	0.000000000000	0.425012500000	0.000000000000	0.040519105267	20000
11	5	0.912500000000	0.412500000000	3	0.000000000000	0.429312500000	0.000000000000	0.029510455108	30000
11	5	0.912500000000	0.412500000000	4	0.254837500000	0.241675000000	0.085932833047	0.089774042762	20000
11	5	0.912500000000	0.412500000000	5	0.000000000000	0.409575000000	0.000000000000	0.029656557224	22000
11	6	0.912500000000	0.500000000000	1	0.446725000000	0.000000000000	0.033378713479	0.000000000000	30000
11	6	0.912500000000	0.500000000000	2	0.429175000000	0.000000000000	0.028857878511	0.000000000000	18000
11	6	0.912500000000	0.500000000000	3	0.460662500000	0.000000000000	0.040796834748	0.000000000000	26000
11	6	0.912500000000	0.500000000000	4	0.436287500000	0.000000000000	0.030525487697	0.000000000000	30000
11	6	0.912500000000	0.500000000000	5	0.431812500000	0.000000000000	0.027089757265	0.000000000000	30000
11	7	0.912500000000	0.575000000000	1	0.462137500000	0.000000000000	0.027508527093	0.000000000000	26000
11	7	0.912500000000	0.575000000000	2	0.219500000000	0.257087500000	0.069513179197	0.062802709130	12000
11	7	0.912500000000	0.575000000000	3	0.000000000000	0.439662500000	0.000000000000	0.034678811452	22000
11	7	0.912500000000	0.575000000000	4	0.000000000000	0.420700000000	0.000000000000	0.030242554656	28000
11	7	0.912500000000	0.575000000000	5	0.482162500000	0.000000000000	0.040126705524	0.000000000000	20000
11	8	0.912500000000	0.662500000000	1	0.000000000000	0.425237500000	0.000000000000	0.024477264558	12000
11	8	0.912500000000	0.662500000000	2	0.000000000000	0.448612500000	0.000000000000	0.034659881724	30000
11	8	0.912500000000	0.662500000000	3	0.000000000000	0.427162500000	0.000000000000	0.032190115677	24000
11	8	0.912500000000	0.662500000000	4	0.440512500000	0.000000000000	0.033340180885	0.000000000000	30000
11	8	0.912500000000	0.662500000000	5	0.000000000000	0.446600000000	0.000000000000	0.034094206471	30000
11	9	0.912500000000	0.750000000000	1	0.000000000000	0.407375000000	0.000000000000	0.033440845760	30000
11	9	0.912500000000	0.750000000000	2	0.000000000000	0.440462500000	0.000000000000	0.028804679365	30000
11	9	0.912500000000	0.750000000000	3	0.000000000000	0.420350000000	0.000000000000	0.044286298968	30000
11	9	0.912500000000	0.750000000000	4	0.000000000000	0.446750000000	0.000000000000	0.039099600750	30000
11	9	0.912500000000	0.750000000000	5	0.432750000000	0.000000000000	0.035959777608	0.000000000000	12000
11	10	0.912500000000	0.825000000000	1	0.457325000000	0.000000000000	0.037440735619	0.000000000000	30000
11	10	0.912500000000	0.825000000000	2	0.000000000000	0.420875000000	0.000000000000	0.026568359994	8000
11	10	0.912500000000	0.825000000000	3	0.000000000000	0.416337500000	0.000000000000	0.028410816924	16000
11	10	0.912500000000	0.825000000000	4	0.000000000000	0.424300000000	0.000000000000	0.033750356836	24000
11	10	0.912500000000	0.825000000000	5	0.000000000000	0.419912500000	0.000000000000	0.032916288913	10000
11	11	0.912500000000	0.912500000000	1	0.236325000000	0.271700000000	0.056385270006	0.059543832325	10000
11	11	0.912500000000	0.912500000000	2	0.430287500000	0.000000000000	0.037074392839	0.000000000000	30000
11	11	0.912500000000	0.912500000000	3	0.444875000000	0.000000000000	0.030382478009	0.000000000000	30000
11	11	0.912500000000	0.912500000000	4	0.435312500000	0.000000000000	0.031934752577	0.000000000000	30000
11	11	0.912500000000	0.912500000000	5	0.432937500000	0.000000000000	0.029419684934	0.000000000000	14000
11	12	0.912500000000	1.000000000000	1	0.034962500000	1.000000000000	0.015528875997	0.000000000000	14000
11	12	0.912500000000	1.000000000000	2	0.038262500000	1.000000000000	0.017406976952	0.000000000000	10000
11	12	0.912500000000	1.000000000000	3	0.043787500000	1.000000000000	0.019016051219	0.000000000000	8000
11	12	0.912500000000	1.000000000000	4	0.033712500000	1.000000000000	0.016359744344	0.000000000000	12000
11	12	0.912500000000	1.000000000000	5	0.000000000000	1.000000000000	0.000000000000	0.000000000000	6000
12	0	1.000000000000	0.000000000000	1	1.000000000000	0.000000000000	0.000000000000	0.000000000000	4000
12	0	1.000000000000	0.000000000000	2	1.000000000000	0.000000000000	0.000000000000	0.000000000000	4000
12	0	1.000000000000	0.000000000000	3	1.000000000000	0.000000000000	0.000000000000	0.000000000000	4000
12	0	1.000000000000	0.000000000000	4	1.000000000000	0.000000000000	0.000000000000	0.000000000000	4000
12	0	1.000000000000	0.000000000000	5	1.000000000000	0.000000000000	0.000000000000	0.000000000000	4000
12	1	1.000000000000	0.075000000000	1	1.000000000000	0.000000000000	0.000000000000	0.000000000000	6000
12	1	1.000000000000	0.075000000000	2	1.000000000000	0.000000000000	0.000000000000	0.000000000000	6000
12	1	1.000000000000	0.075000000000	3	1.000000000000	0.000000000000	0.000000000000	0.000000000000	6000
12	1	1.000000000000	0.075000000000	4	1.000000000000	0.030862500000	0.000000000000	0.015085669398	8000
12	1	1.000000000000	0.075000000000	5	1.000000000000	0.000000000000	0.000000000000	0.000000000000	6000
12	2	1.000000000000	0.162500000000	1	1.000000000000	0.000000000000	0.000000000000	0.000000000000	6000
12	2	1.000000000000	0.162500000000	2	1.000000000000	0.000000000000	0.000000000000	0.000000000000	6000
12	2	1.000000000000	0.162500000000	3	1.000000000000	0.000000000000	0.000000000000	0.000000000000	6000
12	2	1.000000000000	0.162500000000	4	1.000000000000	0.036500000000	0.000000000000	0.014806053465	4000
12	2	1.000000000000	0.162500000000	5	1.000000000000	0.000000000000	0.000000000000	0.000000000000	6000
12	3	1.000000000000	0.250000000000	1	1.000000000000	0.000000000000	0.000000000000	0.000000000000	6000
12	3	1.000000000000	0.250000000000	2	1.000000000000	0.000000000000	0.000000000000	0.000000000000	6000
12	3	1.000000000000	0.250000000000	3	1.000000000000	0.000000000000	0.000000000000	0.000000000000	6000
12	3	1.000000000000	0.250000000000	4	1.000000000000	0.000000000000	0.000000000000	0.000000000000	6000
12	3	1.000000000000	0.250000000000	5	1.000000000000	0.000000000000	0.000000000000	0.000000000000	6000
12	4	1.000000000000	0.325000000000	1	1.000000000000	0.000000000000	0.000000000000	0.000000000000	6000
12	4	1.000000000000	0.325000000000	2	1.000000000000	0.000000000000	0.000000000000	0.000000000000	6000
12	4	1.000000000000	0.325000000000	3	1.000000000000	0.000000000000	0.000000000000	0.000000000000	6000
12	4	1.000000000000	0.325000000000	4	1.000000000000	0.000000000000	0.000000000000	0.000000000000	6000
12	4	1.000000000000	0.325000000000	5	1.000000000000	0.000000000000	0.000000000000	0.000000000000	6000
12	5	1.000000000000	0.412500000000	1	1.000000000000	0.000000000000	0.000000000000	0.000000000000	8000
12	5	1.000000000000	0.412500000000	2	1.000000000000	0.000000000000	0.000000000000	0.000000000000	6000
12	5	1.000000000000	0.412500000000	3	1.000000000000	0.033812500000	0.000000000000	0.020327858116	14000
12	5	1.000000000000	0.412500000000	4	1.000000000000	0.000000000000	0.000000000000	0.000000000000	6000
12	5	1.000000000000	0.412500000000	5	1.000000000000	0.000000000000	0.000000000000	0.000000000000	6000
12	6	1.000000000000	0.500000000000	1	1.000000000000	0.000000000000	0.000000000000	0.000000000000	6000
12	6	1.000000000000	0.500000000000	2	1.000000000000	0.030650000000	0.000000000000	0.013969525677	8000
12	6	1.000000000000	0.500000000000	3	1.000000000000	0.000000000000	0.000000000000	0.000000000000	6000
12	6	1.000000000000	0.500000000000	4	1.000000000000	0.038112500000	0.000000000000	0.018510097716	8000
12	6	1.000000000000	0.500000000000	5	1.000000000000	0.000000000000	0.000000000000	0.000000000000	8000
12	7	1.000000000000	0.575000000000	1	1.000000000000	0.000000000000	0.000000000000	0.000000000000	6000
12	7	1.000000000000	0.575000000000	2	1.000000000000	0.000000000000	0.000000000000	0.000000000000	6000
12	7	1.000000000000	0.575000000000	3	1.000000000000	0.000000000000	0.000000000000	0.000000000000	12000
12	7	1.000000000000	0.575000000000	4	1.000000000000	0.000000000000	0.000000000000	0.000000000000	6000
12	7	1.000000000000	0.575000000000	5	1.000000000000	0.000000000000	0.000000000000	0.000000000000	12000
12	8	1.000000000000	0.662500000000	1	1.000000000000	0.000000000000	0.000000000000	0.000000000000	6000
12	8	1.000000000000	0.662500000000	2	1.000000000000	0.000000000000	0.000000000000	0.000000000000	22000
12	8	1.000000000000	0.662500000000	3	1.000000000000	0.000000000000	0.000000000000	0.000000000000	16000
12	8	1.000000000000	0.662500000000	4	1.000000000000	0.000000000000	0.000000000000	0.000000000000	10000
12	8	1.000000000000	0.662500000000	5	1.000000000000	0.000000000000	0.000000000000	0.000000000000	12000
12	9	1.000000000000	0.750000000000	1	1.000000000000	0.037275000000	0.000000000000	0.018018019426	12000
12	9	1.000000000000	0.750000000000	2	1.000000000000	0.049225000000	0.000000000000	0.017446812496	14000
12	9	1.000000000000	0.750000000000	3	1.000000000000	0.000000000000	0.000000000000	0.000000000000	10000
12	9	1.000000000000	0.750000000000	4	1.000000000000	0.030537500000	0.000000000000	0.013896868954	6000
12	9	1.000000000000	0.750000000000	5	1.000000000000	0.000000000000	0.000000000000	0.000000000000	6000
12	10	1.000000000000	0.825000000000	1	1.000000000000	0.000000000000	0.000000000000	0.000000000000	30000
12	10	1.000000000000	0.825000000000	2	1.000000000000	0.000000000000	0.000000000000	0.000000000000	10000
12	10	1.000000000000	0.825000000000	3	1.000000000000	0.000000000000	0.000000000000	0.000000000000	6000
12	10	1.000000000000	0.825000000000	4	1.000000000000	0.000000000000	0.000000000000	0.000000000000	6000
12	10	1.000000000000	0.825000000000	5	1.000000000000	0.000000000000	0.000000000000	0.000000000000	6000
12	11	1.000000000000	0.912500000000	1	1.000000000000	0.000000000000	0.000000000000	0.000000000000	16000
12	11	1.000000000000	0.912500000000	2	1.000000000000	0.000000000000	0.000000000000	0.000000000000	10000
12	11	1.000000000000	0.912500000000	3	1.000000000000	0.044900000000	0.000000000000	0.019605467971	8000
12	11	1.000000000000	0.912500000000	4	1.000000000000	0.000000000000	0.000000000000	0.000000000000	12000
12	11	1.000000000000	0.912500000000	5	1.000000000000	0.000000000000	0.000000000000	0.000000000000	6000
12	12	1.000000000000	1.000000000000	1	1.000000000000	1.000000000000	0.000000000000	0.000000000000	4000
12	12	1.000000000000	1.000000000000	2	1.000000000000	1.000000000000	0.000000000000	0.000000000000	4000
12	12	1.000000000000	1.000000000000	3	1.000000000000	1.000000000000	0.000000000000	0.000000000000	4000
12	12	1.000000000000	1.000000000000	4	1.000000000000	1.000000000000	0.000000000000	0.000000000000	4000
12	12	1.000000000000	1.000000000000	5	1.000000000000	1.000000000000	0.000000000000	0.000000000000	4000
