# scan initial plane
# b 1.15
# r 0
# e -0.4
# p12 0.2
# ndiv 8
# n_reps 3
# A:(0,1),	A':(0,0.533),	B:(1,0),	B'=(0.533,0),	C:(1,1),	D:(0,0),	E:(0.308,0.308) 
# columns: ix iy x1_0 x2_0 rep x1_inf x2_inf sigma_1 sigma_2 t_relax
0	0	0.000000000000	0.000000000000	1	0.000000000000	0.000000000000	0.000000000000	0.000000000000	4000
0	0	0.000000000000	0.000000000000	2	0.000000000000	0.000000000000	0.000000000000	0.000000000000	4000
0	0	0.000000000000	0.000000000000	3	0.000000000000	0.000000000000	0.000000000000	0.000000000000	4000
0	1	0.000000000000	0.124000000000	1	0.000000000000	0.680660000000	0.000000000000	0.011097366875	14000
0	1	0.000000000000	0.124000000000	2	0.000000000000	0.676990000000	0.000000000000	0.013495407590	14000
0	1	0.000000000000	0.124000000000	3	0.000000000000	0.670606000000	0.000000000000	0.010336711838	6000
0	2	0.000000000000	0.250000000000	1	0.000000000000	0.681742000000	0.000000000000	0.009898455203	12000
0	2	0.000000000000	0.250000000000	2	0.000000000000	0.667058000000	0.000000000000	0.009559080082	40000
0	2	0.000000000000	0.250000000000	3	0.000000000000	0.674208000000	0.000000000000	0.012880164387	76000
0	3	0.000000000000	0.374000000000	1	0.000000000000	0.682364000000	0.000000000000	0.010976519849	68000
0	3	0.000000000000	0.374000000000	2	0.000000000000	0.677592000000	0.000000000000	0.010606886539	14000
0	3	0.000000000000	0.374000000000	3	0.000000000000	0.657990000000	0.000000000000	0.009385306814	72000
0	4	0.000000000000	0.500000000000	1	0.000000000000	0.692736000000	0.000000000000	0.011807697732	10000
0	4	0.000000000000	0.500000000000	2	0.000000000000	0.694682000000	0.000000000000	0.012099143162	16000
0	4	0.000000000000	0.500000000000	3	0.000000000000	0.679600000000	0.000000000000	0.011748788620	10000
0	5	0.000000000000	0.624000000000	1	0.000000000000	0.653328000000	0.000000000000	0.010497362079	8000
0	5	0.000000000000	0.624000000000	2	0.000000000000	0.684096000000	0.000000000000	0.008452587192	8000
0	5	0.000000000000	0.624000000000	3	0.000000000000	0.680656000000	0.000000000000	0.011197457169	32000
0	6	0.000000000000	0.750000000000	1	0.000000000000	0.692006000000	0.000000000000	0.010471371143	10000
0	6	0.000000000000	0.750000000000	2	0.000000000000	0.672202000000	0.000000000000	0.011000190917	10000
0	6	0.000000000000	0.750000000000	3	0.000000000000	0.678404000000	0.000000000000	0.010505005433	10000
0	7	0.000000000000	0.874000000000	1	0.000000000000	0.663980000000	0.000000000000	0.009795486285	78000
0	7	0.000000000000	0.874000000000	2	0.000000000000	0.676686000000	0.000000000000	0.008168728918	8000
0	7	0.000000000000	0.874000000000	3	0.000000000000	0.669762000000	0.000000000000	0.011630417990	26000
0	8	0.000000000000	1.000000000000	1	0.000000000000	1.000000000000	0.000000000000	0.000000000000	4000
0	8	0.000000000000	1.000000000000	2	0.000000000000	1.000000000000	0.000000000000	0.000000000000	4000
0	8	0.000000000000	1.000000000000	3	0.000000000000	1.000000000000	0.000000000000	0.000000000000	4000
