# scan initial plane
# b 1.15
# r 0
# e -0.4
# p12 0.2
# ndiv 12
# n_reps 5
# A:(0,1),	A':(0,0.533),	B:(1,0),	B'=(0.533,0),	C:(1,1),	D:(0,0),	E:(0.308,0.308) 
# columns: ix iy x1_0 x2_0 rep x1_inf x2_inf sigma_1 sigma_2 t_relax
10	0	0.800000000000	0.000000000000	1	0.000000000000	0.000000000000	0.000000000000	0.000000000000	6000
10	0	0.800000000000	0.000000000000	2	0.000000000000	0.000000000000	0.000000000000	0.000000000000	6000
10	0	0.800000000000	0.000000000000	3	0.000000000000	0.000000000000	0.000000000000	0.000000000000	6000
10	0	0.800000000000	0.000000000000	4	0.000000000000	0.000000000000	0.000000000000	0.000000000000	6000
10	0	0.800000000000	0.000000000000	5	0.000000000000	0.000000000000	0.000000000000	0.000000000000	6000
10	1	0.800000000000	0.050000000000	1	0.000000000000	0.000000000000	0.000000000000	0.000000000000	6000
10	1	0.800000000000	0.050000000000	2	0.000000000000	0.000000000000	0.000000000000	0.000000000000	6000
10	1	0.800000000000	0.050000000000	3	0.000000000000	0.000000000000	0.000000000000	0.000000000000	8000
10	1	0.800000000000	0.050000000000	4	0.000000000000	0.000000000000	0.000000000000	0.000000000000	6000
10	1	0.800000000000	0.050000000000	5	0.000000000000	0.000000000000	0.000000000000	0.000000000000	6000
10	2	0.800000000000	0.150000000000	1	0.000000000000	0.000000000000	0.000000000000	0.000000000000	6000
10	2	0.800000000000	0.150000000000	2	0.000000000000	0.000000000000	0.000000000000	0.000000000000	6000
10	2	0.800000000000	0.150000000000	3	0.000000000000	0.000000000000	0.000000000000	0.000000000000	6000
10	2	0.800000000000	0.150000000000	4	0.000000000000	0.000000000000	0.000000000000	0.000000000000	6000
10	2	0.800000000000	0.150000000000	5	0.000000000000	0.000000000000	0.000000000000	0.000000000000	6000
10	3	0.800000000000	0.250000000000	1	0.000000000000	0.000000000000	0.000000000000	0.000000000000	6000
10	3	0.800000000000	0.250000000000	2	0.000000000000	0.000000000000	0.000000000000	0.000000000000	6000
10	3	0.800000000000	0.250000000000	3	0.000000000000	0.000000000000	0.000000000000	0.000000000000	8000
10	3	0.800000000000	0.250000000000	4	0.000000000000	0.000000000000	0.000000000000	0.000000000000	6000
10	3	0.800000000000	0.250000000000	5	0.000000000000	0.000000000000	0.000000000000	0.000000000000	6000
10	4	0.800000000000	0.300000000000	1	0.000000000000	0.000000000000	0.000000000000	0.000000000000	6000
10	4	0.800000000000	0.300000000000	2	0.000000000000	0.000000000000	0.000000000000	0.000000000000	8000
10	4	0.800000000000	0.300000000000	3	0.000000000000	0.000000000000	0.000000000000	0.000000000000	6000
10	4	0.800000000000	0.300000000000	4	0.000000000000	0.000000000000	0.000000000000	0.000000000000	6000
10	4	0.800000000000	0.300000000000	5	0.000000000000	0.000000000000	0.000000000000	0.000000000000	8000
10	5	0.800000000000	0.400000000000	1	0.000000000000	0.000000000000	0.000000000000	0.000000000000	8000
10	5	0.800000000000	0.400000000000	2	0.000000000000	0.000000000000	0.000000000000	0.000000000000	6000
10	5	0.800000000000	0.400000000000	3	0.000000000000	0.000000000000	0.000000000000	0.000000000000	6000
10	5	0.800000000000	0.400000000000	4	0.000000000000	0.000000000000	0.000000000000	0.000000000000	6000
10	5	0.800000000000	0.400000000000	5	0.000000000000	0.000000000000	0.000000000000	0.000000000000	6000
10	6	0.800000000000	0.500000000000	1	0.000000000000	0.000000000000	0.000000000000	0.000000000000	8000
10	6	0.800000000000	0.500000000000	2	0.000000000000	0.000000000000	0.000000000000	0.000000000000	6000
10	6	0.800000000000	0.500000000000	3	0.000000000000	0.000000000000	0.000000000000	0.000000000000	6000
10	6	0.800000000000	0.500000000000	4	0.000000000000	0.000000000000	0.000000000000	0.000000000000	6000
10	6	0.800000000000	0.500000000000	5	0.000000000000	0.000000000000	0.000000000000	0.000000000000	6000
10	7	0.800000000000	0.550000000000	1	0.000000000000	0.000000000000	0.000000000000	0.000000000000	8000
10	7	0.800000000000	0.550000000000	2	0.000000000000	0.000000000000	0.000000000000	0.000000000000	6000
10	7	0.800000000000	0.550000000000	3	0.000000000000	0.000000000000	0.000000000000	0.000000000000	6000
10	7	0.800000000000	0.550000000000	4	0.000000000000	0.000000000000	0.000000000000	0.000000000000	6000
10	7	0.800000000000	0.550000000000	5	0.000000000000	0.000000000000	0.000000000000	0.000000000000	8000
10	8	0.800000000000	0.650000000000	1	0.000000000000	0.000000000000	0.000000000000	0.000000000000	8000
10	8	0.800000000000	0.650000000000	2	0.000000000000	0.000000000000	0.000000000000	0.000000000000	6000
10	8	0.800000000000	0.650000000000	3	0.000000000000	0.000000000000	0.000000000000	0.000000000000	6000
10	8	0.800000000000	0.650000000000	4	0.000000000000	0.000000000000	0.000000000000	0.000000000000	8000
10	8	0.800000000000	0.650000000000	5	0.000000000000	0.000000000000	0.000000000000	0.000000000000	6000
10	9	0.800000000000	0.750000000000	1	0.000000000000	0.000000000000	0.000000000000	0.000000000000	6000
10	9	0.800000000000	0.750000000000	2	0.000000000000	0.000000000000	0.000000000000	0.000000000000	6000
10	9	0.800000000000	0.750000000000	3	0.000000000000	0.000000000000	0.000000000000	0.000000000000	6000
10	9	0.800000000000	0.750000000000	4	0.000000000000	0.000000000000	0.000000000000	0.000000000000	8000
10	9	0.800000000000	0.750000000000	5	0.000000000000	0.000000000000	0.000000000000	0.000000000000	6000
10	10	0.800000000000	0.800000000000	1	0.000000000000	0.000000000000	0.000000000000	0.000000000000	6000
10	10	0.800000000000	0.800000000000	2	0.000000000000	0.000000000000	0.000000000000	0.000000000000	6000
10	10	0.800000000000	0.800000000000	3	0.000000000000	0.000000000000	0.000000000000	0.000000000000	6000
10	10	0.800000000000	0.800000000000	4	0.000000000000	0.000000000000	0.000000000000	0.000000000000	8000
10	10	0.800000000000	0.800000000000	5	0.000000000000	0.000000000000	0.000000000000	0.000000000000	6000
10	11	0.800000000000	0.900000000000	1	0.000000000000	0.000000000000	0.000000000000	0.000000000000	6000
10	11	0.800000000000	0.900000000000	2	0.000000000000	0.000000000000	0.000000000000	0.000000000000	10000
10	11	0.800000000000	0.900000000000	3	0.000000000000	0.000000000000	0.000000000000	0.000000000000	6000
10	11	0.800000000000	0.900000000000	4	0.000000000000	0.000000000000	0.000000000000	0.000000000000	6000
10	11	0.800000000000	0.900000000000	5	0.000000000000	0.000000000000	0.000000000000	0.000000000000	6000
10	12	0.800000000000	1.000000000000	1	0.000000000000	1.000000000000	0.000000000000	0.000000000000	6000
10	12	0.800000000000	1.000000000000	2	0.000000000000	1.000000000000	0.000000000000	0.000000000000	6000
10	12	0.800000000000	1.000000000000	3	0.000000000000	1.000000000000	0.000000000000	0.000000000000	6000
10	12	0.800000000000	1.000000000000	4	0.000000000000	1.000000000000	0.000000000000	0.000000000000	8000
10	12	0.800000000000	1.000000000000	5	0.000000000000	1.000000000000	0.000000000000	0.000000000000	10000
11	0	0.900000000000	0.000000000000	1	0.000000000000	0.000000000000	0.000000000000	0.000000000000	6000
11	0	0.900000000000	0.000000000000	2	0.000000000000	0.000000000000	0.000000000000	0.000000000000	6000
11	0	0.900000000000	0.000000000000	3	0.000000000000	0.000000000000	0.000000000000	0.000000000000	6000
11	0	0.900000000000	0.000000000000	4	0.000000000000	0.000000000000	0.000000000000	0.000000000000	6000
11	0	0.900000000000	0.000000000000	5	0.000000000000	0.000000000000	0.000000000000	0.000000000000	6000
11	1	0.900000000000	0.050000000000	1	0.000000000000	0.000000000000	0.000000000000	0.000000000000	6000
11	1	0.900000000000	0.050000000000	2	0.000000000000	0.000000000000	0.000000000000	0.000000000000	6000
11	1	0.900000000000	0.050000000000	3	0.000000000000	0.000000000000	0.000000000000	0.000000000000	6000
11	1	0.900000000000	0.050000000000	4	0.000000000000	0.000000000000	0.000000000000	0.000000000000	6000
11	1	0.900000000000	0.050000000000	5	0.000000000000	0.000000000000	0.000000000000	0.000000000000	6000
11	2	0.900000000000	0.150000000000	1	0.000000000000	0.000000000000	0.000000000000	0.000000000000	6000
11	2	0.900000000000	0.150000000000	2	0.000000000000	0.000000000000	0.000000000000	0.000000000000	6000
11	2	0.900000000000	0.150000000000	3	0.000000000000	0.000000000000	0.000000000000	0.000000000000	6000
11	2	0.900000000000	0.150000000000	4	0.000000000000	0.000000000000	0.000000000000	0.000000000000	6000
11	2	0.900000000000	0.150000000000	5	0.000000000000	0.000000000000	0.000000000000	0.000000000000	6000
11	3	0.900000000000	0.250000000000	1	0.000000000000	0.000000000000	0.000000000000	0.000000000000	6000
11	3	0.900000000000	0.250000000000	2	0.000000000000	0.000000000000	0.000000000000	0.000000000000	6000
11	3	0.900000000000	0.250000000000	3	0.000000000000	0.000000000000	0.000000000000	0.000000000000	6000
11	3	0.900000000000	0.250000000000	4	0.000000000000	0.000000000000	0.000000000000	0.000000000000	6000
11	3	0.900000000000	0.250000000000	5	0.000000000000	0.000000000000	0.000000000000	0.000000000000	6000
11	4	0.900000000000	0.300000000000	1	0.000000000000	0.000000000000	0.000000000000	0.000000000000	8000
11	4	0.900000000000	0.300000000000	2	0.000000000000	0.000000000000	0.000000000000	0.000000000000	8000
11	4	0.900000000000	0.300000000000	3	0.000000000000	0.000000000000	0.000000000000	0.000000000000	6000
11	4	0.900000000000	0.300000000000	4	0.000000000000	0.000000000000	0.000000000000	0.000000000000	6000
11	4	0.900000000000	0.300000000000	5	0.000000000000	0.000000000000	0.000000000000	0.000000000000	6000
11	5	0.900000000000	0.400000000000	1	0.000000000000	0.000000000000	0.000000000000	0.000000000000	6000
11	5	0.900000000000	0.400000000000	2	0.000000000000	0.000000000000	0.000000000000	0.000000000000	6000
11	5	0.900000000000	0.400000000000	3	0.000000000000	0.000000000000	0.000000000000	0.000000000000	6000
11	5	0.900000000000	0.400000000000	4	0.000000000000	0.000000000000	0.000000000000	0.000000000000	6000
11	5	0.900000000000	0.400000000000	5	0.000000000000	0.000000000000	0.000000000000	0.000000000000	6000
11	6	0.900000000000	0.500000000000	1	0.000000000000	0.000000000000	0.000000000000	0.000000000000	6000
11	6	0.900000000000	0.500000000000	2	0.000000000000	0.000000000000	0.000000000000	0.000000000000	6000
11	6	0.900000000000	0.500000000000	3	0.000000000000	0.000000000000	0.000000000000	0.000000000000	6000
11	6	0.900000000000	0.500000000000	4	0.000000000000	0.000000000000	0.000000000000	0.000000000000	6000
11	6	0.900000000000	0.500000000000	5	0.000000000000	0.000000000000	0.000000000000	0.000000000000	6000
11	7	0.900000000000	0.550000000000	1	0.000000000000	0.000000000000	0.000000000000	0.000000000000	6000
11	7	0.900000000000	0.550000000000	2	0.000000000000	0.000000000000	0.000000000000	0.000000000000	6000
11	7	0.900000000000	0.550000000000	3	0.000000000000	0.000000000000	0.000000000000	0.000000000000	6000
11	7	0.900000000000	0.550000000000	4	0.000000000000	0.000000000000	0.000000000000	0.000000000000	6000
11	7	0.900000000000	0.550000000000	5	0.000000000000	0.000000000000	0.000000000000	0.000000000000	6000
11	8	0.900000000000	0.650000000000	1	0.000000000000	0.000000000000	0.000000000000	0.000000000000	6000
11	8	0.900000000000	0.650000000000	2	0.000000000000	0.000000000000	0.000000000000	0.000000000000	6000
11	8	0.900000000000	0.650000000000	3	0.000000000000	0.000000000000	0.000000000000	0.000000000000	6000
11	8	0.900000000000	0.650000000000	4	0.000000000000	0.000000000000	0.000000000000	0.000000000000	6000
11	8	0.900000000000	0.650000000000	5	0.000000000000	0.000000000000	0.000000000000	0.000000000000	6000
11	9	0.900000000000	0.750000000000	1	0.000000000000	0.000000000000	0.000000000000	0.000000000000	6000
11	9	0.900000000000	0.750000000000	2	0.000000000000	0.000000000000	0.000000000000	0.000000000000	6000
11	9	0.900000000000	0.750000000000	3	0.000000000000	0.000000000000	0.000000000000	0.000000000000	6000
11	9	0.900000000000	0.750000000000	4	0.000000000000	0.000000000000	0.000000000000	0.000000000000	6000
11	9	0.900000000000	0.750000000000	5	0.000000000000	0.000000000000	0.000000000000	0.000000000000	6000
11	10	0.900000000000	0.800000000000	1	0.000000000000	0.000000000000	0.000000000000	0.000000000000	6000
11	10	0.900000000000	0.800000000000	2	0.000000000000	0.000000000000	0.000000000000	0.000000000000	6000
11	10	0.900000000000	0.800000000000	3	0.000000000000	0.000000000000	0.000000000000	0.000000000000	6000
11	10	0.900000000000	0.800000000000	4	0.000000000000	0.000000000000	0.000000000000	0.000000000000	6000
11	10	0.900000000000	0.800000000000	5	0.000000000000	0.000000000000	0.000000000000	0.000000000000	6000
11	11	0.900000000000	0.900000000000	1	0.000000000000	0.000000000000	0.000000000000	0.000000000000	6000
11	11	0.900000000000	0.900000000000	2	0.000000000000	0.000000000000	0.000000000000	0.000000000000	6000
11	11	0.900000000000	0.900000000000	3	0.000000000000	0.000000000000	0.000000000000	0.000000000000	6000
11	11	0.900000000000	0.900000000000	4	0.000000000000	0.000000000000	0.000000000000	0.000000000000	6000
11	11	0.900000000000	0.900000000000	5	0.000000000000	1.000000000000	0.000000000000	0.000000000000	6000
11	12	0.900000000000	1.000000000000	1	0.000000000000	1.000000000000	0.000000000000	0.000000000000	6000
11	12	0.900000000000	1.000000000000	2	0.000000000000	1.000000000000	0.000000000000	0.000000000000	6000
11	12	0.900000000000	1.000000000000	3	0.000000000000	1.000000000000	0.000000000000	0.000000000000	8000
11	12	0.900000000000	1.000000000000	4	0.000000000000	1.000000000000	0.000000000000	0.000000000000	6000
11	12	0.900000000000	1.000000000000	5	0.000000000000	1.000000000000	0.000000000000	0.000000000000	8000
