# scan initial plane
# b 1.3
# r 0
# e -0.4
# N1 500
# N2 500
# P11 0.9
# p12 0.3
# P22 0.9
# T_MCS 1000
# T_MAX 50000
# W 2000
# UPDATE_RULE 2
# FERMI_BETA 1
# DEGREE_ALPHA 1
# DEGREE_FACTOR_MIN 0.333333333333
# DEGREE_FACTOR_MAX 3
# ndiv 10
# n_reps 5
# A:(0,1),	A':(0,0.400),	B:(1,0),	B'=(0.400,0),	C:(1,1),	D:(0,0),	E:(0.235,0.235) 
# columns: ix iy x1_0 x2_0 rep x1_inf x2_inf sigma_1 sigma_2 t_relax
8	0	0.800000000000	0.000000000000	1	0.417308000000	0.000000000000	0.006331605264	0.000000000000	26000
8	0	0.800000000000	0.000000000000	2	0.414422000000	0.000000000000	0.006481660893	0.000000000000	28000
8	0	0.800000000000	0.000000000000	3	0.414414000000	0.000000000000	0.006622118729	0.000000000000	8000
8	0	0.800000000000	0.000000000000	4	0.419606000000	0.000000000000	0.007771561050	0.000000000000	16000
8	0	0.800000000000	0.000000000000	5	0.417756000000	0.000000000000	0.005967249959	0.000000000000	30000
8	1	0.800000000000	0.100000000000	1	0.231752000000	0.233222000000	0.007882171314	0.007341158533	50000
8	1	0.800000000000	0.100000000000	2	0.225768000000	0.239750000000	0.011081018228	0.011678951062	50000
8	1	0.800000000000	0.100000000000	3	0.244774000000	0.227984000000	0.012614438079	0.011032019282	50000
8	1	0.800000000000	0.100000000000	4	0.232334000000	0.237990000000	0.011053625045	0.011902334459	50000
8	1	0.800000000000	0.100000000000	5	0.248060000000	0.224514000000	0.008890637966	0.007435259719	36000
8	2	0.800000000000	0.200000000000	1	0.224474000000	0.244166000000	0.012221320906	0.012257515682	50000
8	2	0.800000000000	0.200000000000	2	0.231626000000	0.237782000000	0.009374860640	0.010176248426	46000
8	2	0.800000000000	0.200000000000	3	0.231726000000	0.236026000000	0.017931270297	0.019223445707	50000
8	2	0.800000000000	0.200000000000	4	0.236178000000	0.231318000000	0.014348595687	0.011496044321	50000
8	2	0.800000000000	0.200000000000	5	0.242112000000	0.234912000000	0.007529950608	0.009979370914	8000
8	3	0.800000000000	0.300000000000	1	0.232748000000	0.243970000000	0.013410904084	0.013789025971	50000
8	3	0.800000000000	0.300000000000	2	0.236254000000	0.238696000000	0.011036543358	0.010670212624	50000
8	3	0.800000000000	0.300000000000	3	0.220374000000	0.251920000000	0.008521075797	0.010767243544	50000
8	3	0.800000000000	0.300000000000	4	0.218572000000	0.253590000000	0.011292135685	0.014906713592	36000
8	3	0.800000000000	0.300000000000	5	0.241720000000	0.229078000000	0.009096611916	0.008868402594	6000
8	4	0.800000000000	0.400000000000	1	0.233120000000	0.238930000000	0.011431722717	0.010771403025	12000
8	4	0.800000000000	0.400000000000	2	0.227500000000	0.245914000000	0.012880835218	0.012813773714	50000
8	4	0.800000000000	0.400000000000	3	0.242906000000	0.229970000000	0.009256611089	0.012346802969	50000
8	4	0.800000000000	0.400000000000	4	0.235210000000	0.230750000000	0.009813674552	0.008347885193	38000
8	4	0.800000000000	0.400000000000	5	0.238444000000	0.230092000000	0.017511067971	0.015242567758	50000
8	5	0.800000000000	0.500000000000	1	0.245886000000	0.225280000000	0.013978927513	0.013521554365	50000
8	5	0.800000000000	0.500000000000	2	0.242498000000	0.223570000000	0.008905914401	0.009971485874	36000
8	5	0.800000000000	0.500000000000	3	0.237570000000	0.235580000000	0.008576517747	0.007034848192	50000
8	5	0.800000000000	0.500000000000	4	0.235914000000	0.236024000000	0.009637919563	0.011823164179	50000
8	5	0.800000000000	0.500000000000	5	0.218964000000	0.251104000000	0.022400457238	0.016649876949	10000
8	6	0.800000000000	0.600000000000	1	0.240876000000	0.232866000000	0.013417475644	0.013289644791	50000
8	6	0.800000000000	0.600000000000	2	0.220448000000	0.256128000000	0.010455458508	0.011271853027	50000
8	6	0.800000000000	0.600000000000	3	0.236146000000	0.239162000000	0.009960818335	0.011807165840	50000
8	6	0.800000000000	0.600000000000	4	0.242680000000	0.228314000000	0.008408108961	0.009892384104	34000
8	6	0.800000000000	0.600000000000	5	0.237240000000	0.230486000000	0.010278134074	0.013253205327	26000
8	7	0.800000000000	0.700000000000	1	0.229126000000	0.236704000000	0.011449157489	0.013114433742	50000
8	7	0.800000000000	0.700000000000	2	0.225492000000	0.241074000000	0.007844710031	0.008125795503	50000
8	7	0.800000000000	0.700000000000	3	0.235924000000	0.233368000000	0.012327943957	0.014983226391	50000
8	7	0.800000000000	0.700000000000	4	0.227114000000	0.240664000000	0.011511364624	0.009535304192	50000
8	7	0.800000000000	0.700000000000	5	0.216054000000	0.254102000000	0.008210511342	0.009637347896	50000
8	8	0.800000000000	0.800000000000	1	0.229526000000	0.238838000000	0.013331055511	0.015562774687	50000
8	8	0.800000000000	0.800000000000	2	0.207068000000	0.260744000000	0.009556919520	0.008883545541	24000
8	8	0.800000000000	0.800000000000	3	0.220012000000	0.249860000000	0.008967065533	0.009922038442	12000
8	8	0.800000000000	0.800000000000	4	0.242260000000	0.223810000000	0.011923530122	0.012957461009	28000
8	8	0.800000000000	0.800000000000	5	0.228998000000	0.244138000000	0.010799844102	0.011542538117	18000
8	9	0.800000000000	0.900000000000	1	0.240832000000	0.235952000000	0.007958084387	0.009052272623	50000
8	9	0.800000000000	0.900000000000	2	0.225868000000	0.240864000000	0.009227118495	0.009644611061	50000
8	9	0.800000000000	0.900000000000	3	0.231208000000	0.241018000000	0.010735361381	0.010018185466	50000
8	9	0.800000000000	0.900000000000	4	0.251920000000	0.220604000000	0.009438362288	0.009441839457	50000
8	9	0.800000000000	0.900000000000	5	0.233214000000	0.241380000000	0.008013140109	0.007143852926	50000
8	10	0.800000000000	1.000000000000	1	0.000000000000	1.000000000000	0.000000000000	0.000000000000	6000
8	10	0.800000000000	1.000000000000	2	0.000000000000	1.000000000000	0.000000000000	0.000000000000	6000
8	10	0.800000000000	1.000000000000	3	0.000000000000	1.000000000000	0.000000000000	0.000000000000	6000
8	10	0.800000000000	1.000000000000	4	0.000000000000	1.000000000000	0.000000000000	0.000000000000	6000
8	10	0.800000000000	1.000000000000	5	0.000000000000	1.000000000000	0.000000000000	0.000000000000	6000
9	0	0.900000000000	0.000000000000	1	0.418892000000	0.000000000000	0.006040598052	0.000000000000	6000
9	0	0.900000000000	0.000000000000	2	0.414488000000	0.000000000000	0.006684200366	0.000000000000	10000
9	0	0.900000000000	0.000000000000	3	0.414158000000	0.000000000000	0.006638607317	0.000000000000	6000
9	0	0.900000000000	0.000000000000	4	0.418514000000	0.000000000000	0.006906482716	0.000000000000	20000
9	0	0.900000000000	0.000000000000	5	0.414748000000	0.000000000000	0.005802254920	0.000000000000	12000
9	1	0.900000000000	0.100000000000	1	0.235370000000	0.237052000000	0.010752614506	0.011079713717	50000
9	1	0.900000000000	0.100000000000	2	0.244982000000	0.230164000000	0.011880607090	0.010821932277	50000
9	1	0.900000000000	0.100000000000	3	0.239808000000	0.236932000000	0.010792943233	0.010709157860	50000
9	1	0.900000000000	0.100000000000	4	0.246952000000	0.224680000000	0.007374827733	0.007393528539	50000
9	1	0.900000000000	0.100000000000	5	0.233684000000	0.232986000000	0.016185490852	0.017434441883	12000
9	2	0.900000000000	0.200000000000	1	0.231420000000	0.239092000000	0.009684905647	0.010091450509	50000
9	2	0.900000000000	0.200000000000	2	0.220774000000	0.242386000000	0.007637227982	0.008356843952	12000
9	2	0.900000000000	0.200000000000	3	0.231116000000	0.238232000000	0.016861282479	0.015288816956	30000
9	2	0.900000000000	0.200000000000	4	0.238410000000	0.233448000000	0.008045659242	0.007548793300	34000
9	2	0.900000000000	0.200000000000	5	0.238344000000	0.227820000000	0.009951316129	0.008458791353	50000
9	3	0.900000000000	0.300000000000	1	0.239160000000	0.233460000000	0.011408091188	0.010037587018	50000
9	3	0.900000000000	0.300000000000	2	0.226858000000	0.241640000000	0.013488727953	0.011629516140	50000
9	3	0.900000000000	0.300000000000	3	0.233872000000	0.237130000000	0.011374048751	0.014658989937	40000
9	3	0.900000000000	0.300000000000	4	0.231834000000	0.233894000000	0.012921587031	0.013450862043	50000
9	3	0.900000000000	0.300000000000	5	0.233936000000	0.230946000000	0.010879442369	0.009917632956	6000
9	4	0.900000000000	0.400000000000	1	0.236980000000	0.232520000000	0.013389356776	0.012734982520	50000
9	4	0.900000000000	0.400000000000	2	0.241316000000	0.232952000000	0.010035180559	0.011621219762	8000
9	4	0.900000000000	0.400000000000	3	0.255368000000	0.215282000000	0.009936362881	0.011530022438	50000
9	4	0.900000000000	0.400000000000	4	0.254054000000	0.221042000000	0.008675272004	0.009381591030	50000
9	4	0.900000000000	0.400000000000	5	0.214906000000	0.255560000000	0.009695626291	0.008140802950	50000
9	5	0.900000000000	0.500000000000	1	0.219328000000	0.251554000000	0.009578735207	0.007650334085	18000
9	5	0.900000000000	0.500000000000	2	0.231836000000	0.235664000000	0.008906875795	0.010894668320	50000
9	5	0.900000000000	0.500000000000	3	0.241010000000	0.231558000000	0.010932127488	0.012049972524	48000
9	5	0.900000000000	0.500000000000	4	0.221840000000	0.249612000000	0.009501614635	0.009255004652	30000
9	5	0.900000000000	0.500000000000	5	0.232470000000	0.239104000000	0.014027825201	0.013869590821	50000
9	6	0.900000000000	0.600000000000	1	0.232362000000	0.238188000000	0.009807402365	0.009364419274	22000
9	6	0.900000000000	0.600000000000	2	0.235894000000	0.237068000000	0.006724133995	0.007559664313	50000
9	6	0.900000000000	0.600000000000	3	0.242152000000	0.226696000000	0.008058898302	0.008805971220	36000
9	6	0.900000000000	0.600000000000	4	0.245694000000	0.225446000000	0.010560202739	0.011987359208	14000
9	6	0.900000000000	0.600000000000	5	0.224654000000	0.243512000000	0.013531570027	0.014244604760	50000
9	7	0.900000000000	0.700000000000	1	0.248316000000	0.222854000000	0.011714152354	0.010617128021	24000
9	7	0.900000000000	0.700000000000	2	0.224134000000	0.246020000000	0.012517137162	0.013262861814	48000
9	7	0.900000000000	0.700000000000	3	0.230288000000	0.236912000000	0.011706327097	0.013060889818	50000
9	7	0.900000000000	0.700000000000	4	0.230478000000	0.243082000000	0.007156167042	0.008351708031	18000
9	7	0.900000000000	0.700000000000	5	0.230958000000	0.235758000000	0.007804815895	0.009379200681	12000
9	8	0.900000000000	0.800000000000	1	0.246660000000	0.226466000000	0.011360874503	0.008203788524	50000
9	8	0.900000000000	0.800000000000	2	0.232754000000	0.239440000000	0.009147631560	0.008737662545	50000
9	8	0.900000000000	0.800000000000	3	0.232132000000	0.238214000000	0.010599194258	0.010378917377	50000
9	8	0.900000000000	0.800000000000	4	0.242680000000	0.231758000000	0.009145777454	0.010526929859	50000
9	8	0.900000000000	0.800000000000	5	0.227840000000	0.239716000000	0.015048217464	0.017956218137	50000
9	9	0.900000000000	0.900000000000	1	0.230126000000	0.239384000000	0.011592174192	0.009867822349	50000
9	9	0.900000000000	0.900000000000	2	0.218642000000	0.254694000000	0.015593427814	0.018180343476	50000
9	9	0.900000000000	0.900000000000	3	0.237184000000	0.233516000000	0.008603729899	0.010752923759	50000
9	9	0.900000000000	0.900000000000	4	0.243100000000	0.225786000000	0.010437765419	0.011111510684	50000
9	9	0.900000000000	0.900000000000	5	0.242754000000	0.227782000000	0.005985926438	0.006964264281	50000
9	10	0.900000000000	1.000000000000	1	0.000000000000	1.000000000000	0.000000000000	0.000000000000	6000
9	10	0.900000000000	1.000000000000	2	0.000000000000	1.000000000000	0.000000000000	0.000000000000	6000
9	10	0.900000000000	1.000000000000	3	0.000000000000	1.000000000000	0.000000000000	0.000000000000	6000
9	10	0.900000000000	1.000000000000	4	0.000000000000	1.000000000000	0.000000000000	0.000000000000	6000
9	10	0.900000000000	1.000000000000	5	0.000000000000	1.000000000000	0.000000000000	0.000000000000	6000
