# scan initial plane
# b 1.15
# r 0
# e -0.4
# p12 0.1
# ndiv 8
# n_reps 3
# A:(0,1),	A':(0,0.267),	B:(1,0),	B'=(0.267,0),	C:(1,1),	D:(0,0),	E:(0.195,0.195) 
# columns: ix iy x1_0 x2_0 rep x1_inf x2_inf sigma_1 sigma_2 t_relax
0	0	0.000000000000	0.000000000000	1	0.000000000000	0.000000000000	0.000000000000	0.000000000000	4000
0	0	0.000000000000	0.000000000000	2	0.000000000000	0.000000000000	0.000000000000	0.000000000000	4000
0	0	0.000000000000	0.000000000000	3	0.000000000000	0.000000000000	0.000000000000	0.000000000000	4000
0	1	0.000000000000	0.124000000000	1	0.000000000000	0.319778000000	0.000000000000	0.009301248799	18000
0	1	0.000000000000	0.124000000000	2	0.000000000000	0.329272000000	0.000000000000	0.012661687657	28000
0	1	0.000000000000	0.124000000000	3	0.000000000000	0.326058000000	0.000000000000	0.008840293365	14000
0	2	0.000000000000	0.250000000000	1	0.000000000000	0.335750000000	0.000000000000	0.008976306260	56000
0	2	0.000000000000	0.250000000000	2	0.000000000000	0.336876000000	0.000000000000	0.013551688908	6000
0	2	0.000000000000	0.250000000000	3	0.000000000000	0.335380000000	0.000000000000	0.011287471241	32000
0	3	0.000000000000	0.374000000000	1	0.000000000000	0.324446000000	0.000000000000	0.010955048932	48000
0	3	0.000000000000	0.374000000000	2	0.000000000000	0.329888000000	0.000000000000	0.009745277134	88000
0	3	0.000000000000	0.374000000000	3	0.000000000000	0.332282000000	0.000000000000	0.008499218359	58000
0	4	0.000000000000	0.500000000000	1	0.000000000000	0.339358000000	0.000000000000	0.012444223346	6000
0	4	0.000000000000	0.500000000000	2	0.000000000000	0.324852000000	0.000000000000	0.009938856920	12000
0	4	0.000000000000	0.500000000000	3	0.000000000000	0.325266000000	0.000000000000	0.013404660717	12000
0	5	0.000000000000	0.624000000000	1	0.000000000000	0.333310000000	0.000000000000	0.011966917193	20000
0	5	0.000000000000	0.624000000000	2	0.000000000000	0.326926000000	0.000000000000	0.010965161137	12000
0	5	0.000000000000	0.624000000000	3	0.000000000000	0.332126000000	0.000000000000	0.009910718760	10000
0	6	0.000000000000	0.750000000000	1	0.000000000000	0.345508000000	0.000000000000	0.011458151039	22000
0	6	0.000000000000	0.750000000000	2	0.000000000000	0.335868000000	0.000000000000	0.010234418367	32000
0	6	0.000000000000	0.750000000000	3	0.000000000000	0.334918000000	0.000000000000	0.008773953400	40000
0	7	0.000000000000	0.874000000000	1	0.000000000000	0.322734000000	0.000000000000	0.008735533959	40000
0	7	0.000000000000	0.874000000000	2	0.000000000000	0.327580000000	0.000000000000	0.010553054864	8000
0	7	0.000000000000	0.874000000000	3	0.000000000000	0.324460000000	0.000000000000	0.009585420193	18000
0	8	0.000000000000	1.000000000000	1	0.000000000000	1.000000000000	0.000000000000	0.000000000000	4000
0	8	0.000000000000	1.000000000000	2	0.000000000000	1.000000000000	0.000000000000	0.000000000000	4000
0	8	0.000000000000	1.000000000000	3	0.000000000000	1.000000000000	0.000000000000	0.000000000000	4000
1	0	0.124000000000	0.000000000000	1	0.324360000000	0.000000000000	0.008996851857	0.000000000000	22000
1	0	0.124000000000	0.000000000000	2	0.330944000000	0.000000000000	0.011417847049	0.000000000000	6000
1	0	0.124000000000	0.000000000000	3	0.318524000000	0.000000000000	0.011473494022	0.000000000000	92000
1	1	0.124000000000	0.124000000000	1	0.232628000000	0.209786000000	0.014216600428	0.012134308610	124000
1	1	0.124000000000	0.124000000000	2	0.233234000000	0.198922000000	0.013960377364	0.014806388660	326000
1	1	0.124000000000	0.124000000000	3	0.227840000000	0.216930000000	0.011278546254	0.012872326783	118000
1	2	0.124000000000	0.250000000000	1	0.216340000000	0.223792000000	0.010682626948	0.010313054596	60000
1	2	0.124000000000	0.250000000000	2	0.216598000000	0.223142000000	0.011409845774	0.009209160909	304000
1	2	0.124000000000	0.250000000000	3	0.212256000000	0.221952000000	0.009011085599	0.009132858540	400000
1	3	0.124000000000	0.374000000000	1	0.230596000000	0.221364000000	0.008076014240	0.009472340219	66000
1	3	0.124000000000	0.374000000000	2	0.211160000000	0.226930000000	0.008847863284	0.009133154686	94000
1	3	0.124000000000	0.374000000000	3	0.222202000000	0.215038000000	0.012465576063	0.009419091000	82000
1	4	0.124000000000	0.500000000000	1	0.221370000000	0.216456000000	0.008903390948	0.010690292154	114000
1	4	0.124000000000	0.500000000000	2	0.245784000000	0.197158000000	0.011913995438	0.012392280041	164000
1	4	0.124000000000	0.500000000000	3	0.227894000000	0.213316000000	0.009695708884	0.008759958954	400000
1	5	0.124000000000	0.624000000000	1	0.237516000000	0.215160000000	0.011696775562	0.011800408876	400000
1	5	0.124000000000	0.624000000000	2	0.208622000000	0.227600000000	0.014505568845	0.010229009367	400000
1	5	0.124000000000	0.624000000000	3	0.233092000000	0.216326000000	0.012719800680	0.010735593928	124000
1	6	0.124000000000	0.750000000000	1	0.229826000000	0.218708000000	0.010291726951	0.012945204298	14000
1	6	0.124000000000	0.750000000000	2	0.232366000000	0.217076000000	0.010541592345	0.015176579079	48000
1	6	0.124000000000	0.750000000000	3	0.218302000000	0.236776000000	0.014991248565	0.010171592072	32000
1	7	0.124000000000	0.874000000000	1	0.235782000000	0.208896000000	0.015713286842	0.013929796238	400000
1	7	0.124000000000	0.874000000000	2	0.222814000000	0.221202000000	0.008117591964	0.010766388025	10000
1	7	0.124000000000	0.874000000000	3	0.216988000000	0.220722000000	0.009624785322	0.012228174199	212000
1	8	0.124000000000	1.000000000000	1	0.000000000000	1.000000000000	0.000000000000	0.000000000000	6000
1	8	0.124000000000	1.000000000000	2	0.000000000000	1.000000000000	0.000000000000	0.000000000000	6000
1	8	0.124000000000	1.000000000000	3	0.000000000000	1.000000000000	0.000000000000	0.000000000000	6000
2	0	0.250000000000	0.000000000000	1	0.325052000000	0.000000000000	0.014399327645	0.000000000000	20000
2	0	0.250000000000	0.000000000000	2	0.325930000000	0.000000000000	0.009398693283	0.000000000000	14000
2	0	0.250000000000	0.000000000000	3	0.339840000000	0.000000000000	0.014355921861	0.000000000000	16000
2	1	0.250000000000	0.124000000000	1	0.220634000000	0.223088000000	0.012870419251	0.012980012971	16000
2	1	0.250000000000	0.124000000000	2	0.219632000000	0.223608000000	0.011661241810	0.014432970818	14000
2	1	0.250000000000	0.124000000000	3	0.210778000000	0.231642000000	0.016114664080	0.014075864661	362000
2	2	0.250000000000	0.250000000000	1	0.230662000000	0.208626000000	0.010700666347	0.018083006363	56000
2	2	0.250000000000	0.250000000000	2	0.219418000000	0.220778000000	0.014589521244	0.011633660561	112000
2	2	0.250000000000	0.250000000000	3	0.210882000000	0.229928000000	0.011846620548	0.013067424137	400000
2	3	0.250000000000	0.374000000000	1	0.233982000000	0.214404000000	0.013865205369	0.013696436631	320000
2	3	0.250000000000	0.374000000000	2	0.219506000000	0.223726000000	0.011395868981	0.013934816221	76000
2	3	0.250000000000	0.374000000000	3	0.231678000000	0.207504000000	0.010828553623	0.014605728716	306000
2	4	0.250000000000	0.500000000000	1	0.214258000000	0.220402000000	0.021621584792	0.016660371063	48000
2	4	0.250000000000	0.500000000000	2	0.219048000000	0.215652000000	0.007367222813	0.010699971280	30000
2	4	0.250000000000	0.500000000000	3	0.230270000000	0.215500000000	0.010530431615	0.012251534602	84000
2	5	0.250000000000	0.624000000000	1	0.214182000000	0.218280000000	0.010753534978	0.013390029608	40000
2	5	0.250000000000	0.624000000000	2	0.236352000000	0.203452000000	0.014030572082	0.011107433145	160000
2	5	0.250000000000	0.624000000000	3	0.209278000000	0.231848000000	0.015631476548	0.013989016713	400000
2	6	0.250000000000	0.750000000000	1	0.219192000000	0.210834000000	0.016092672560	0.017768065403	180000
2	6	0.250000000000	0.750000000000	2	0.225196000000	0.211280000000	0.010021877171	0.011469487746	182000
2	6	0.250000000000	0.750000000000	3	0.215042000000	0.219156000000	0.011493055570	0.010089075946	374000
2	7	0.250000000000	0.874000000000	1	0.206344000000	0.223794000000	0.013743309010	0.015093487913	400000
2	7	0.250000000000	0.874000000000	2	0.220794000000	0.220676000000	0.017660959019	0.012718206508	36000
2	7	0.250000000000	0.874000000000	3	0.238742000000	0.207110000000	0.011678262620	0.008909954393	70000
2	8	0.250000000000	1.000000000000	1	0.000000000000	1.000000000000	0.000000000000	0.000000000000	6000
2	8	0.250000000000	1.000000000000	2	0.000000000000	1.000000000000	0.000000000000	0.000000000000	8000
2	8	0.250000000000	1.000000000000	3	0.000000000000	1.000000000000	0.000000000000	0.000000000000	12000
3	0	0.374000000000	0.000000000000	1	0.332488000000	0.000000000000	0.010594059189	0.000000000000	10000
3	0	0.374000000000	0.000000000000	2	0.332146000000	0.000000000000	0.011630561205	0.000000000000	14000
3	0	0.374000000000	0.000000000000	3	0.319704000000	0.000000000000	0.012120201454	0.000000000000	104000
3	1	0.374000000000	0.124000000000	1	0.242148000000	0.207764000000	0.011606239736	0.008322353367	46000
3	1	0.374000000000	0.124000000000	2	0.205648000000	0.233992000000	0.013758247904	0.008315111369	280000
3	1	0.374000000000	0.124000000000	3	0.235398000000	0.203450000000	0.008890930471	0.009117490259	400000
3	2	0.374000000000	0.250000000000	1	0.222910000000	0.215786000000	0.008787099243	0.009992099181	150000
3	2	0.374000000000	0.250000000000	2	0.224004000000	0.218268000000	0.010466973848	0.009333771761	6000
3	2	0.374000000000	0.250000000000	3	0.224478000000	0.213674000000	0.011049778894	0.008155748907	400000
3	3	0.374000000000	0.374000000000	1	0.228572000000	0.217800000000	0.013974695278	0.015546629786	294000
3	3	0.374000000000	0.374000000000	2	0.229752000000	0.214022000000	0.011455554361	0.009860463719	122000
3	3	0.374000000000	0.374000000000	3	0.226942000000	0.214172000000	0.012234799807	0.010141462679	398000
3	4	0.374000000000	0.500000000000	1	0.224478000000	0.211788000000	0.010946384761	0.010341276420	8000
3	4	0.374000000000	0.500000000000	2	0.230298000000	0.204104000000	0.012705771627	0.013591391022	68000
3	4	0.374000000000	0.500000000000	3	0.217434000000	0.223956000000	0.009690074383	0.011578087757	40000
3	5	0.374000000000	0.624000000000	1	0.227462000000	0.214110000000	0.010825513741	0.010830198207	400000
3	5	0.374000000000	0.624000000000	2	0.233332000000	0.197300000000	0.012093801554	0.012041553014	114000
3	5	0.374000000000	0.624000000000	3	0.227426000000	0.216960000000	0.010413787542	0.009352532805	400000
3	6	0.374000000000	0.750000000000	1	0.223324000000	0.214770000000	0.017844816095	0.017770280889	374000
3	6	0.374000000000	0.750000000000	2	0.233042000000	0.216736000000	0.011028320809	0.016646904320	262000
3	6	0.374000000000	0.750000000000	3	0.210162000000	0.228768000000	0.015578075376	0.012094811303	220000
3	7	0.374000000000	0.874000000000	1	0.236950000000	0.218496000000	0.014725431686	0.010894065571	156000
3	7	0.374000000000	0.874000000000	2	0.206830000000	0.230892000000	0.009511549273	0.012393463355	126000
3	7	0.374000000000	0.874000000000	3	0.234042000000	0.204036000000	0.009959388808	0.013545411850	68000
3	8	0.374000000000	1.000000000000	1	0.000000000000	1.000000000000	0.000000000000	0.000000000000	10000
3	8	0.374000000000	1.000000000000	2	0.000000000000	1.000000000000	0.000000000000	0.000000000000	8000
3	8	0.374000000000	1.000000000000	3	0.000000000000	1.000000000000	0.000000000000	0.000000000000	8000
4	0	0.500000000000	0.000000000000	1	0.331360000000	0.000000000000	0.013167071496	0.000000000000	10000
4	0	0.500000000000	0.000000000000	2	0.326880000000	0.000000000000	0.008928231253	0.000000000000	24000
4	0	0.500000000000	0.000000000000	3	0.329852000000	0.000000000000	0.007693457304	0.000000000000	12000
4	1	0.500000000000	0.124000000000	1	0.223588000000	0.220004000000	0.010403965518	0.009994191707	16000
4	1	0.500000000000	0.124000000000	2	0.231414000000	0.215862000000	0.013360505496	0.013428524911	218000
4	1	0.500000000000	0.124000000000	3	0.220670000000	0.218598000000	0.012005800233	0.013996939319	46000
4	2	0.500000000000	0.250000000000	1	0.221414000000	0.218122000000	0.011058340332	0.011090902764	42000
4	2	0.500000000000	0.250000000000	2	0.218670000000	0.233458000000	0.018677686044	0.015307271101	400000
4	2	0.500000000000	0.250000000000	3	0.212504000000	0.224022000000	0.009037901729	0.010923499386	106000
4	3	0.500000000000	0.374000000000	1	0.212650000000	0.226276000000	0.011130561055	0.015240606947	172000
4	3	0.500000000000	0.374000000000	2	0.234694000000	0.216820000000	0.013971312092	0.009132086016	48000
4	3	0.500000000000	0.374000000000	3	0.212618000000	0.236864000000	0.012095303732	0.012685993790	400000
4	4	0.500000000000	0.500000000000	1	0.234864000000	0.207640000000	0.012552731777	0.009848014185	126000
4	4	0.500000000000	0.500000000000	2	0.230618000000	0.211090000000	0.010520682524	0.015166209609	10000
4	4	0.500000000000	0.500000000000	3	0.223332000000	0.226254000000	0.013694864925	0.009942551903	400000
4	5	0.500000000000	0.624000000000	1	0.221902000000	0.216798000000	0.013260250006	0.012517982900	194000
4	5	0.500000000000	0.624000000000	2	0.222640000000	0.227306000000	0.014015235525	0.010485433148	104000
4	5	0.500000000000	0.624000000000	3	0.220328000000	0.222964000000	0.009644969748	0.016786676160	252000
4	6	0.500000000000	0.750000000000	1	0.213000000000	0.229542000000	0.010562554973	0.010409928079	74000
4	6	0.500000000000	0.750000000000	2	0.193834000000	0.237660000000	0.013942842137	0.013464088595	26000
4	6	0.500000000000	0.750000000000	3	0.214654000000	0.226296000000	0.010947517167	0.009366756115	76000
4	7	0.500000000000	0.874000000000	1	0.209516000000	0.224260000000	0.013121658505	0.009156868911	14000
4	7	0.500000000000	0.874000000000	2	0.204326000000	0.235362000000	0.019856586011	0.021867673657	136000
4	7	0.500000000000	0.874000000000	3	0.229420000000	0.215962000000	0.012291732453	0.007974091932	244000
4	8	0.500000000000	1.000000000000	1	0.000000000000	1.000000000000	0.000000000000	0.000000000000	8000
4	8	0.500000000000	1.000000000000	2	0.000000000000	1.000000000000	0.000000000000	0.000000000000	8000
4	8	0.500000000000	1.000000000000	3	0.000000000000	1.000000000000	0.000000000000	0.000000000000	6000
5	0	0.624000000000	0.000000000000	1	0.319818000000	0.000000000000	0.008889651394	0.000000000000	12000
5	0	0.624000000000	0.000000000000	2	0.340400000000	0.000000000000	0.011300606342	0.000000000000	32000
5	0	0.624000000000	0.000000000000	3	0.319578000000	0.000000000000	0.008409556269	0.000000000000	8000
5	1	0.624000000000	0.124000000000	1	0.214638000000	0.222746000000	0.011006093316	0.015358494958	158000
5	1	0.624000000000	0.124000000000	2	0.207756000000	0.226064000000	0.011419582780	0.013057043708	284000
5	1	0.624000000000	0.124000000000	3	0.228180000000	0.210260000000	0.012989238635	0.013100535257	400000
5	2	0.624000000000	0.250000000000	1	0.239410000000	0.210408000000	0.011437951159	0.015150414881	12000
5	2	0.624000000000	0.250000000000	2	0.221442000000	0.226556000000	0.009696321707	0.009862054762	182000
5	2	0.624000000000	0.250000000000	3	0.221192000000	0.223684000000	0.013889422308	0.013381749333	180000
5	3	0.624000000000	0.374000000000	1	0.217752000000	0.224602000000	0.009134436706	0.010343141524	104000
5	3	0.624000000000	0.374000000000	2	0.221842000000	0.220468000000	0.015648639427	0.010765540993	222000
5	3	0.624000000000	0.374000000000	3	0.225588000000	0.215186000000	0.009117092595	0.010443872772	20000
5	4	0.624000000000	0.500000000000	1	0.234340000000	0.206330000000	0.007973705536	0.008370254546	144000
5	4	0.624000000000	0.500000000000	2	0.213464000000	0.236862000000	0.009129954001	0.010413904427	100000
5	4	0.624000000000	0.500000000000	3	0.232204000000	0.205094000000	0.010348017465	0.012118168757	76000
5	5	0.624000000000	0.624000000000	1	0.209056000000	0.232992000000	0.007449319187	0.014567778010	182000
5	5	0.624000000000	0.624000000000	2	0.221266000000	0.218384000000	0.015234215612	0.013591662050	60000
5	5	0.624000000000	0.624000000000	3	0.220470000000	0.238672000000	0.013080757096	0.012092255316	90000
5	6	0.624000000000	0.750000000000	1	0.228192000000	0.212722000000	0.008089287519	0.011084655411	210000
5	6	0.624000000000	0.750000000000	2	0.229082000000	0.227072000000	0.015097457044	0.009478219909	190000
5	6	0.624000000000	0.750000000000	3	0.240446000000	0.212732000000	0.014055413144	0.012522819052	400000
5	7	0.624000000000	0.874000000000	1	0.236534000000	0.216874000000	0.008935697549	0.010737384012	90000
5	7	0.624000000000	0.874000000000	2	0.234170000000	0.220650000000	0.013249250645	0.012552412639	10000
5	7	0.624000000000	0.874000000000	3	0.218406000000	0.222842000000	0.010823507394	0.014173211207	74000
5	8	0.624000000000	1.000000000000	1	0.000000000000	1.000000000000	0.000000000000	0.000000000000	12000
5	8	0.624000000000	1.000000000000	2	0.000000000000	1.000000000000	0.000000000000	0.000000000000	6000
5	8	0.624000000000	1.000000000000	3	0.000000000000	1.000000000000	0.000000000000	0.000000000000	18000
6	0	0.750000000000	0.000000000000	1	0.325136000000	0.000000000000	0.012560384838	0.000000000000	6000
6	0	0.750000000000	0.000000000000	2	0.343852000000	0.000000000000	0.009283117594	0.000000000000	18000
6	0	0.750000000000	0.000000000000	3	0.329518000000	0.000000000000	0.010329296703	0.000000000000	58000
6	1	0.750000000000	0.124000000000	1	0.230876000000	0.203086000000	0.010797648504	0.010116864878	120000
6	1	0.750000000000	0.124000000000	2	0.223636000000	0.226822000000	0.010077750992	0.011394830326	400000
6	1	0.750000000000	0.124000000000	3	0.223566000000	0.221110000000	0.011901146217	0.013784698688	64000
6	2	0.750000000000	0.250000000000	1	0.236998000000	0.207834000000	0.013565545327	0.012916628170	34000
6	2	0.750000000000	0.250000000000	2	0.226686000000	0.208236000000	0.011174716027	0.013675208054	284000
6	2	0.750000000000	0.250000000000	3	0.227812000000	0.221810000000	0.013107267315	0.011094637939	400000
6	3	0.750000000000	0.374000000000	1	0.217854000000	0.222018000000	0.012428078739	0.009868995545	36000
6	3	0.750000000000	0.374000000000	2	0.232214000000	0.219526000000	0.013336869051	0.009827914932	120000
6	3	0.750000000000	0.374000000000	3	0.216794000000	0.223666000000	0.015836930649	0.014362267186	300000
6	4	0.750000000000	0.500000000000	1	0.220626000000	0.214428000000	0.011579041333	0.008818082250	272000
6	4	0.750000000000	0.500000000000	2	0.234786000000	0.213962000000	0.009541343786	0.010885635170	18000
6	4	0.750000000000	0.500000000000	3	0.222236000000	0.221036000000	0.016867863790	0.012133999256	18000
6	5	0.750000000000	0.624000000000	1	0.215602000000	0.217324000000	0.010334427725	0.011367684384	290000
6	5	0.750000000000	0.624000000000	2	0.228892000000	0.207688000000	0.008805104535	0.011223039366	256000
6	5	0.750000000000	0.624000000000	3	0.233442000000	0.212600000000	0.010654865657	0.011606839308	174000
6	6	0.750000000000	0.750000000000	1	0.230616000000	0.209058000000	0.009670266700	0.012233163380	94000
6	6	0.750000000000	0.750000000000	2	0.219042000000	0.215628000000	0.012115156335	0.008980326401	82000
6	6	0.750000000000	0.750000000000	3	0.225404000000	0.226190000000	0.012657843616	0.010040952182	314000
6	7	0.750000000000	0.874000000000	1	0.227376000000	0.218996000000	0.008718637430	0.009252328874	66000
6	7	0.750000000000	0.874000000000	2	0.220322000000	0.216004000000	0.009586251207	0.012243769595	18000
6	7	0.750000000000	0.874000000000	3	0.223640000000	0.216766000000	0.013881754324	0.012460999981	158000
6	8	0.750000000000	1.000000000000	1	0.000000000000	1.000000000000	0.000000000000	0.000000000000	8000
6	8	0.750000000000	1.000000000000	2	0.005772000000	1.000000000000	0.002076614632	0.000000000000	8000
6	8	0.750000000000	1.000000000000	3	0.003486000000	1.000000000000	0.001355596415	0.000000000000	12000
7	0	0.874000000000	0.000000000000	1	0.323800000000	0.000000000000	0.010454343274	0.000000000000	6000
7	0	0.874000000000	0.000000000000	2	0.327092000000	0.000000000000	0.016134306674	0.000000000000	8000
7	0	0.874000000000	0.000000000000	3	0.333900000000	0.000000000000	0.012609401136	0.000000000000	34000
7	1	0.874000000000	0.124000000000	1	0.233444000000	0.217968000000	0.018901643742	0.011376836485	154000
7	1	0.874000000000	0.124000000000	2	0.231740000000	0.218750000000	0.012257677213	0.013549357368	400000
7	1	0.874000000000	0.124000000000	3	0.229020000000	0.209066000000	0.008913756506	0.011069153995	400000
7	2	0.874000000000	0.250000000000	1	0.218322000000	0.227496000000	0.008446280581	0.008763948356	58000
7	2	0.874000000000	0.250000000000	2	0.212986000000	0.231884000000	0.010384779615	0.009978683186	64000
7	2	0.874000000000	0.250000000000	3	0.219874000000	0.217960000000	0.016477731629	0.014970320989	400000
7	3	0.874000000000	0.374000000000	1	0.220336000000	0.221766000000	0.007897181109	0.009763430164	344000
7	3	0.874000000000	0.374000000000	2	0.225092000000	0.223954000000	0.010812420841	0.010929287869	22000
7	3	0.874000000000	0.374000000000	3	0.225660000000	0.211680000000	0.013163954181	0.014037900935	132000
7	4	0.874000000000	0.500000000000	1	0.211002000000	0.212842000000	0.016480521946	0.009640953479	308000
7	4	0.874000000000	0.500000000000	2	0.213256000000	0.224752000000	0.012330389390	0.010518228422	106000
7	4	0.874000000000	0.500000000000	3	0.215550000000	0.222774000000	0.009587774790	0.010666897708	384000
7	5	0.874000000000	0.624000000000	1	0.222568000000	0.220166000000	0.009197062681	0.009249323975	360000
7	5	0.874000000000	0.624000000000	2	0.228700000000	0.204368000000	0.009666200672	0.010809135646	50000
7	5	0.874000000000	0.624000000000	3	0.230270000000	0.220840000000	0.010249104553	0.010322061080	400000
7	6	0.874000000000	0.750000000000	1	0.228472000000	0.225066000000	0.012451677006	0.011879426113	290000
7	6	0.874000000000	0.750000000000	2	0.210406000000	0.219832000000	0.014897687911	0.012514647114	172000
7	6	0.874000000000	0.750000000000	3	0.225820000000	0.227272000000	0.012701847776	0.009674482498	32000
7	7	0.874000000000	0.874000000000	1	0.217810000000	0.220122000000	0.009876509781	0.014196007983	106000
7	7	0.874000000000	0.874000000000	2	0.225982000000	0.216326000000	0.011294035206	0.010349726607	160000
7	7	0.874000000000	0.874000000000	3	0.217276000000	0.210204000000	0.013329872824	0.014769716603	400000
7	8	0.874000000000	1.000000000000	1	0.000000000000	1.000000000000	0.000000000000	0.000000000000	8000
7	8	0.874000000000	1.000000000000	2	0.000000000000	1.000000000000	0.000000000000	0.000000000000	12000
7	8	0.874000000000	1.000000000000	3	0.000000000000	1.000000000000	0.000000000000	0.000000000000	8000
8	0	1.000000000000	0.000000000000	1	1.000000000000	0.000000000000	0.000000000000	0.000000000000	4000
8	0	1.000000000000	0.000000000000	2	1.000000000000	0.000000000000	0.000000000000	0.000000000000	4000
8	0	1.000000000000	0.000000000000	3	1.000000000000	0.000000000000	0.000000000000	0.000000000000	4000
8	1	1.000000000000	0.124000000000	1	1.000000000000	0.000000000000	0.000000000000	0.000000000000	6000
8	1	1.000000000000	0.124000000000	2	1.000000000000	0.000000000000	0.000000000000	0.000000000000	6000
8	1	1.000000000000	0.124000000000	3	1.000000000000	0.000000000000	0.000000000000	0.000000000000	6000
8	2	1.000000000000	0.250000000000	1	1.000000000000	0.000000000000	0.000000000000	0.000000000000	6000
8	2	1.000000000000	0.250000000000	2	1.000000000000	0.000000000000	0.000000000000	0.000000000000	6000
8	2	1.000000000000	0.250000000000	3	1.000000000000	0.000000000000	0.000000000000	0.000000000000	6000
8	3	1.000000000000	0.374000000000	1	1.000000000000	0.000000000000	0.000000000000	0.000000000000	6000
8	3	1.000000000000	0.374000000000	2	1.000000000000	0.000000000000	0.000000000000	0.000000000000	6000
8	3	1.000000000000	0.374000000000	3	1.000000000000	0.000000000000	0.000000000000	0.000000000000	6000
8	4	1.000000000000	0.500000000000	1	1.000000000000	0.000000000000	0.000000000000	0.000000000000	6000
8	4	1.000000000000	0.500000000000	2	1.000000000000	0.000000000000	0.000000000000	0.000000000000	6000
8	4	1.000000000000	0.500000000000	3	1.000000000000	0.000000000000	0.000000000000	0.000000000000	6000
8	5	1.000000000000	0.624000000000	1	1.000000000000	0.000000000000	0.000000000000	0.000000000000	6000
8	5	1.000000000000	0.624000000000	2	1.000000000000	0.000000000000	0.000000000000	0.000000000000	6000
8	5	1.000000000000	0.624000000000	3	1.000000000000	0.000000000000	0.000000000000	0.000000000000	8000
8	6	1.000000000000	0.750000000000	1	1.000000000000	0.000000000000	0.000000000000	0.000000000000	6000
8	6	1.000000000000	0.750000000000	2	1.000000000000	0.000000000000	0.000000000000	0.000000000000	8000
8	6	1.000000000000	0.750000000000	3	1.000000000000	0.000000000000	0.000000000000	0.000000000000	8000
8	7	1.000000000000	0.874000000000	1	1.000000000000	0.000000000000	0.000000000000	0.000000000000	6000
8	7	1.000000000000	0.874000000000	2	1.000000000000	0.000000000000	0.000000000000	0.000000000000	6000
8	7	1.000000000000	0.874000000000	3	1.000000000000	0.000000000000	0.000000000000	0.000000000000	6000
8	8	1.000000000000	1.000000000000	1	1.000000000000	1.000000000000	0.000000000000	0.000000000000	4000
8	8	1.000000000000	1.000000000000	2	1.000000000000	1.000000000000	0.000000000000	0.000000000000	4000
8	8	1.000000000000	1.000000000000	3	1.000000000000	1.000000000000	0.000000000000	0.000000000000	4000
