# scan initial plane
# b 1.15
# r 0
# e -0.4
# p12 0.2
# ndiv 8
# n_reps 3
# A:(0,1),	A':(0,0.533),	B:(1,0),	B'=(0.533,0),	C:(1,1),	D:(0,0),	E:(0.308,0.308) 
# columns: ix iy x1_0 x2_0 rep x1_inf x2_inf sigma_1 sigma_2 t_relax
0	0	0.000000000000	0.000000000000	1	0.000000000000	0.000000000000	0.000000000000	0.000000000000	4000
0	0	0.000000000000	0.000000000000	2	0.000000000000	0.000000000000	0.000000000000	0.000000000000	4000
0	0	0.000000000000	0.000000000000	3	0.000000000000	0.000000000000	0.000000000000	0.000000000000	4000
0	1	0.000000000000	0.124000000000	1	0.000000000000	0.668060000000	0.000000000000	0.011905046414	6000
0	1	0.000000000000	0.124000000000	2	0.000000000000	0.676152000000	0.000000000000	0.009787373942	18000
0	1	0.000000000000	0.124000000000	3	0.000000000000	0.693416000000	0.000000000000	0.015456061395	18000
0	2	0.000000000000	0.250000000000	1	0.000000000000	0.673056000000	0.000000000000	0.013219516618	25000
0	2	0.000000000000	0.250000000000	2	0.000000000000	0.680884000000	0.000000000000	0.010468626277	25000
0	2	0.000000000000	0.250000000000	3	0.000000000000	0.680194000000	0.000000000000	0.012605604518	12000
0	3	0.000000000000	0.374000000000	1	0.000000000000	0.686108000000	0.000000000000	0.012870508381	25000
0	3	0.000000000000	0.374000000000	2	0.000000000000	0.671952000000	0.000000000000	0.013225907176	6000
0	3	0.000000000000	0.374000000000	3	0.000000000000	0.680418000000	0.000000000000	0.012487161615	25000
0	4	0.000000000000	0.500000000000	1	0.000000000000	0.694870000000	0.000000000000	0.013918650395	18000
0	4	0.000000000000	0.500000000000	2	0.000000000000	0.688340000000	0.000000000000	0.012110783256	20000
0	4	0.000000000000	0.500000000000	3	0.000000000000	0.677866000000	0.000000000000	0.012518736468	22000
0	5	0.000000000000	0.624000000000	1	0.000000000000	0.698172000000	0.000000000000	0.012333147308	16000
0	5	0.000000000000	0.624000000000	2	0.000000000000	0.693806000000	0.000000000000	0.008963409324	25000
0	5	0.000000000000	0.624000000000	3	0.000000000000	0.683082000000	0.000000000000	0.011141876746	25000
0	6	0.000000000000	0.750000000000	1	0.000000000000	0.669952000000	0.000000000000	0.011734709174	25000
0	6	0.000000000000	0.750000000000	2	0.000000000000	0.714868000000	0.000000000000	0.013914891311	24000
0	6	0.000000000000	0.750000000000	3	0.000000000000	0.679698000000	0.000000000000	0.012878145932	6000
0	7	0.000000000000	0.874000000000	1	0.000000000000	0.673992000000	0.000000000000	0.010671542429	12000
0	7	0.000000000000	0.874000000000	2	0.000000000000	0.676336000000	0.000000000000	0.011141060418	25000
0	7	0.000000000000	0.874000000000	3	0.000000000000	0.679234000000	0.000000000000	0.014812854710	18000
0	8	0.000000000000	1.000000000000	1	0.000000000000	1.000000000000	0.000000000000	0.000000000000	4000
0	8	0.000000000000	1.000000000000	2	0.000000000000	1.000000000000	0.000000000000	0.000000000000	4000
0	8	0.000000000000	1.000000000000	3	0.000000000000	1.000000000000	0.000000000000	0.000000000000	4000
