# scan initial plane
# b 1.3
# r 0
# e -0.4
# N1 75
# N2 75
# P11 0.9
# p12 0.1
# P22 0.9
# T_MCS 1000
# T_MAX 30000
# W 2000
# UPDATE_RULE 0
# FERMI_BETA 1
# DEGREE_ALPHA 0.5
# DEGREE_FACTOR_MIN 0.5
# DEGREE_FACTOR_MAX 2
# ndiv 10
# n_reps 5
# A:(0,1),	A':(0,0.133),	B:(1,0),	B'=(0.133,0),	C:(1,1),	D:(0,0),	E:(0.108,0.108) 
# columns: ix iy x1_0 x2_0 rep x1_inf x2_inf sigma_1 sigma_2 t_relax
2	0	0.200000000000	0.000000000000	1	0.105693333333	0.000000000000	0.016172086471	0.000000000000	12000
2	0	0.200000000000	0.000000000000	2	0.088746666667	0.000000000000	0.021334267580	0.000000000000	26000
2	0	0.200000000000	0.000000000000	3	0.085480000000	0.000000000000	0.017239493423	0.000000000000	10000
2	0	0.200000000000	0.000000000000	4	0.102333333333	0.000000000000	0.020723752516	0.000000000000	8000
2	0	0.200000000000	0.000000000000	5	0.099893333333	0.000000000000	0.017535567237	0.000000000000	8000
2	1	0.200000000000	0.093333333333	1	0.096426666667	0.000000000000	0.018145231528	0.000000000000	6000
2	1	0.200000000000	0.093333333333	2	0.000000000000	0.095586666667	0.000000000000	0.016054844275	12000
2	1	0.200000000000	0.093333333333	3	0.000000000000	0.099960000000	0.000000000000	0.014878687136	10000
2	1	0.200000000000	0.093333333333	4	0.000040000000	0.097973333333	0.000729565349	0.023254869743	10000
2	1	0.200000000000	0.093333333333	5	0.095120000000	0.000000000000	0.018542338234	0.000000000000	6000
2	2	0.200000000000	0.200000000000	1	0.000000000000	0.092506666667	0.000000000000	0.021185658380	14000
2	2	0.200000000000	0.200000000000	2	0.000000000000	0.097733333333	0.000000000000	0.017089270150	10000
2	2	0.200000000000	0.200000000000	3	0.094893333333	0.000000000000	0.020559674397	0.000000000000	6000
2	2	0.200000000000	0.200000000000	4	0.084186666667	0.000000000000	0.018170849726	0.000000000000	14000
2	2	0.200000000000	0.200000000000	5	0.000000000000	0.089666666667	0.000000000000	0.018307303996	14000
2	3	0.200000000000	0.293333333333	1	0.101720000000	0.000000000000	0.013349066460	0.000000000000	10000
2	3	0.200000000000	0.293333333333	2	0.000000000000	0.097080000000	0.000000000000	0.013914840219	18000
2	3	0.200000000000	0.293333333333	3	0.000000000000	0.087506666667	0.000000000000	0.013111474181	22000
2	3	0.200000000000	0.293333333333	4	0.092973333333	0.000000000000	0.015501240797	0.000000000000	30000
2	3	0.200000000000	0.293333333333	5	0.000000000000	0.096053333333	0.000000000000	0.019406768590	22000
2	4	0.200000000000	0.400000000000	1	0.000000000000	0.091760000000	0.000000000000	0.015010179321	16000
2	4	0.200000000000	0.400000000000	2	0.000000000000	0.096120000000	0.000000000000	0.024274847096	14000
2	4	0.200000000000	0.400000000000	3	0.000000000000	0.088426666667	0.000000000000	0.015001284934	12000
2	4	0.200000000000	0.400000000000	4	0.094786666667	0.000000000000	0.018633647330	0.000000000000	8000
2	4	0.200000000000	0.400000000000	5	0.000000000000	0.099453333333	0.000000000000	0.016186649054	8000
2	5	0.200000000000	0.493333333333	1	0.000000000000	0.098533333333	0.000000000000	0.016467748550	28000
2	5	0.200000000000	0.493333333333	2	0.095800000000	0.000000000000	0.014556965294	0.000000000000	16000
2	5	0.200000000000	0.493333333333	3	0.100786666667	0.000000000000	0.016823851382	0.000000000000	28000
2	5	0.200000000000	0.493333333333	4	0.092613333333	0.000000000000	0.013050616279	0.000000000000	24000
2	5	0.200000000000	0.493333333333	5	0.109760000000	0.000000000000	0.023691848887	0.000000000000	10000
2	6	0.200000000000	0.600000000000	1	0.000000000000	0.090760000000	0.000000000000	0.017786539383	18000
2	6	0.200000000000	0.600000000000	2	0.097640000000	0.000000000000	0.016471913859	0.000000000000	18000
2	6	0.200000000000	0.600000000000	3	0.000000000000	0.089546666667	0.000000000000	0.016214247906	30000
2	6	0.200000000000	0.600000000000	4	0.103800000000	0.000000000000	0.017941066910	0.000000000000	18000
2	6	0.200000000000	0.600000000000	5	0.000000000000	0.088026666667	0.000000000000	0.021910104402	20000
2	7	0.200000000000	0.693333333333	1	0.000000000000	0.094880000000	0.000000000000	0.013423412764	26000
2	7	0.200000000000	0.693333333333	2	0.000000000000	0.097280000000	0.000000000000	0.015820053613	16000
2	7	0.200000000000	0.693333333333	3	0.000000000000	0.107760000000	0.000000000000	0.021307608781	12000
2	7	0.200000000000	0.693333333333	4	0.090546666667	0.000000000000	0.018634602329	0.000000000000	10000
2	7	0.200000000000	0.693333333333	5	0.000000000000	0.092093333333	0.000000000000	0.018106819809	8000
2	8	0.200000000000	0.800000000000	1	0.099853333333	0.000000000000	0.015395307869	0.000000000000	12000
2	8	0.200000000000	0.800000000000	2	0.000000000000	0.089173333333	0.000000000000	0.022132575936	10000
2	8	0.200000000000	0.800000000000	3	0.000000000000	0.101186666667	0.000000000000	0.019624226502	16000
2	8	0.200000000000	0.800000000000	4	0.108213333333	0.000000000000	0.017639825115	0.000000000000	12000
2	8	0.200000000000	0.800000000000	5	0.000000000000	0.084226666667	0.000000000000	0.018621189657	12000
2	9	0.200000000000	0.893333333333	1	0.096960000000	0.000000000000	0.019623940853	0.000000000000	6000
2	9	0.200000000000	0.893333333333	2	0.000000000000	0.099266666667	0.000000000000	0.016984163068	14000
2	9	0.200000000000	0.893333333333	3	0.099706666667	0.000000000000	0.018976202835	0.000000000000	28000
2	9	0.200000000000	0.893333333333	4	0.000000000000	0.100426666667	0.000000000000	0.014619184827	10000
2	9	0.200000000000	0.893333333333	5	0.000000000000	0.106440000000	0.000000000000	0.015469293208	12000
2	10	0.200000000000	1.000000000000	1	0.000000000000	1.000000000000	0.000000000000	0.000000000000	6000
2	10	0.200000000000	1.000000000000	2	0.000000000000	1.000000000000	0.000000000000	0.000000000000	6000
2	10	0.200000000000	1.000000000000	3	0.000000000000	1.000000000000	0.000000000000	0.000000000000	6000
2	10	0.200000000000	1.000000000000	4	0.000000000000	1.000000000000	0.000000000000	0.000000000000	6000
2	10	0.200000000000	1.000000000000	5	0.000000000000	1.000000000000	0.000000000000	0.000000000000	6000
3	0	0.293333333333	0.000000000000	1	0.096533333333	0.000000000000	0.017879588353	0.000000000000	26000
3	0	0.293333333333	0.000000000000	2	0.102373333333	0.000000000000	0.022450542784	0.000000000000	10000
3	0	0.293333333333	0.000000000000	3	0.097480000000	0.000000000000	0.016502179308	0.000000000000	12000
3	0	0.293333333333	0.000000000000	4	0.093253333333	0.000000000000	0.019965330868	0.000000000000	8000
3	0	0.293333333333	0.000000000000	5	0.087040000000	0.000000000000	0.018974796108	0.000000000000	4000
3	1	0.293333333333	0.093333333333	1	0.000000000000	0.097346666667	0.000000000000	0.018933405706	10000
3	1	0.293333333333	0.093333333333	2	0.089466666667	0.000000000000	0.020691633557	0.000000000000	30000
3	1	0.293333333333	0.093333333333	3	0.000000000000	0.079160000000	0.000000000000	0.018129802989	26000
3	1	0.293333333333	0.093333333333	4	0.105613333333	0.000000000000	0.011650636778	0.000000000000	10000
3	1	0.293333333333	0.093333333333	5	0.000000000000	0.098413333333	0.000000000000	0.018646631128	30000
3	2	0.293333333333	0.200000000000	1	0.000000000000	0.100493333333	0.000000000000	0.016078060055	6000
3	2	0.293333333333	0.200000000000	2	0.090840000000	0.000000000000	0.018894039220	0.000000000000	18000
3	2	0.293333333333	0.200000000000	3	0.000000000000	0.092973333333	0.000000000000	0.016339578522	26000
3	2	0.293333333333	0.200000000000	4	0.083426666667	0.000000000000	0.016942074204	0.000000000000	8000
3	2	0.293333333333	0.200000000000	5	0.000000000000	0.093506666667	0.000000000000	0.015354519608	24000
3	3	0.293333333333	0.293333333333	1	0.000000000000	0.094160000000	0.000000000000	0.019026027516	30000
3	3	0.293333333333	0.293333333333	2	0.090880000000	0.000000000000	0.017987472006	0.000000000000	16000
3	3	0.293333333333	0.293333333333	3	0.000000000000	0.100573333333	0.000000000000	0.023848970536	22000
3	3	0.293333333333	0.293333333333	4	0.101440000000	0.000000000000	0.020898879471	0.000000000000	14000
3	3	0.293333333333	0.293333333333	5	0.000000000000	0.093906666667	0.000000000000	0.012465240739	30000
3	4	0.293333333333	0.400000000000	1	0.088213333333	0.000000000000	0.020039085376	0.000000000000	26000
3	4	0.293333333333	0.400000000000	2	0.000000000000	0.090800000000	0.000000000000	0.019641543592	16000
3	4	0.293333333333	0.400000000000	3	0.096240000000	0.000000000000	0.023053427667	0.000000000000	20000
3	4	0.293333333333	0.400000000000	4	0.092466666667	0.000000000000	0.017801660634	0.000000000000	14000
3	4	0.293333333333	0.400000000000	5	0.000000000000	0.100946666667	0.000000000000	0.017316122972	30000
3	5	0.293333333333	0.493333333333	1	0.000000000000	0.089760000000	0.000000000000	0.017404366655	18000
3	5	0.293333333333	0.493333333333	2	0.000000000000	0.098733333333	0.000000000000	0.013545032756	16000
3	5	0.293333333333	0.493333333333	3	0.096693333333	0.000000000000	0.019562543114	0.000000000000	14000
3	5	0.293333333333	0.493333333333	4	0.090773333333	0.000000000000	0.019428543763	0.000000000000	30000
3	5	0.293333333333	0.493333333333	5	0.102573333333	0.000000000000	0.023391655982	0.000000000000	30000
3	6	0.293333333333	0.600000000000	1	0.104026666667	0.000000000000	0.014520373316	0.000000000000	18000
3	6	0.293333333333	0.600000000000	2	0.091333333333	0.000000000000	0.017101761547	0.000000000000	30000
3	6	0.293333333333	0.600000000000	3	0.094560000000	0.000000000000	0.017452152999	0.000000000000	30000
3	6	0.293333333333	0.600000000000	4	0.086253333333	0.000000000000	0.018757010034	0.000000000000	16000
3	6	0.293333333333	0.600000000000	5	0.098880000000	0.000000000000	0.019326642728	0.000000000000	10000
3	7	0.293333333333	0.693333333333	1	0.105053333333	0.000000000000	0.014493158788	0.000000000000	16000
3	7	0.293333333333	0.693333333333	2	0.000000000000	0.088693333333	0.000000000000	0.014397913812	8000
3	7	0.293333333333	0.693333333333	3	0.107520000000	0.000000000000	0.021192998552	0.000000000000	8000
3	7	0.293333333333	0.693333333333	4	0.000000000000	0.098240000000	0.000000000000	0.025550814723	20000
3	7	0.293333333333	0.693333333333	5	0.107133333333	0.000000000000	0.018892833599	0.000000000000	6000
3	8	0.293333333333	0.800000000000	1	0.000000000000	0.085053333333	0.000000000000	0.022722532188	22000
3	8	0.293333333333	0.800000000000	2	0.067373333333	0.065360000000	0.016031284064	0.024190678417	30000
3	8	0.293333333333	0.800000000000	3	0.115386666667	0.000000000000	0.016949073524	0.000000000000	24000
3	8	0.293333333333	0.800000000000	4	0.000000000000	0.092866666667	0.000000000000	0.017936106772	10000
3	8	0.293333333333	0.800000000000	5	0.088693333333	0.000000000000	0.013130902420	0.000000000000	20000
3	9	0.293333333333	0.893333333333	1	0.091213333333	0.000000000000	0.016542246298	0.000000000000	10000
3	9	0.293333333333	0.893333333333	2	0.000000000000	0.101933333333	0.000000000000	0.019727765720	8000
3	9	0.293333333333	0.893333333333	3	0.000000000000	0.092826666667	0.000000000000	0.014070739819	30000
3	9	0.293333333333	0.893333333333	4	0.095880000000	0.000000000000	0.016939805236	0.000000000000	16000
3	9	0.293333333333	0.893333333333	5	0.094413333333	0.000000000000	0.018058046028	0.000000000000	26000
3	10	0.293333333333	1.000000000000	1	0.000000000000	1.000000000000	0.000000000000	0.000000000000	6000
3	10	0.293333333333	1.000000000000	2	0.000000000000	1.000000000000	0.000000000000	0.000000000000	6000
3	10	0.293333333333	1.000000000000	3	0.000000000000	1.000000000000	0.000000000000	0.000000000000	6000
3	10	0.293333333333	1.000000000000	4	0.000000000000	1.000000000000	0.000000000000	0.000000000000	6000
3	10	0.293333333333	1.000000000000	5	0.000000000000	1.000000000000	0.000000000000	0.000000000000	6000
