# scan initial plane
# b 1.3
# r 0
# e -0.4
# N1 75
# N2 75
# P11 0.9
# p12 0.1
# P22 0.9
# T_MCS 1000
# T_MAX 30000
# W 2000
# UPDATE_RULE 0
# FERMI_BETA 1
# DEGREE_ALPHA 0.5
# DEGREE_FACTOR_MIN 0.5
# DEGREE_FACTOR_MAX 2
# ndiv 10
# n_reps 5
# A:(0,1),	A':(0,0.133),	B:(1,0),	B'=(0.133,0),	C:(1,1),	D:(0,0),	E:(0.108,0.108) 
# columns: ix iy x1_0 x2_0 rep x1_inf x2_inf sigma_1 sigma_2 t_relax
8	0	0.800000000000	0.000000000000	1	0.108733333333	0.000000000000	0.016484354891	0.000000000000	18000
8	0	0.800000000000	0.000000000000	2	0.081040000000	0.000000000000	0.015091997569	0.000000000000	12000
8	0	0.800000000000	0.000000000000	3	0.088720000000	0.000000000000	0.017527182759	0.000000000000	4000
8	0	0.800000000000	0.000000000000	4	0.080386666667	0.000000000000	0.021477652484	0.000000000000	30000
8	0	0.800000000000	0.000000000000	5	0.088786666667	0.000000000000	0.023123731828	0.000000000000	30000
8	1	0.800000000000	0.093333333333	1	0.000000000000	0.091613333333	0.000000000000	0.014820973695	20000
8	1	0.800000000000	0.093333333333	2	0.000000000000	0.100666666667	0.000000000000	0.020946356747	30000
8	1	0.800000000000	0.093333333333	3	0.090640000000	0.000000000000	0.021089007975	0.000000000000	22000
8	1	0.800000000000	0.093333333333	4	0.102680000000	0.000000000000	0.015994654874	0.000000000000	10000
8	1	0.800000000000	0.093333333333	5	0.000000000000	0.090653333333	0.000000000000	0.016855976571	8000
8	2	0.800000000000	0.200000000000	1	0.093786666667	0.000000000000	0.018594091242	0.000000000000	18000
8	2	0.800000000000	0.200000000000	2	0.074866666667	0.000000000000	0.017821642581	0.000000000000	8000
8	2	0.800000000000	0.200000000000	3	0.000000000000	0.107013333333	0.000000000000	0.014934396263	14000
8	2	0.800000000000	0.200000000000	4	0.090520000000	0.000000000000	0.016960592742	0.000000000000	30000
8	2	0.800000000000	0.200000000000	5	0.086693333333	0.000000000000	0.016999982335	0.000000000000	30000
8	3	0.800000000000	0.293333333333	1	0.000000000000	0.098333333333	0.000000000000	0.011919538948	10000
8	3	0.800000000000	0.293333333333	2	0.000000000000	0.098586666667	0.000000000000	0.014084695428	30000
8	3	0.800000000000	0.293333333333	3	0.099040000000	0.000000000000	0.026569110843	0.000000000000	10000
8	3	0.800000000000	0.293333333333	4	0.000000000000	0.087093333333	0.000000000000	0.019317580134	16000
8	3	0.800000000000	0.293333333333	5	0.000000000000	0.083773333333	0.000000000000	0.017459161877	14000
8	4	0.800000000000	0.400000000000	1	0.000000000000	0.110066666667	0.000000000000	0.019202078818	30000
8	4	0.800000000000	0.400000000000	2	0.085973333333	0.000000000000	0.015252567607	0.000000000000	14000
8	4	0.800000000000	0.400000000000	3	0.000000000000	0.098626666667	0.000000000000	0.015194675615	8000
8	4	0.800000000000	0.400000000000	4	0.103240000000	0.000000000000	0.021113275270	0.000000000000	10000
8	4	0.800000000000	0.400000000000	5	0.102080000000	0.000000000000	0.014792760361	0.000000000000	20000
8	5	0.800000000000	0.493333333333	1	0.000000000000	0.087640000000	0.000000000000	0.016739824755	6000
8	5	0.800000000000	0.493333333333	2	0.085533333333	0.000000000000	0.017980698756	0.000000000000	20000
8	5	0.800000000000	0.493333333333	3	0.088466666667	0.000000000000	0.015827875181	0.000000000000	24000
8	5	0.800000000000	0.493333333333	4	0.099306666667	0.000000000000	0.017358909290	0.000000000000	30000
8	5	0.800000000000	0.493333333333	5	0.093866666667	0.000000000000	0.026101450729	0.000000000000	8000
8	6	0.800000000000	0.600000000000	1	0.000000000000	0.082413333333	0.000000000000	0.026419404199	28000
8	6	0.800000000000	0.600000000000	2	0.100026666667	0.000000000000	0.018532508029	0.000000000000	24000
8	6	0.800000000000	0.600000000000	3	0.105893333333	0.000000000000	0.018679036847	0.000000000000	16000
8	6	0.800000000000	0.600000000000	4	0.000000000000	0.097786666667	0.000000000000	0.018706682881	30000
8	6	0.800000000000	0.600000000000	5	0.101946666667	0.000000000000	0.019753498161	0.000000000000	12000
8	7	0.800000000000	0.693333333333	1	0.100360000000	0.000000000000	0.016003953466	0.000000000000	30000
8	7	0.800000000000	0.693333333333	2	0.095253333333	0.000000000000	0.015052728293	0.000000000000	30000
8	7	0.800000000000	0.693333333333	3	0.000000000000	0.095426666667	0.000000000000	0.019796994410	12000
8	7	0.800000000000	0.693333333333	4	0.000000000000	0.102946666667	0.000000000000	0.017723435463	8000
8	7	0.800000000000	0.693333333333	5	0.000000000000	0.104240000000	0.000000000000	0.023881500359	20000
8	8	0.800000000000	0.800000000000	1	0.089106666667	0.000000000000	0.014989031692	0.000000000000	24000
8	8	0.800000000000	0.800000000000	2	0.100013333333	0.000000000000	0.020318885889	0.000000000000	14000
8	8	0.800000000000	0.800000000000	3	0.000000000000	0.101760000000	0.000000000000	0.017406411489	30000
8	8	0.800000000000	0.800000000000	4	0.000000000000	0.088880000000	0.000000000000	0.020486547585	8000
8	8	0.800000000000	0.800000000000	5	0.078360000000	0.000000000000	0.018618131286	0.000000000000	30000
8	9	0.800000000000	0.893333333333	1	0.000000000000	0.095533333333	0.000000000000	0.019024245633	10000
8	9	0.800000000000	0.893333333333	2	0.000000000000	0.104813333333	0.000000000000	0.019901566245	30000
8	9	0.800000000000	0.893333333333	3	0.090853333333	0.000000000000	0.021039196833	0.000000000000	20000
8	9	0.800000000000	0.893333333333	4	0.000000000000	0.107626666667	0.000000000000	0.015144378384	6000
8	9	0.800000000000	0.893333333333	5	0.000000000000	0.086413333333	0.000000000000	0.016094698070	10000
8	10	0.800000000000	1.000000000000	1	0.000000000000	1.000000000000	0.000000000000	0.000000000000	6000
8	10	0.800000000000	1.000000000000	2	0.000000000000	1.000000000000	0.000000000000	0.000000000000	6000
8	10	0.800000000000	1.000000000000	3	0.000000000000	1.000000000000	0.000000000000	0.000000000000	6000
8	10	0.800000000000	1.000000000000	4	0.000000000000	1.000000000000	0.000000000000	0.000000000000	6000
8	10	0.800000000000	1.000000000000	5	0.000000000000	1.000000000000	0.000000000000	0.000000000000	6000
9	0	0.893333333333	0.000000000000	1	0.107106666667	0.000000000000	0.013272540756	0.000000000000	14000
9	0	0.893333333333	0.000000000000	2	0.093040000000	0.000000000000	0.016313664418	0.000000000000	6000
9	0	0.893333333333	0.000000000000	3	0.081480000000	0.000000000000	0.017034925229	0.000000000000	6000
9	0	0.893333333333	0.000000000000	4	0.091960000000	0.000000000000	0.016241920384	0.000000000000	24000
9	0	0.893333333333	0.000000000000	5	0.088973333333	0.000000000000	0.017957405825	0.000000000000	28000
9	1	0.893333333333	0.093333333333	1	0.085493333333	0.000000000000	0.014207299478	0.000000000000	6000
9	1	0.893333333333	0.093333333333	2	0.000000000000	0.102706666667	0.000000000000	0.015249621338	30000
9	1	0.893333333333	0.093333333333	3	0.079600000000	0.051293333333	0.025349870794	0.021048443946	6000
9	1	0.893333333333	0.093333333333	4	0.088360000000	0.000000000000	0.020080456565	0.000000000000	20000
9	1	0.893333333333	0.093333333333	5	0.000000000000	0.093373333333	0.000000000000	0.014570504057	14000
9	2	0.893333333333	0.200000000000	1	0.091933333333	0.000000000000	0.019614684473	0.000000000000	18000
9	2	0.893333333333	0.200000000000	2	0.095986666667	0.000000000000	0.019097180480	0.000000000000	30000
9	2	0.893333333333	0.200000000000	3	0.000000000000	0.110600000000	0.000000000000	0.018503577556	24000
9	2	0.893333333333	0.200000000000	4	0.000000000000	0.088213333333	0.000000000000	0.019923305289	30000
9	2	0.893333333333	0.200000000000	5	0.099586666667	0.000000000000	0.019546813043	0.000000000000	12000
9	3	0.893333333333	0.293333333333	1	0.094680000000	0.000000000000	0.018294779737	0.000000000000	10000
9	3	0.893333333333	0.293333333333	2	0.087680000000	0.000000000000	0.013851936428	0.000000000000	12000
9	3	0.893333333333	0.293333333333	3	0.093093333333	0.000000000000	0.014756698823	0.000000000000	12000
9	3	0.893333333333	0.293333333333	4	0.000000000000	0.092413333333	0.000000000000	0.016109065487	30000
9	3	0.893333333333	0.293333333333	5	0.000000000000	0.077573333333	0.000000000000	0.028824525204	26000
9	4	0.893333333333	0.400000000000	1	0.080293333333	0.000000000000	0.016259031011	0.000000000000	18000
9	4	0.893333333333	0.400000000000	2	0.084853333333	0.000000000000	0.013363356255	0.000000000000	8000
9	4	0.893333333333	0.400000000000	3	0.090386666667	0.000000000000	0.021067745355	0.000000000000	16000
9	4	0.893333333333	0.400000000000	4	0.093840000000	0.000000000000	0.017690255026	0.000000000000	20000
9	4	0.893333333333	0.400000000000	5	0.000000000000	0.079346666667	0.000000000000	0.016579211321	30000
9	5	0.893333333333	0.493333333333	1	0.100213333333	0.000000000000	0.013667770978	0.000000000000	12000
9	5	0.893333333333	0.493333333333	2	0.102280000000	0.000000000000	0.022444371104	0.000000000000	6000
9	5	0.893333333333	0.493333333333	3	0.095186666667	0.000000000000	0.017665707820	0.000000000000	10000
9	5	0.893333333333	0.493333333333	4	0.100173333333	0.000000000000	0.017310325841	0.000000000000	26000
9	5	0.893333333333	0.493333333333	5	0.091466666667	0.000000000000	0.013606805104	0.000000000000	18000
9	6	0.893333333333	0.600000000000	1	0.101386666667	0.000000000000	0.017703468320	0.000000000000	12000
9	6	0.893333333333	0.600000000000	2	0.090013333333	0.000000000000	0.019372879601	0.000000000000	16000
9	6	0.893333333333	0.600000000000	3	0.090960000000	0.000000000000	0.015235173465	0.000000000000	30000
9	6	0.893333333333	0.600000000000	4	0.000000000000	0.094426666667	0.000000000000	0.016191908820	16000
9	6	0.893333333333	0.600000000000	5	0.000000000000	0.081000000000	0.000000000000	0.016269201244	10000
9	7	0.893333333333	0.693333333333	1	0.102600000000	0.000000000000	0.016052272525	0.000000000000	10000
9	7	0.893333333333	0.693333333333	2	0.095533333333	0.000000000000	0.021167250576	0.000000000000	30000
9	7	0.893333333333	0.693333333333	3	0.099120000000	0.000000000000	0.014780605147	0.000000000000	30000
9	7	0.893333333333	0.693333333333	4	0.106306666667	0.000000000000	0.021929081557	0.000000000000	20000
9	7	0.893333333333	0.693333333333	5	0.082186666667	0.000000000000	0.017378417280	0.000000000000	28000
9	8	0.893333333333	0.800000000000	1	0.086866666667	0.000000000000	0.014154084778	0.000000000000	12000
9	8	0.893333333333	0.800000000000	2	0.000000000000	0.099720000000	0.000000000000	0.017143640024	8000
9	8	0.893333333333	0.800000000000	3	0.106360000000	0.000000000000	0.017169115057	0.000000000000	12000
9	8	0.893333333333	0.800000000000	4	0.100280000000	0.000000000000	0.020655734566	0.000000000000	14000
9	8	0.893333333333	0.800000000000	5	0.089746666667	0.000000000000	0.020556765920	0.000000000000	8000
9	9	0.893333333333	0.893333333333	1	0.000000000000	0.095400000000	0.000000000000	0.021456165401	10000
9	9	0.893333333333	0.893333333333	2	0.104400000000	0.000000000000	0.022214613312	0.000000000000	30000
9	9	0.893333333333	0.893333333333	3	0.000000000000	0.076306666667	0.000000000000	0.017084953291	8000
9	9	0.893333333333	0.893333333333	4	0.097773333333	0.000000000000	0.019044514643	0.000000000000	6000
9	9	0.893333333333	0.893333333333	5	0.092813333333	0.000000000000	0.018366038108	0.000000000000	16000
9	10	0.893333333333	1.000000000000	1	0.000000000000	1.000000000000	0.000000000000	0.000000000000	6000
9	10	0.893333333333	1.000000000000	2	0.000000000000	1.000000000000	0.000000000000	0.000000000000	6000
9	10	0.893333333333	1.000000000000	3	0.000000000000	1.000000000000	0.000000000000	0.000000000000	6000
9	10	0.893333333333	1.000000000000	4	0.000000000000	1.000000000000	0.000000000000	0.000000000000	6000
9	10	0.893333333333	1.000000000000	5	0.000000000000	1.000000000000	0.000000000000	0.000000000000	6000
