# scan initial plane
# b 1.06
# r 0
# e -0.4
# p12 0.02
# ndiv 8
# n_reps 3
# A:(0,1),	A':(0,0.044),	B:(1,0),	B'=(0.400,0),	C:(1,1),	D:(0,0),	E:(0.389,0.025) 
# columns: ix iy x1_0 x2_0 rep x1_inf x2_inf sigma_1 sigma_2 t_relax
3	0	0.375000000000	0.000000000000	1	0.368865000000	0.000000000000	0.016218425087	0.000000000000	34000
3	0	0.375000000000	0.000000000000	2	0.364467500000	0.000000000000	0.012302908408	0.000000000000	34000
3	0	0.375000000000	0.000000000000	3	0.369340000000	0.000000000000	0.013075181083	0.000000000000	16000
3	1	0.375000000000	0.125000000000	1	0.363895000000	0.012873333333	0.012235856782	0.001159871052	50000
3	1	0.375000000000	0.125000000000	2	0.356840000000	0.000000000000	0.015478339025	0.000000000000	50000
3	1	0.375000000000	0.125000000000	3	0.352305000000	0.017255833333	0.012697862447	0.002134327683	50000
3	2	0.375000000000	0.250000000000	1	0.372212500000	0.000000000000	0.014689771378	0.000000000000	40000
3	2	0.375000000000	0.250000000000	2	0.361112500000	0.024571666667	0.013688717059	0.003474829252	50000
3	2	0.375000000000	0.250000000000	3	0.381067500000	0.000000000000	0.012042080612	0.000000000000	38000
3	3	0.375000000000	0.375000000000	1	0.353215000000	0.020863333333	0.016712063549	0.001666396374	50000
3	3	0.375000000000	0.375000000000	2	0.369167500000	0.013215833333	0.015022945205	0.001084234181	50000
3	3	0.375000000000	0.375000000000	3	0.356467500000	0.006081666667	0.014816282124	0.000856451113	50000
3	4	0.375000000000	0.500000000000	1	0.372177500000	0.000000000000	0.015219522911	0.000000000000	42000
3	4	0.375000000000	0.500000000000	2	0.386675000000	0.011361666667	0.013802985090	0.001316703729	50000
3	4	0.375000000000	0.500000000000	3	0.368130000000	0.005610000000	0.013752444500	0.000616172506	50000
3	5	0.375000000000	0.625000000000	1	0.371875000000	0.019001666667	0.023051914579	0.003383711317	50000
3	5	0.375000000000	0.625000000000	2	0.354727500000	0.013486666667	0.010248757524	0.002326169947	50000
3	5	0.375000000000	0.625000000000	3	0.357915000000	0.004438333333	0.011171507400	0.000635908311	50000
3	6	0.375000000000	0.750000000000	1	0.380117500000	0.013994166667	0.012290993136	0.001856129506	50000
3	6	0.375000000000	0.750000000000	2	0.355105000000	0.009931666667	0.011293981983	0.001406365520	50000
3	6	0.375000000000	0.750000000000	3	0.370720000000	0.018876666667	0.013678677063	0.000945083103	50000
3	7	0.375000000000	0.875000000000	1	0.371745000000	0.001945000000	0.015295061749	0.000447782137	50000
3	7	0.375000000000	0.875000000000	2	0.352722500000	0.002456666667	0.014578469588	0.001140531421	50000
3	7	0.375000000000	0.875000000000	3	0.371880000000	0.010672500000	0.013914352633	0.001372969578	10000
3	8	0.375000000000	1.000000000000	1	0.000000000000	1.000000000000	0.000000000000	0.000000000000	10000
3	8	0.375000000000	1.000000000000	2	0.014125000000	1.000000000000	0.005074211527	0.000000000000	20000
3	8	0.375000000000	1.000000000000	3	0.000000000000	1.000000000000	0.000000000000	0.000000000000	12000
