# scan initial plane
# b 1.15
# r 0
# e -0.4
# p12 0.2
# ndiv 8
# n_reps 3
# A:(0,1),	A':(0,0.533),	B:(1,0),	B'=(0.533,0),	C:(1,1),	D:(0,0),	E:(0.308,0.308) 
# columns: ix iy x1_0 x2_0 rep x1_inf x2_inf sigma_1 sigma_2 t_relax
1	0	0.124000000000	0.000000000000	1	0.544530000000	0.000000000000	0.011260635058	0.000000000000	80000
1	0	0.124000000000	0.000000000000	2	0.548762000000	0.000000000000	0.011034179132	0.000000000000	48000
1	0	0.124000000000	0.000000000000	3	0.539552000000	0.000000000000	0.010778658334	0.000000000000	26000
1	1	0.124000000000	0.124000000000	1	0.286664000000	0.319510000000	0.011915245574	0.009291406257	84000
1	1	0.124000000000	0.124000000000	2	0.313892000000	0.296926000000	0.011491579195	0.008457544209	100000
1	1	0.124000000000	0.124000000000	3	0.298708000000	0.309994000000	0.021419185734	0.012862091486	100000
1	2	0.124000000000	0.250000000000	1	0.321370000000	0.293214000000	0.011172641940	0.012279780006	100000
1	2	0.124000000000	0.250000000000	2	0.281296000000	0.338080000000	0.019491852562	0.018501889631	100000
1	2	0.124000000000	0.250000000000	3	0.307972000000	0.305280000000	0.013631178417	0.011574435950	100000
1	3	0.124000000000	0.374000000000	1	0.326920000000	0.277064000000	0.012068606019	0.014084682541	100000
1	3	0.124000000000	0.374000000000	2	0.308686000000	0.306098000000	0.014146573067	0.015403625147	100000
1	3	0.124000000000	0.374000000000	3	0.279330000000	0.335848000000	0.011202883763	0.011277591945	22000
1	4	0.124000000000	0.500000000000	1	0.322620000000	0.278576000000	0.009265713866	0.011883157553	100000
1	4	0.124000000000	0.500000000000	2	0.296318000000	0.315378000000	0.016776183008	0.017606564319	100000
1	4	0.124000000000	0.500000000000	3	0.285188000000	0.329650000000	0.017111442296	0.018752096980	24000
1	5	0.124000000000	0.624000000000	1	0.321196000000	0.294500000000	0.011319439638	0.011397539379	100000
1	5	0.124000000000	0.624000000000	2	0.299128000000	0.312084000000	0.011088488200	0.015874411515	6000
1	5	0.124000000000	0.624000000000	3	0.307144000000	0.298672000000	0.011016925008	0.013779778601	100000
1	6	0.124000000000	0.750000000000	1	0.297636000000	0.311012000000	0.009105075859	0.010024587191	100000
1	6	0.124000000000	0.750000000000	2	0.322672000000	0.287308000000	0.010498887686	0.009742692444	100000
1	6	0.124000000000	0.750000000000	3	0.299506000000	0.303294000000	0.008472529005	0.009122542671	100000
1	7	0.124000000000	0.874000000000	1	0.292580000000	0.319172000000	0.011812329623	0.015104653805	68000
1	7	0.124000000000	0.874000000000	2	0.306418000000	0.301870000000	0.009646674781	0.013403236428	100000
1	7	0.124000000000	0.874000000000	3	0.313480000000	0.307680000000	0.011582389725	0.010037048488	100000
1	8	0.124000000000	1.000000000000	1	0.000000000000	1.000000000000	0.000000000000	0.000000000000	6000
1	8	0.124000000000	1.000000000000	2	0.000000000000	1.000000000000	0.000000000000	0.000000000000	6000
1	8	0.124000000000	1.000000000000	3	0.000000000000	1.000000000000	0.000000000000	0.000000000000	6000
