# scan initial plane
# b 1.15
# r 0
# e -0.4
# p12 0.24
# ndiv 8
# n_reps 3
# A:(0,1),	A':(0,0.640),	B:(1,0),	B'=(0.640,0),	C:(1,1),	D:(0,0),	E:(0.340,0.340) 
# columns: ix iy x1_0 x2_0 rep x1_inf x2_inf sigma_1 sigma_2 t_relax
2	0	0.250000000000	0.000000000000	1	0.907326000000	0.000000000000	0.013828266158	0.000000000000	8000
2	0	0.250000000000	0.000000000000	2	0.895926000000	0.000000000000	0.012196199050	0.000000000000	68000
2	0	0.250000000000	0.000000000000	3	1.000000000000	0.000000000000	0.000000000000	0.000000000000	46000
2	1	0.250000000000	0.124000000000	1	0.939334000000	0.000000000000	0.006721727875	0.000000000000	42000
2	1	0.250000000000	0.124000000000	2	0.919042000000	0.000000000000	0.012699587218	0.000000000000	8000
2	1	0.250000000000	0.124000000000	3	0.925524000000	0.000000000000	0.009385388085	0.000000000000	52000
2	2	0.250000000000	0.250000000000	1	0.898176000000	0.000000000000	0.015678227924	0.000000000000	16000
2	2	0.250000000000	0.250000000000	2	0.000000000000	0.937372000000	0.000000000000	0.009524722376	86000
2	2	0.250000000000	0.250000000000	3	0.000000000000	0.854276000000	0.000000000000	0.011139115939	8000
2	3	0.250000000000	0.374000000000	1	0.000000000000	0.914898000000	0.000000000000	0.008326038609	24000
2	3	0.250000000000	0.374000000000	2	0.000000000000	0.880414000000	0.000000000000	0.009957698517	8000
2	3	0.250000000000	0.374000000000	3	0.000000000000	1.000000000000	0.000000000000	0.000000000000	40000
2	4	0.250000000000	0.500000000000	1	0.000000000000	0.867786000000	0.000000000000	0.011071078212	12000
2	4	0.250000000000	0.500000000000	2	0.000000000000	1.000000000000	0.000000000000	0.000000000000	36000
2	4	0.250000000000	0.500000000000	3	0.000000000000	0.894522000000	0.000000000000	0.009577852121	28000
2	5	0.250000000000	0.624000000000	1	0.000000000000	0.900818000000	0.000000000000	0.011007271962	48000
2	5	0.250000000000	0.624000000000	2	0.000000000000	1.000000000000	0.000000000000	0.000000000000	34000
2	5	0.250000000000	0.624000000000	3	0.000000000000	0.883818000000	0.000000000000	0.009693752877	12000
2	6	0.250000000000	0.750000000000	1	0.000000000000	1.000000000000	0.000000000000	0.000000000000	18000
2	6	0.250000000000	0.750000000000	2	0.000000000000	0.885570000000	0.000000000000	0.009612465839	58000
2	6	0.250000000000	0.750000000000	3	0.000000000000	0.872740000000	0.000000000000	0.015186936592	12000
2	7	0.250000000000	0.874000000000	1	0.000000000000	0.957200000000	0.000000000000	0.010940918778	6000
2	7	0.250000000000	0.874000000000	2	0.000000000000	1.000000000000	0.000000000000	0.000000000000	34000
2	7	0.250000000000	0.874000000000	3	0.000000000000	0.917376000000	0.000000000000	0.013678513286	28000
2	8	0.250000000000	1.000000000000	1	0.000000000000	1.000000000000	0.000000000000	0.000000000000	6000
2	8	0.250000000000	1.000000000000	2	0.000000000000	1.000000000000	0.000000000000	0.000000000000	6000
2	8	0.250000000000	1.000000000000	3	0.000000000000	1.000000000000	0.000000000000	0.000000000000	6000
