# scan initial plane
# b 1.15
# r 0
# e -0.4
# p12 0.2
# ndiv 8
# n_reps 3
# A:(0,1),	A':(0,0.533),	B:(1,0),	B'=(0.533,0),	C:(1,1),	D:(0,0),	E:(0.308,0.308) 
# columns: ix iy x1_0 x2_0 rep x1_inf x2_inf sigma_1 sigma_2 t_relax
6	0	0.750000000000	0.000000000000	1	0.861486000000	0.000000000000	0.017290887160	0.000000000000	6000
6	0	0.750000000000	0.000000000000	2	0.890512000000	0.000000000000	0.010952708241	0.000000000000	25000
6	0	0.750000000000	0.000000000000	3	0.904968000000	0.000000000000	0.009242748747	0.000000000000	12000
6	1	0.750000000000	0.124000000000	1	0.900928000000	0.000000000000	0.013215197973	0.000000000000	25000
6	1	0.750000000000	0.124000000000	2	1.000000000000	0.000000000000	0.000000000000	0.000000000000	22000
6	1	0.750000000000	0.124000000000	3	0.888106000000	0.000000000000	0.011165546714	0.000000000000	25000
6	2	0.750000000000	0.250000000000	1	0.903138000000	0.000000000000	0.012180366058	0.000000000000	25000
6	2	0.750000000000	0.250000000000	2	1.000000000000	0.000000000000	0.000000000000	0.000000000000	24000
6	2	0.750000000000	0.250000000000	3	1.000000000000	0.000000000000	0.000000000000	0.000000000000	18000
6	3	0.750000000000	0.374000000000	1	0.934322000000	0.000000000000	0.010747642896	0.000000000000	25000
6	3	0.750000000000	0.374000000000	2	0.979844000000	0.000000000000	0.005985607028	0.000000000000	25000
6	3	0.750000000000	0.374000000000	3	0.949186000000	0.000000000000	0.010062736341	0.000000000000	24000
6	4	0.750000000000	0.500000000000	1	0.840728000000	0.000000000000	0.011267518492	0.000000000000	24000
6	4	0.750000000000	0.500000000000	2	0.882684000000	0.000000000000	0.010817447072	0.000000000000	16000
6	4	0.750000000000	0.500000000000	3	0.901620000000	0.000000000000	0.012961774863	0.000000000000	25000
6	5	0.750000000000	0.624000000000	1	0.858362000000	0.000000000000	0.010884825926	0.000000000000	6000
6	5	0.750000000000	0.624000000000	2	0.916234000000	0.000000000000	0.010242565799	0.000000000000	25000
6	5	0.750000000000	0.624000000000	3	0.864354000000	0.000000000000	0.013752520344	0.000000000000	25000
6	6	0.750000000000	0.750000000000	1	0.904558000000	0.000000000000	0.019445481808	0.000000000000	25000
6	6	0.750000000000	0.750000000000	2	0.864628000000	0.000000000000	0.014046313214	0.000000000000	14000
6	6	0.750000000000	0.750000000000	3	0.000000000000	0.890920000000	0.000000000000	0.014378328705	25000
6	7	0.750000000000	0.874000000000	1	0.000000000000	0.884520000000	0.000000000000	0.015220554039	25000
6	7	0.750000000000	0.874000000000	2	0.000000000000	0.954948000000	0.000000000000	0.008145652070	12000
6	7	0.750000000000	0.874000000000	3	0.000000000000	0.900426000000	0.000000000000	0.008344348516	25000
6	8	0.750000000000	1.000000000000	1	0.000000000000	1.000000000000	0.000000000000	0.000000000000	6000
6	8	0.750000000000	1.000000000000	2	0.000000000000	1.000000000000	0.000000000000	0.000000000000	6000
6	8	0.750000000000	1.000000000000	3	0.000000000000	1.000000000000	0.000000000000	0.000000000000	6000
