# scan initial plane
# b 1.15
# r 0
# e -0.4
# p12 0.22
# ndiv 8
# n_reps 5
# A:(0,1),	A':(0,0.587),	B:(1,0),	B'=(0.587,0),	C:(1,1),	D:(0,0),	E:(0.325,0.325) 
# columns: ix iy x1_0 x2_0 rep x1_inf x2_inf sigma_1 sigma_2 t_relax
4	0	0.500000000000	0.000000000000	1	0.660762000000	0.000000000000	0.008870966692	0.000000000000	12000
4	0	0.500000000000	0.000000000000	2	0.666300000000	0.000000000000	0.011299809100	0.000000000000	10000
4	0	0.500000000000	0.000000000000	3	0.678566000000	0.000000000000	0.012970577469	0.000000000000	20000
4	0	0.500000000000	0.000000000000	4	0.664410000000	0.000000000000	0.008655565771	0.000000000000	10000
4	0	0.500000000000	0.000000000000	5	0.674202000000	0.000000000000	0.010251843556	0.000000000000	28000
4	1	0.500000000000	0.124000000000	1	0.677960000000	0.000000000000	0.011189441613	0.000000000000	214000
4	1	0.500000000000	0.124000000000	2	0.486060000000	0.193378000000	0.013223435985	0.009966566533	400000
4	1	0.500000000000	0.124000000000	3	0.666804000000	0.000000000000	0.013764557641	0.000000000000	152000
4	1	0.500000000000	0.124000000000	4	0.672422000000	0.000000000000	0.009555586074	0.000000000000	152000
4	1	0.500000000000	0.124000000000	5	0.426874000000	0.263708000000	0.025450970038	0.019799665724	214000
4	2	0.500000000000	0.250000000000	1	0.405004000000	0.280300000000	0.020894893648	0.016629207153	138000
4	2	0.500000000000	0.250000000000	2	0.660584000000	0.000000000000	0.013062832066	0.000000000000	128000
4	2	0.500000000000	0.250000000000	3	0.552048000000	0.127756000000	0.016779250259	0.021967408382	400000
4	2	0.500000000000	0.250000000000	4	0.667670000000	0.000000000000	0.012618967404	0.000000000000	88000
4	2	0.500000000000	0.250000000000	5	0.525094000000	0.164894000000	0.011952825358	0.011151731934	146000
4	3	0.500000000000	0.374000000000	1	0.673334000000	0.000000000000	0.011510905479	0.000000000000	68000
4	3	0.500000000000	0.374000000000	2	0.676838000000	0.000000000000	0.012709653469	0.000000000000	62000
4	3	0.500000000000	0.374000000000	3	0.672938000000	0.000000000000	0.012735397377	0.000000000000	152000
4	3	0.500000000000	0.374000000000	4	0.264102000000	0.422080000000	0.015958454445	0.018396848753	106000
4	3	0.500000000000	0.374000000000	5	0.669476000000	0.000000000000	0.011918199003	0.000000000000	148000
4	4	0.500000000000	0.500000000000	1	0.680562000000	0.000000000000	0.007488673864	0.000000000000	172000
4	4	0.500000000000	0.500000000000	2	0.492224000000	0.195844000000	0.034654736686	0.031566249256	400000
4	4	0.500000000000	0.500000000000	3	0.677414000000	0.000000000000	0.010909978535	0.000000000000	160000
4	4	0.500000000000	0.500000000000	4	0.572422000000	0.112594000000	0.020982902521	0.015004942929	8000
4	4	0.500000000000	0.500000000000	5	0.561034000000	0.127636000000	0.021644290686	0.017370585518	210000
4	5	0.500000000000	0.624000000000	1	0.643272000000	0.027094000000	0.011490258572	0.006454209543	30000
4	5	0.500000000000	0.624000000000	2	0.668752000000	0.000000000000	0.009721780136	0.000000000000	278000
4	5	0.500000000000	0.624000000000	3	0.279326000000	0.406046000000	0.018276207039	0.019990034654	114000
4	5	0.500000000000	0.624000000000	4	0.298744000000	0.394754000000	0.017923384494	0.021746272885	148000
4	5	0.500000000000	0.624000000000	5	0.665224000000	0.000000000000	0.009139439444	0.000000000000	90000
4	6	0.500000000000	0.750000000000	1	0.414414000000	0.275420000000	0.019932835271	0.019811110016	18000
4	6	0.500000000000	0.750000000000	2	0.667796000000	0.000000000000	0.012327138449	0.000000000000	40000
4	6	0.500000000000	0.750000000000	3	0.521984000000	0.167656000000	0.010825383731	0.017330147085	278000
4	6	0.500000000000	0.750000000000	4	0.669710000000	0.000000000000	0.009384240191	0.000000000000	62000
4	6	0.500000000000	0.750000000000	5	0.321340000000	0.372576000000	0.030392237300	0.028209927756	180000
4	7	0.500000000000	0.874000000000	1	0.477028000000	0.212118000000	0.018419187889	0.017358669287	108000
4	7	0.500000000000	0.874000000000	2	0.686278000000	0.000000000000	0.012411638279	0.000000000000	96000
4	7	0.500000000000	0.874000000000	3	0.443424000000	0.235374000000	0.013686765562	0.015515052073	24000
4	7	0.500000000000	0.874000000000	4	0.666650000000	0.000000000000	0.008676449780	0.000000000000	70000
4	7	0.500000000000	0.874000000000	5	0.666368000000	0.000000000000	0.012759128943	0.000000000000	296000
4	8	0.500000000000	1.000000000000	1	0.000000000000	1.000000000000	0.000000000000	0.000000000000	6000
4	8	0.500000000000	1.000000000000	2	0.000000000000	1.000000000000	0.000000000000	0.000000000000	6000
4	8	0.500000000000	1.000000000000	3	0.000000000000	1.000000000000	0.000000000000	0.000000000000	6000
4	8	0.500000000000	1.000000000000	4	0.000000000000	1.000000000000	0.000000000000	0.000000000000	6000
4	8	0.500000000000	1.000000000000	5	0.000000000000	1.000000000000	0.000000000000	0.000000000000	6000
