# scan initial plane
# b 1.15
# r 0
# e -0.4
# p12 0.2
# ndiv 8
# n_reps 3
# A:(0,1),	A':(0,0.533),	B:(1,0),	B'=(0.533,0),	C:(1,1),	D:(0,0),	E:(0.308,0.308) 
# columns: ix iy x1_0 x2_0 rep x1_inf x2_inf sigma_1 sigma_2 t_relax
7	0	0.874000000000	0.000000000000	1	0.681900000000	0.000000000000	0.012604954775	0.000000000000	116000
7	0	0.874000000000	0.000000000000	2	0.689864000000	0.000000000000	0.011868713931	0.000000000000	66000
7	0	0.874000000000	0.000000000000	3	0.693246000000	0.000000000000	0.010702804961	0.000000000000	42000
7	1	0.874000000000	0.124000000000	1	0.694222000000	0.000000000000	0.014669216131	0.000000000000	22000
7	1	0.874000000000	0.124000000000	2	0.702340000000	0.000000000000	0.012576588193	0.000000000000	76000
7	1	0.874000000000	0.124000000000	3	0.684882000000	0.000000000000	0.012182219932	0.000000000000	70000
7	2	0.874000000000	0.250000000000	1	0.673416000000	0.000000000000	0.013715066425	0.000000000000	26000
7	2	0.874000000000	0.250000000000	2	0.670650000000	0.000000000000	0.013696170453	0.000000000000	48000
7	2	0.874000000000	0.250000000000	3	0.676220000000	0.000000000000	0.009861077063	0.000000000000	74000
7	3	0.874000000000	0.374000000000	1	0.692542000000	0.000000000000	0.015348544355	0.000000000000	72000
7	3	0.874000000000	0.374000000000	2	0.678480000000	0.000000000000	0.012770461412	0.000000000000	20000
7	3	0.874000000000	0.374000000000	3	0.681578000000	0.000000000000	0.009302927521	0.000000000000	56000
7	4	0.874000000000	0.500000000000	1	0.679192000000	0.000000000000	0.012014136485	0.000000000000	26000
7	4	0.874000000000	0.500000000000	2	0.673858000000	0.000000000000	0.010283267068	0.000000000000	86000
7	4	0.874000000000	0.500000000000	3	0.000000000000	0.672412000000	0.000000000000	0.013187120844	102000
7	5	0.874000000000	0.624000000000	1	0.675372000000	0.000000000000	0.015618500362	0.000000000000	18000
7	5	0.874000000000	0.624000000000	2	0.672772000000	0.000000000000	0.011907384339	0.000000000000	46000
7	5	0.874000000000	0.624000000000	3	0.701790000000	0.000000000000	0.012203147824	0.000000000000	62000
7	6	0.874000000000	0.750000000000	1	0.694736000000	0.000000000000	0.009648595722	0.000000000000	58000
7	6	0.874000000000	0.750000000000	2	0.693492000000	0.000000000000	0.010349930292	0.000000000000	56000
7	6	0.874000000000	0.750000000000	3	0.692472000000	0.000000000000	0.012463569174	0.000000000000	70000
7	7	0.874000000000	0.874000000000	1	0.684844000000	0.000000000000	0.010393637077	0.000000000000	54000
7	7	0.874000000000	0.874000000000	2	0.675360000000	0.000000000000	0.012360549469	0.000000000000	30000
7	7	0.874000000000	0.874000000000	3	0.690908000000	0.000000000000	0.009546238352	0.000000000000	42000
7	8	0.874000000000	1.000000000000	1	0.000000000000	1.000000000000	0.000000000000	0.000000000000	6000
7	8	0.874000000000	1.000000000000	2	0.000000000000	1.000000000000	0.000000000000	0.000000000000	6000
7	8	0.874000000000	1.000000000000	3	0.000000000000	1.000000000000	0.000000000000	0.000000000000	6000
