# scan initial plane
# b 1.15
# r 0
# e -0.4
# p12 0.16
# ndiv 8
# n_reps 3
# A:(0,1),	A':(0,0.427),	B:(1,0),	B'=(0.427,0),	C:(1,1),	D:(0,0),	E:(0.269,0.269) 
# columns: ix iy x1_0 x2_0 rep x1_inf x2_inf sigma_1 sigma_2 t_relax
0	0	0.000000000000	0.000000000000	1	0.000000000000	0.000000000000	0.000000000000	0.000000000000	4000
0	0	0.000000000000	0.000000000000	2	0.000000000000	0.000000000000	0.000000000000	0.000000000000	4000
0	0	0.000000000000	0.000000000000	3	0.000000000000	0.000000000000	0.000000000000	0.000000000000	4000
0	1	0.000000000000	0.124000000000	1	0.000000000000	0.488712000000	0.000000000000	0.013329618702	16000
0	1	0.000000000000	0.124000000000	2	0.000000000000	0.491270000000	0.000000000000	0.008026925410	26000
0	1	0.000000000000	0.124000000000	3	0.000000000000	0.490782000000	0.000000000000	0.009022742703	30000
0	2	0.000000000000	0.250000000000	1	0.000000000000	0.492794000000	0.000000000000	0.011078280205	44000
0	2	0.000000000000	0.250000000000	2	0.000000000000	0.476326000000	0.000000000000	0.008259657738	6000
0	2	0.000000000000	0.250000000000	3	0.000000000000	0.486600000000	0.000000000000	0.011296353731	16000
0	3	0.000000000000	0.374000000000	1	0.000000000000	0.489168000000	0.000000000000	0.008348501271	20000
0	3	0.000000000000	0.374000000000	2	0.000000000000	0.487186000000	0.000000000000	0.010486341944	6000
0	3	0.000000000000	0.374000000000	3	0.000000000000	0.496552000000	0.000000000000	0.013003091032	42000
0	4	0.000000000000	0.500000000000	1	0.000000000000	0.486432000000	0.000000000000	0.012166239904	14000
0	4	0.000000000000	0.500000000000	2	0.000000000000	0.483888000000	0.000000000000	0.009391680343	46000
0	4	0.000000000000	0.500000000000	3	0.000000000000	0.487310000000	0.000000000000	0.010317089819	16000
0	5	0.000000000000	0.624000000000	1	0.000000000000	0.488986000000	0.000000000000	0.011280028504	36000
0	5	0.000000000000	0.624000000000	2	0.000000000000	0.484590000000	0.000000000000	0.009137800578	8000
0	5	0.000000000000	0.624000000000	3	0.000000000000	0.478870000000	0.000000000000	0.011543498272	42000
0	6	0.000000000000	0.750000000000	1	0.000000000000	0.491724000000	0.000000000000	0.010088488569	34000
0	6	0.000000000000	0.750000000000	2	0.000000000000	0.486140000000	0.000000000000	0.010791146781	28000
0	6	0.000000000000	0.750000000000	3	0.000000000000	0.482808000000	0.000000000000	0.011165653040	22000
0	7	0.000000000000	0.874000000000	1	0.000000000000	0.490422000000	0.000000000000	0.010427974811	6000
0	7	0.000000000000	0.874000000000	2	0.000000000000	0.489696000000	0.000000000000	0.011232887508	10000
0	7	0.000000000000	0.874000000000	3	0.000000000000	0.491030000000	0.000000000000	0.012378057857	14000
0	8	0.000000000000	1.000000000000	1	0.000000000000	1.000000000000	0.000000000000	0.000000000000	4000
0	8	0.000000000000	1.000000000000	2	0.000000000000	1.000000000000	0.000000000000	0.000000000000	4000
0	8	0.000000000000	1.000000000000	3	0.000000000000	1.000000000000	0.000000000000	0.000000000000	4000
1	0	0.124000000000	0.000000000000	1	0.486992000000	0.000000000000	0.013861893380	0.000000000000	20000
1	0	0.124000000000	0.000000000000	2	0.490856000000	0.000000000000	0.010215067871	0.000000000000	34000
1	0	0.124000000000	0.000000000000	3	0.482156000000	0.000000000000	0.010205479696	0.000000000000	14000
1	1	0.124000000000	0.124000000000	1	0.300962000000	0.285766000000	0.011119091248	0.012514705824	106000
1	1	0.124000000000	0.124000000000	2	0.290220000000	0.277480000000	0.014022418772	0.012023067585	400000
1	1	0.124000000000	0.124000000000	3	0.278964000000	0.288904000000	0.017869695857	0.018963924025	48000
1	2	0.124000000000	0.250000000000	1	0.310804000000	0.261582000000	0.013919890350	0.014734122654	292000
1	2	0.124000000000	0.250000000000	2	0.293588000000	0.274364000000	0.009293256728	0.009877908538	236000
1	2	0.124000000000	0.250000000000	3	0.284882000000	0.285322000000	0.020542835347	0.019487536532	52000
1	3	0.124000000000	0.374000000000	1	0.302576000000	0.271678000000	0.013102667816	0.019852012956	102000
1	3	0.124000000000	0.374000000000	2	0.299702000000	0.274670000000	0.010829980816	0.011733574765	34000
1	3	0.124000000000	0.374000000000	3	0.298622000000	0.272994000000	0.013242071910	0.011132830004	146000
1	4	0.124000000000	0.500000000000	1	0.262898000000	0.309418000000	0.011663173909	0.015804653209	400000
1	4	0.124000000000	0.500000000000	2	0.297332000000	0.278500000000	0.014040474027	0.012580789970	184000
1	4	0.124000000000	0.500000000000	3	0.269096000000	0.294078000000	0.021142322053	0.015306737478	14000
1	5	0.124000000000	0.624000000000	1	0.301072000000	0.276224000000	0.014055902119	0.010283169140	152000
1	5	0.124000000000	0.624000000000	2	0.271216000000	0.290030000000	0.014528744902	0.008990880710	60000
1	5	0.124000000000	0.624000000000	3	0.284348000000	0.279056000000	0.010328289770	0.012866795188	60000
1	6	0.124000000000	0.750000000000	1	0.303718000000	0.265120000000	0.012625207795	0.009968599349	76000
1	6	0.124000000000	0.750000000000	2	0.288444000000	0.283892000000	0.012055712513	0.013452483239	400000
1	6	0.124000000000	0.750000000000	3	0.280828000000	0.281950000000	0.009494238071	0.014359655278	58000
1	7	0.124000000000	0.874000000000	1	0.275922000000	0.300844000000	0.011407718968	0.015091037188	14000
1	7	0.124000000000	0.874000000000	2	0.274972000000	0.297176000000	0.010134590565	0.011551556712	296000
1	7	0.124000000000	0.874000000000	3	0.278578000000	0.292598000000	0.013700277866	0.015259857773	54000
1	8	0.124000000000	1.000000000000	1	0.000000000000	1.000000000000	0.000000000000	0.000000000000	6000
1	8	0.124000000000	1.000000000000	2	0.000000000000	1.000000000000	0.000000000000	0.000000000000	6000
1	8	0.124000000000	1.000000000000	3	0.000000000000	1.000000000000	0.000000000000	0.000000000000	8000
2	0	0.250000000000	0.000000000000	1	0.497100000000	0.000000000000	0.008163371892	0.000000000000	24000
2	0	0.250000000000	0.000000000000	2	0.488480000000	0.000000000000	0.009307643753	0.000000000000	22000
2	0	0.250000000000	0.000000000000	3	0.484188000000	0.000000000000	0.010475609500	0.000000000000	20000
2	1	0.250000000000	0.124000000000	1	0.294190000000	0.270600000000	0.012752196615	0.010229009367	400000
2	1	0.250000000000	0.124000000000	2	0.279192000000	0.294830000000	0.016898304314	0.015497976877	20000
2	1	0.250000000000	0.124000000000	3	0.314776000000	0.249468000000	0.020169398321	0.018360121734	102000
2	2	0.250000000000	0.250000000000	1	0.293238000000	0.266612000000	0.011869466721	0.009372796024	64000
2	2	0.250000000000	0.250000000000	2	0.276390000000	0.291538000000	0.009615839244	0.013107034384	176000
2	2	0.250000000000	0.250000000000	3	0.301564000000	0.280358000000	0.010187919204	0.011470632564	42000
2	3	0.250000000000	0.374000000000	1	0.283946000000	0.283346000000	0.013581219884	0.017583556678	400000
2	3	0.250000000000	0.374000000000	2	0.277636000000	0.298706000000	0.014325107773	0.021710848093	400000
2	3	0.250000000000	0.374000000000	3	0.275006000000	0.296536000000	0.015126823354	0.012531150535	370000
2	4	0.250000000000	0.500000000000	1	0.302848000000	0.263906000000	0.009790646187	0.011250677390	24000
2	4	0.250000000000	0.500000000000	2	0.285248000000	0.284990000000	0.011620737392	0.008323291247	120000
2	4	0.250000000000	0.500000000000	3	0.292022000000	0.282028000000	0.011400591629	0.010265700200	132000
2	5	0.250000000000	0.624000000000	1	0.296352000000	0.267502000000	0.016814006269	0.016213663339	18000
2	5	0.250000000000	0.624000000000	2	0.279054000000	0.285994000000	0.012078367894	0.013686170950	16000
2	5	0.250000000000	0.624000000000	3	0.320954000000	0.250796000000	0.011995239463	0.013293573752	400000
2	6	0.250000000000	0.750000000000	1	0.300180000000	0.266128000000	0.015169631430	0.015083870164	276000
2	6	0.250000000000	0.750000000000	2	0.300580000000	0.279286000000	0.010934311097	0.010779350556	400000
2	6	0.250000000000	0.750000000000	3	0.283392000000	0.287210000000	0.012245337247	0.010429605778	112000
2	7	0.250000000000	0.874000000000	1	0.304018000000	0.264640000000	0.013180948881	0.014302270972	400000
2	7	0.250000000000	0.874000000000	2	0.292194000000	0.279460000000	0.016865194894	0.018760499896	104000
2	7	0.250000000000	0.874000000000	3	0.317648000000	0.253368000000	0.008415397490	0.011785901895	6000
2	8	0.250000000000	1.000000000000	1	0.000000000000	1.000000000000	0.000000000000	0.000000000000	6000
2	8	0.250000000000	1.000000000000	2	0.000000000000	1.000000000000	0.000000000000	0.000000000000	6000
2	8	0.250000000000	1.000000000000	3	0.000000000000	1.000000000000	0.000000000000	0.000000000000	6000
3	0	0.374000000000	0.000000000000	1	0.485498000000	0.000000000000	0.009868403183	0.000000000000	44000
3	0	0.374000000000	0.000000000000	2	0.488502000000	0.000000000000	0.011259430304	0.000000000000	20000
3	0	0.374000000000	0.000000000000	3	0.498148000000	0.000000000000	0.007826579799	0.000000000000	32000
3	1	0.374000000000	0.124000000000	1	0.297800000000	0.273350000000	0.011643004748	0.011880852438	74000
3	1	0.374000000000	0.124000000000	2	0.288578000000	0.289930000000	0.015346968608	0.015808890569	64000
3	1	0.374000000000	0.124000000000	3	0.298404000000	0.273594000000	0.009880810413	0.012665843343	400000
3	2	0.374000000000	0.250000000000	1	0.327340000000	0.248058000000	0.010018021799	0.011998024362	256000
3	2	0.374000000000	0.250000000000	2	0.283574000000	0.300478000000	0.009939885579	0.012670914255	206000
3	2	0.374000000000	0.250000000000	3	0.272416000000	0.301672000000	0.016213383910	0.017155603479	26000
3	3	0.374000000000	0.374000000000	1	0.289716000000	0.271902000000	0.014118309767	0.013336425918	30000
3	3	0.374000000000	0.374000000000	2	0.289120000000	0.276220000000	0.012646324744	0.010256353777	400000
3	3	0.374000000000	0.374000000000	3	0.299726000000	0.264336000000	0.008336331233	0.013220510046	346000
3	4	0.374000000000	0.500000000000	1	0.286934000000	0.280038000000	0.012602002002	0.011466387140	16000
3	4	0.374000000000	0.500000000000	2	0.304914000000	0.263710000000	0.011429577387	0.012152842943	216000
3	4	0.374000000000	0.500000000000	3	0.288002000000	0.284062000000	0.011565888023	0.011476404658	400000
3	5	0.374000000000	0.624000000000	1	0.280022000000	0.294042000000	0.017200097656	0.020213530687	396000
3	5	0.374000000000	0.624000000000	2	0.282890000000	0.277544000000	0.012304279552	0.014429146346	112000
3	5	0.374000000000	0.624000000000	3	0.267348000000	0.299686000000	0.008758744865	0.015882999518	400000
3	6	0.374000000000	0.750000000000	1	0.264344000000	0.311282000000	0.013119061467	0.011377606336	258000
3	6	0.374000000000	0.750000000000	2	0.274476000000	0.304076000000	0.013916288553	0.015305308768	400000
3	6	0.374000000000	0.750000000000	3	0.312376000000	0.257962000000	0.009748931514	0.012260868031	26000
3	7	0.374000000000	0.874000000000	1	0.287472000000	0.296702000000	0.010252918528	0.010324039025	278000
3	7	0.374000000000	0.874000000000	2	0.307372000000	0.257826000000	0.012892627189	0.012435769875	38000
3	7	0.374000000000	0.874000000000	3	0.272780000000	0.299932000000	0.012546115136	0.010958259874	146000
3	8	0.374000000000	1.000000000000	1	0.000000000000	1.000000000000	0.000000000000	0.000000000000	6000
3	8	0.374000000000	1.000000000000	2	0.000000000000	1.000000000000	0.000000000000	0.000000000000	6000
3	8	0.374000000000	1.000000000000	3	0.000000000000	1.000000000000	0.000000000000	0.000000000000	6000
4	0	0.500000000000	0.000000000000	1	0.477846000000	0.000000000000	0.009911130839	0.000000000000	22000
4	0	0.500000000000	0.000000000000	2	0.489110000000	0.000000000000	0.011675110629	0.000000000000	34000
4	0	0.500000000000	0.000000000000	3	0.492968000000	0.000000000000	0.012210654203	0.000000000000	8000
4	1	0.500000000000	0.124000000000	1	0.309758000000	0.268312000000	0.016774827297	0.011540009871	146000
4	1	0.500000000000	0.124000000000	2	0.270774000000	0.299494000000	0.011459853937	0.012506013128	40000
4	1	0.500000000000	0.124000000000	3	0.282682000000	0.290278000000	0.012581620451	0.014059743682	92000
4	2	0.500000000000	0.250000000000	1	0.300774000000	0.269896000000	0.014333260842	0.013098731265	168000
4	2	0.500000000000	0.250000000000	2	0.283034000000	0.283016000000	0.024992948835	0.020830209832	182000
4	2	0.500000000000	0.250000000000	3	0.282216000000	0.290908000000	0.011593090345	0.012684811407	400000
4	3	0.500000000000	0.374000000000	1	0.298928000000	0.267312000000	0.010682927545	0.011118735642	108000
4	3	0.500000000000	0.374000000000	2	0.282474000000	0.283292000000	0.012583229381	0.015185563451	400000
4	3	0.500000000000	0.374000000000	3	0.334272000000	0.236012000000	0.012782856387	0.012434889725	172000
4	4	0.500000000000	0.500000000000	1	0.311570000000	0.256374000000	0.020842012606	0.021097801811	66000
4	4	0.500000000000	0.500000000000	2	0.289076000000	0.281956000000	0.013926240130	0.017513903072	308000
4	4	0.500000000000	0.500000000000	3	0.308088000000	0.265670000000	0.018310858624	0.014642865618	146000
4	5	0.500000000000	0.624000000000	1	0.286574000000	0.287642000000	0.021825280453	0.017091517076	372000
4	5	0.500000000000	0.624000000000	2	0.292298000000	0.274774000000	0.013908149864	0.013169751948	400000
4	5	0.500000000000	0.624000000000	3	0.284934000000	0.288634000000	0.012714294998	0.013754389380	400000
4	6	0.500000000000	0.750000000000	1	0.296556000000	0.281668000000	0.015122154064	0.011972013411	214000
4	6	0.500000000000	0.750000000000	2	0.295192000000	0.274172000000	0.016874118403	0.016793464099	24000
4	6	0.500000000000	0.750000000000	3	0.278886000000	0.293972000000	0.012936241740	0.010049687170	400000
4	7	0.500000000000	0.874000000000	1	0.292448000000	0.283912000000	0.016595020057	0.015776982258	54000
4	7	0.500000000000	0.874000000000	2	0.279748000000	0.289562000000	0.011030601533	0.008108631568	22000
4	7	0.500000000000	0.874000000000	3	0.299566000000	0.262898000000	0.009719985706	0.018873521288	400000
4	8	0.500000000000	1.000000000000	1	0.000000000000	1.000000000000	0.000000000000	0.000000000000	8000
4	8	0.500000000000	1.000000000000	2	0.000000000000	1.000000000000	0.000000000000	0.000000000000	6000
4	8	0.500000000000	1.000000000000	3	0.000000000000	1.000000000000	0.000000000000	0.000000000000	6000
5	0	0.624000000000	0.000000000000	1	0.484118000000	0.000000000000	0.011204088879	0.000000000000	24000
5	0	0.624000000000	0.000000000000	2	0.492294000000	0.000000000000	0.009386248754	0.000000000000	18000
5	0	0.624000000000	0.000000000000	3	0.480906000000	0.000000000000	0.013855509342	0.000000000000	36000
5	1	0.624000000000	0.124000000000	1	0.304142000000	0.254582000000	0.012545486249	0.016883314909	194000
5	1	0.624000000000	0.124000000000	2	0.299082000000	0.264368000000	0.013637714738	0.014492847154	20000
5	1	0.624000000000	0.124000000000	3	0.288250000000	0.284110000000	0.015000483809	0.012763808789	400000
5	2	0.624000000000	0.250000000000	1	0.288204000000	0.282152000000	0.022656206383	0.015908172930	6000
5	2	0.624000000000	0.250000000000	2	0.282902000000	0.281514000000	0.013357275651	0.009606460747	82000
5	2	0.624000000000	0.250000000000	3	0.292850000000	0.272588000000	0.015037673744	0.011464802558	186000
5	3	0.624000000000	0.374000000000	1	0.294156000000	0.267780000000	0.015164089607	0.014348152127	30000
5	3	0.624000000000	0.374000000000	2	0.304176000000	0.267576000000	0.012058624898	0.011043467851	174000
5	3	0.624000000000	0.374000000000	3	0.273926000000	0.292736000000	0.012461854670	0.017967669330	118000
5	4	0.624000000000	0.500000000000	1	0.266114000000	0.302684000000	0.019182673927	0.012622657227	130000
5	4	0.624000000000	0.500000000000	2	0.303504000000	0.265752000000	0.013451800435	0.014400342561	106000
5	4	0.624000000000	0.500000000000	3	0.294232000000	0.287694000000	0.013713870579	0.017166859499	270000
5	5	0.624000000000	0.624000000000	1	0.311750000000	0.267010000000	0.017818052166	0.016877344126	158000
5	5	0.624000000000	0.624000000000	2	0.265974000000	0.315204000000	0.011729830046	0.012416140485	56000
5	5	0.624000000000	0.624000000000	3	0.281184000000	0.275974000000	0.013184079944	0.011269886172	400000
5	6	0.624000000000	0.750000000000	1	0.313130000000	0.253942000000	0.011193766140	0.014399999861	58000
5	6	0.624000000000	0.750000000000	2	0.287174000000	0.283136000000	0.013889083146	0.013283597327	56000
5	6	0.624000000000	0.750000000000	3	0.273352000000	0.297608000000	0.012216109419	0.015346460499	166000
5	7	0.624000000000	0.874000000000	1	0.296512000000	0.274990000000	0.016487865408	0.014976254144	260000
5	7	0.624000000000	0.874000000000	2	0.268860000000	0.302804000000	0.012744521287	0.009402658879	72000
5	7	0.624000000000	0.874000000000	3	0.272306000000	0.294894000000	0.015552757063	0.017613034463	184000
5	8	0.624000000000	1.000000000000	1	0.000000000000	1.000000000000	0.000000000000	0.000000000000	8000
5	8	0.624000000000	1.000000000000	2	0.000000000000	1.000000000000	0.000000000000	0.000000000000	6000
5	8	0.624000000000	1.000000000000	3	0.000000000000	1.000000000000	0.000000000000	0.000000000000	6000
6	0	0.750000000000	0.000000000000	1	0.482716000000	0.000000000000	0.009544550405	0.000000000000	30000
6	0	0.750000000000	0.000000000000	2	0.491688000000	0.000000000000	0.009239698481	0.000000000000	8000
6	0	0.750000000000	0.000000000000	3	0.508548000000	0.000000000000	0.010543759617	0.000000000000	32000
6	1	0.750000000000	0.124000000000	1	0.275078000000	0.296864000000	0.018208499814	0.017842978335	100000
6	1	0.750000000000	0.124000000000	2	0.264934000000	0.307430000000	0.018230963003	0.014800613439	148000
6	1	0.750000000000	0.124000000000	3	0.282312000000	0.288090000000	0.010975933998	0.014228364149	268000
6	2	0.750000000000	0.250000000000	1	0.277484000000	0.293402000000	0.013304689352	0.009294125929	16000
6	2	0.750000000000	0.250000000000	2	0.302102000000	0.273566000000	0.014236441700	0.016348299939	160000
6	2	0.750000000000	0.250000000000	3	0.302870000000	0.277250000000	0.010087063440	0.012560862840	274000
6	3	0.750000000000	0.374000000000	1	0.304712000000	0.260402000000	0.010715964160	0.012307797442	284000
6	3	0.750000000000	0.374000000000	2	0.303502000000	0.261560000000	0.019392267945	0.017151926673	76000
6	3	0.750000000000	0.374000000000	3	0.274152000000	0.305568000000	0.021006717454	0.016994534127	258000
6	4	0.750000000000	0.500000000000	1	0.294726000000	0.267008000000	0.008258397249	0.014971709591	400000
6	4	0.750000000000	0.500000000000	2	0.281206000000	0.289072000000	0.009717406650	0.008853993969	140000
6	4	0.750000000000	0.500000000000	3	0.300792000000	0.272998000000	0.016096702763	0.012385208492	26000
6	5	0.750000000000	0.624000000000	1	0.290026000000	0.281226000000	0.013745408697	0.012056130153	188000
6	5	0.750000000000	0.624000000000	2	0.298098000000	0.271840000000	0.017568353453	0.015139207231	112000
6	5	0.750000000000	0.624000000000	3	0.288304000000	0.283732000000	0.014296292106	0.011873548634	56000
6	6	0.750000000000	0.750000000000	1	0.313654000000	0.255700000000	0.011460524754	0.012645549016	78000
6	6	0.750000000000	0.750000000000	2	0.287872000000	0.284770000000	0.014375196077	0.014610974662	392000
6	6	0.750000000000	0.750000000000	3	0.270734000000	0.291276000000	0.011905250059	0.011991481127	242000
6	7	0.750000000000	0.874000000000	1	0.277360000000	0.284156000000	0.014713493361	0.017518749115	74000
6	7	0.750000000000	0.874000000000	2	0.288180000000	0.276188000000	0.014016992405	0.012640428649	202000
6	7	0.750000000000	0.874000000000	3	0.281690000000	0.298192000000	0.018958779901	0.018950521319	112000
6	8	0.750000000000	1.000000000000	1	0.000000000000	1.000000000000	0.000000000000	0.000000000000	6000
6	8	0.750000000000	1.000000000000	2	0.000000000000	1.000000000000	0.000000000000	0.000000000000	6000
6	8	0.750000000000	1.000000000000	3	0.000000000000	1.000000000000	0.000000000000	0.000000000000	6000
7	0	0.874000000000	0.000000000000	1	0.491088000000	0.000000000000	0.009207661866	0.000000000000	20000
7	0	0.874000000000	0.000000000000	2	0.489894000000	0.000000000000	0.010475041312	0.000000000000	38000
7	0	0.874000000000	0.000000000000	3	0.481686000000	0.000000000000	0.009200763993	0.000000000000	28000
7	1	0.874000000000	0.124000000000	1	0.309244000000	0.256222000000	0.019674744206	0.016370177113	224000
7	1	0.874000000000	0.124000000000	2	0.307244000000	0.261456000000	0.019794653124	0.023281539771	120000
7	1	0.874000000000	0.124000000000	3	0.289326000000	0.278190000000	0.019074211636	0.021066839149	278000
7	2	0.874000000000	0.250000000000	1	0.282088000000	0.283226000000	0.011970277505	0.011373226203	48000
7	2	0.874000000000	0.250000000000	2	0.272938000000	0.296878000000	0.019190529759	0.017005007683	226000
7	2	0.874000000000	0.250000000000	3	0.281062000000	0.293020000000	0.016898571470	0.013792963635	36000
7	3	0.874000000000	0.374000000000	1	0.286702000000	0.294272000000	0.017044227812	0.015725816905	210000
7	3	0.874000000000	0.374000000000	2	0.294594000000	0.273710000000	0.015705598678	0.011713287374	400000
7	3	0.874000000000	0.374000000000	3	0.289530000000	0.281134000000	0.013275516538	0.009909199576	362000
7	4	0.874000000000	0.500000000000	1	0.284576000000	0.285390000000	0.019921674054	0.021342150486	122000
7	4	0.874000000000	0.500000000000	2	0.289676000000	0.278922000000	0.022837174969	0.017327843783	166000
7	4	0.874000000000	0.500000000000	3	0.309686000000	0.258500000000	0.013814204148	0.014693328210	96000
7	5	0.874000000000	0.624000000000	1	0.283004000000	0.280440000000	0.012239844680	0.013393796840	48000
7	5	0.874000000000	0.624000000000	2	0.309996000000	0.265742000000	0.010412511916	0.011637562841	250000
7	5	0.874000000000	0.624000000000	3	0.280762000000	0.291452000000	0.012100321226	0.009845436945	304000
7	6	0.874000000000	0.750000000000	1	0.299150000000	0.273714000000	0.014446113325	0.015517570654	110000
7	6	0.874000000000	0.750000000000	2	0.297792000000	0.270720000000	0.019344532740	0.016114505183	364000
7	6	0.874000000000	0.750000000000	3	0.282374000000	0.281396000000	0.012194951449	0.013551192524	90000
7	7	0.874000000000	0.874000000000	1	0.292062000000	0.275394000000	0.010187833329	0.009170434061	88000
7	7	0.874000000000	0.874000000000	2	0.260694000000	0.316088000000	0.020933049385	0.013214192025	78000
7	7	0.874000000000	0.874000000000	3	0.291102000000	0.276902000000	0.012741111880	0.010781959314	230000
7	8	0.874000000000	1.000000000000	1	0.000000000000	1.000000000000	0.000000000000	0.000000000000	6000
7	8	0.874000000000	1.000000000000	2	0.000000000000	1.000000000000	0.000000000000	0.000000000000	6000
7	8	0.874000000000	1.000000000000	3	0.000000000000	1.000000000000	0.000000000000	0.000000000000	6000
8	0	1.000000000000	0.000000000000	1	1.000000000000	0.000000000000	0.000000000000	0.000000000000	4000
8	0	1.000000000000	0.000000000000	2	1.000000000000	0.000000000000	0.000000000000	0.000000000000	4000
8	0	1.000000000000	0.000000000000	3	1.000000000000	0.000000000000	0.000000000000	0.000000000000	4000
8	1	1.000000000000	0.124000000000	1	1.000000000000	0.000000000000	0.000000000000	0.000000000000	6000
8	1	1.000000000000	0.124000000000	2	1.000000000000	0.000000000000	0.000000000000	0.000000000000	6000
8	1	1.000000000000	0.124000000000	3	1.000000000000	0.000000000000	0.000000000000	0.000000000000	6000
8	2	1.000000000000	0.250000000000	1	1.000000000000	0.000000000000	0.000000000000	0.000000000000	6000
8	2	1.000000000000	0.250000000000	2	1.000000000000	0.000000000000	0.000000000000	0.000000000000	6000
8	2	1.000000000000	0.250000000000	3	1.000000000000	0.000000000000	0.000000000000	0.000000000000	6000
8	3	1.000000000000	0.374000000000	1	1.000000000000	0.000000000000	0.000000000000	0.000000000000	6000
8	3	1.000000000000	0.374000000000	2	1.000000000000	0.000000000000	0.000000000000	0.000000000000	6000
8	3	1.000000000000	0.374000000000	3	1.000000000000	0.000000000000	0.000000000000	0.000000000000	6000
8	4	1.000000000000	0.500000000000	1	1.000000000000	0.000000000000	0.000000000000	0.000000000000	6000
8	4	1.000000000000	0.500000000000	2	1.000000000000	0.000000000000	0.000000000000	0.000000000000	6000
8	4	1.000000000000	0.500000000000	3	1.000000000000	0.000000000000	0.000000000000	0.000000000000	6000
8	5	1.000000000000	0.624000000000	1	1.000000000000	0.000000000000	0.000000000000	0.000000000000	8000
8	5	1.000000000000	0.624000000000	2	1.000000000000	0.000000000000	0.000000000000	0.000000000000	6000
8	5	1.000000000000	0.624000000000	3	1.000000000000	0.000000000000	0.000000000000	0.000000000000	6000
8	6	1.000000000000	0.750000000000	1	1.000000000000	0.000000000000	0.000000000000	0.000000000000	6000
8	6	1.000000000000	0.750000000000	2	1.000000000000	0.000000000000	0.000000000000	0.000000000000	6000
8	6	1.000000000000	0.750000000000	3	1.000000000000	0.000000000000	0.000000000000	0.000000000000	6000
8	7	1.000000000000	0.874000000000	1	1.000000000000	0.000000000000	0.000000000000	0.000000000000	6000
8	7	1.000000000000	0.874000000000	2	1.000000000000	0.000000000000	0.000000000000	0.000000000000	6000
8	7	1.000000000000	0.874000000000	3	1.000000000000	0.000000000000	0.000000000000	0.000000000000	6000
8	8	1.000000000000	1.000000000000	1	1.000000000000	1.000000000000	0.000000000000	0.000000000000	4000
8	8	1.000000000000	1.000000000000	2	1.000000000000	1.000000000000	0.000000000000	0.000000000000	4000
8	8	1.000000000000	1.000000000000	3	1.000000000000	1.000000000000	0.000000000000	0.000000000000	4000
