# scan initial plane
# b 1.12
# r 0
# e -0.4
# p12 0.1
# ndiv 12
# n_reps 5
# A:(0,1),	A':(0,0.167),	B:(1,0),	B'=(0.667,0),	C:(1,1),	D:(0,0),	E:(0.643,0.027) 
# columns: ix iy x1_0 x2_0 rep x1_inf x2_inf sigma_1 sigma_2 t_relax
10	0	0.830000000000	0.000000000000	1	0.537760000000	0.000000000000	0.028070809934	0.000000000000	20000
10	0	0.830000000000	0.000000000000	2	0.570460000000	0.000000000000	0.030034821299	0.000000000000	30000
10	0	0.830000000000	0.000000000000	3	0.610960000000	0.000000000000	0.036707299353	0.000000000000	28000
10	0	0.830000000000	0.000000000000	4	0.574400000000	0.000000000000	0.038318511301	0.000000000000	12000
10	0	0.830000000000	0.000000000000	5	0.558100000000	0.000000000000	0.033348194885	0.000000000000	30000
10	1	0.830000000000	0.080000000000	1	0.563530000000	0.000000000000	0.028214094618	0.000000000000	20000
10	1	0.830000000000	0.080000000000	2	0.558500000000	0.000000000000	0.026054343761	0.000000000000	30000
10	1	0.830000000000	0.080000000000	3	0.562630000000	0.000000000000	0.030905310842	0.000000000000	12000
10	1	0.830000000000	0.080000000000	4	0.545720000000	0.000000000000	0.035854806751	0.000000000000	8000
10	1	0.830000000000	0.080000000000	5	0.536580000000	0.000000000000	0.031709763624	0.000000000000	6000
10	2	0.830000000000	0.165000000000	1	0.541390000000	0.000000000000	0.029020856468	0.000000000000	16000
10	2	0.830000000000	0.165000000000	2	0.535460000000	0.000000000000	0.029891167289	0.000000000000	20000
10	2	0.830000000000	0.165000000000	3	0.552410000000	0.000000000000	0.032430597337	0.000000000000	22000
10	2	0.830000000000	0.165000000000	4	0.579740000000	0.000000000000	0.040031674146	0.000000000000	30000
10	2	0.830000000000	0.165000000000	5	0.561930000000	0.000000000000	0.028315664867	0.000000000000	22000
10	3	0.830000000000	0.250000000000	1	0.545370000000	0.000000000000	0.033056857925	0.000000000000	30000
10	3	0.830000000000	0.250000000000	2	0.571720000000	0.000000000000	0.040371666692	0.000000000000	16000
10	3	0.830000000000	0.250000000000	3	0.554070000000	0.000000000000	0.031043498495	0.000000000000	30000
10	3	0.830000000000	0.250000000000	4	0.555300000000	0.000000000000	0.038933607922	0.000000000000	16000
10	3	0.830000000000	0.250000000000	5	0.529010000000	0.000000000000	0.025194337750	0.000000000000	30000
10	4	0.830000000000	0.330000000000	1	0.541590000000	0.000000000000	0.039144657416	0.000000000000	30000
10	4	0.830000000000	0.330000000000	2	0.583070000000	0.000000000000	0.033758179967	0.000000000000	10000
10	4	0.830000000000	0.330000000000	3	0.558410000000	0.000000000000	0.034312523213	0.000000000000	6000
10	4	0.830000000000	0.330000000000	4	0.600160000000	0.000000000000	0.024778789082	0.000000000000	26000
10	4	0.830000000000	0.330000000000	5	0.565500000000	0.000000000000	0.027743823091	0.000000000000	10000
10	5	0.830000000000	0.415000000000	1	0.566800000000	0.000000000000	0.028659751942	0.000000000000	28000
10	5	0.830000000000	0.415000000000	2	0.569040000000	0.000000000000	0.030102899936	0.000000000000	30000
10	5	0.830000000000	0.415000000000	3	0.555770000000	0.000000000000	0.029217473552	0.000000000000	30000
10	5	0.830000000000	0.415000000000	4	0.553800000000	0.000000000000	0.036418213661	0.000000000000	20000
10	5	0.830000000000	0.415000000000	5	0.556100000000	0.000000000000	0.031198771825	0.000000000000	8000
10	6	0.830000000000	0.500000000000	1	0.579460000000	0.000000000000	0.029583501882	0.000000000000	14000
10	6	0.830000000000	0.500000000000	2	0.564750000000	0.000000000000	0.028840410352	0.000000000000	8000
10	6	0.830000000000	0.500000000000	3	0.575250000000	0.000000000000	0.028084270085	0.000000000000	8000
10	6	0.830000000000	0.500000000000	4	0.572040000000	0.000000000000	0.027043849019	0.000000000000	12000
10	6	0.830000000000	0.500000000000	5	0.549810000000	0.000000000000	0.031639610696	0.000000000000	10000
10	7	0.830000000000	0.580000000000	1	0.560410000000	0.000000000000	0.036541307683	0.000000000000	24000
10	7	0.830000000000	0.580000000000	2	0.543440000000	0.000000000000	0.031909004757	0.000000000000	12000
10	7	0.830000000000	0.580000000000	3	0.584080000000	0.000000000000	0.029773142932	0.000000000000	12000
10	7	0.830000000000	0.580000000000	4	0.545540000000	0.000000000000	0.027869070402	0.000000000000	30000
10	7	0.830000000000	0.580000000000	5	0.553000000000	0.000000000000	0.033040758037	0.000000000000	16000
10	8	0.830000000000	0.665000000000	1	0.565190000000	0.000000000000	0.029652034385	0.000000000000	30000
10	8	0.830000000000	0.665000000000	2	0.570460000000	0.000000000000	0.029787173006	0.000000000000	16000
10	8	0.830000000000	0.665000000000	3	0.583770000000	0.000000000000	0.036794577602	0.000000000000	14000
10	8	0.830000000000	0.665000000000	4	0.556690000000	0.000000000000	0.031659852278	0.000000000000	30000
10	8	0.830000000000	0.665000000000	5	0.547310000000	0.000000000000	0.030574477897	0.000000000000	30000
10	9	0.830000000000	0.750000000000	1	0.539910000000	0.000000000000	0.025122161989	0.000000000000	30000
10	9	0.830000000000	0.750000000000	2	0.553400000000	0.000000000000	0.033327927490	0.000000000000	30000
10	9	0.830000000000	0.750000000000	3	0.583410000000	0.000000000000	0.031286590590	0.000000000000	22000
10	9	0.830000000000	0.750000000000	4	0.552880000000	0.000000000000	0.030036774258	0.000000000000	14000
10	9	0.830000000000	0.750000000000	5	0.586450000000	0.000000000000	0.033714005015	0.000000000000	8000
10	10	0.830000000000	0.830000000000	1	0.540490000000	0.000000000000	0.039398123205	0.000000000000	30000
10	10	0.830000000000	0.830000000000	2	0.544630000000	0.000000000000	0.026701611863	0.000000000000	8000
10	10	0.830000000000	0.830000000000	3	0.576730000000	0.000000000000	0.029656139105	0.000000000000	8000
10	10	0.830000000000	0.830000000000	4	0.557620000000	0.000000000000	0.025317515213	0.000000000000	6000
10	10	0.830000000000	0.830000000000	5	0.554800000000	0.000000000000	0.029455519476	0.000000000000	10000
10	11	0.830000000000	0.915000000000	1	0.565790000000	0.000000000000	0.031176078134	0.000000000000	6000
10	11	0.830000000000	0.915000000000	2	0.549650000000	0.000000000000	0.030319907599	0.000000000000	26000
10	11	0.830000000000	0.915000000000	3	0.554550000000	0.000000000000	0.027102251420	0.000000000000	22000
10	11	0.830000000000	0.915000000000	4	0.589800000000	0.000000000000	0.034098720251	0.000000000000	28000
10	11	0.830000000000	0.915000000000	5	0.571020000000	0.000000000000	0.029213233525	0.000000000000	8000
10	12	0.830000000000	1.000000000000	1	0.000000000000	1.000000000000	0.000000000000	0.000000000000	6000
10	12	0.830000000000	1.000000000000	2	0.000000000000	1.000000000000	0.000000000000	0.000000000000	8000
10	12	0.830000000000	1.000000000000	3	0.000000000000	1.000000000000	0.000000000000	0.000000000000	6000
10	12	0.830000000000	1.000000000000	4	0.000000000000	1.000000000000	0.000000000000	0.000000000000	8000
10	12	0.830000000000	1.000000000000	5	0.000000000000	1.000000000000	0.000000000000	0.000000000000	6000
11	0	0.910000000000	0.000000000000	1	0.562310000000	0.000000000000	0.034072346923	0.000000000000	14000
11	0	0.910000000000	0.000000000000	2	0.581120000000	0.000000000000	0.033121634058	0.000000000000	30000
11	0	0.910000000000	0.000000000000	3	0.549870000000	0.000000000000	0.031882590855	0.000000000000	20000
11	0	0.910000000000	0.000000000000	4	0.548070000000	0.000000000000	0.027870268241	0.000000000000	12000
11	0	0.910000000000	0.000000000000	5	0.551930000000	0.000000000000	0.036189567347	0.000000000000	20000
11	1	0.910000000000	0.080000000000	1	0.555980000000	0.000000000000	0.030314329261	0.000000000000	18000
11	1	0.910000000000	0.080000000000	2	0.554870000000	0.000000000000	0.024523141815	0.000000000000	14000
11	1	0.910000000000	0.080000000000	3	0.546690000000	0.000000000000	0.028325717047	0.000000000000	30000
11	1	0.910000000000	0.080000000000	4	0.566870000000	0.000000000000	0.029191698396	0.000000000000	30000
11	1	0.910000000000	0.080000000000	5	0.545470000000	0.000000000000	0.027519746300	0.000000000000	26000
11	2	0.910000000000	0.165000000000	1	0.532710000000	0.000000000000	0.029431651706	0.000000000000	6000
11	2	0.910000000000	0.165000000000	2	0.592590000000	0.000000000000	0.036643343661	0.000000000000	10000
11	2	0.910000000000	0.165000000000	3	0.579980000000	0.000000000000	0.035381512849	0.000000000000	30000
11	2	0.910000000000	0.165000000000	4	0.578190000000	0.000000000000	0.035319560747	0.000000000000	8000
11	2	0.910000000000	0.165000000000	5	0.543440000000	0.000000000000	0.024717956578	0.000000000000	10000
11	3	0.910000000000	0.250000000000	1	0.621520000000	0.000000000000	0.046962698976	0.000000000000	6000
11	3	0.910000000000	0.250000000000	2	0.564800000000	0.000000000000	0.026356301991	0.000000000000	6000
11	3	0.910000000000	0.250000000000	3	0.559040000000	0.000000000000	0.035323166989	0.000000000000	8000
11	3	0.910000000000	0.250000000000	4	0.578360000000	0.000000000000	0.040268249676	0.000000000000	26000
11	3	0.910000000000	0.250000000000	5	0.579730000000	0.000000000000	0.035548428809	0.000000000000	20000
11	4	0.910000000000	0.330000000000	1	0.547240000000	0.000000000000	0.029500044960	0.000000000000	28000
11	4	0.910000000000	0.330000000000	2	0.541170000000	0.000000000000	0.029236721531	0.000000000000	12000
11	4	0.910000000000	0.330000000000	3	0.568980000000	0.000000000000	0.040892931319	0.000000000000	8000
11	4	0.910000000000	0.330000000000	4	0.556610000000	0.000000000000	0.034307213307	0.000000000000	26000
11	4	0.910000000000	0.330000000000	5	0.533040000000	0.000000000000	0.037053088013	0.000000000000	14000
11	5	0.910000000000	0.415000000000	1	0.550820000000	0.000000000000	0.023092441639	0.000000000000	30000
11	5	0.910000000000	0.415000000000	2	0.607950000000	0.000000000000	0.028391963715	0.000000000000	30000
11	5	0.910000000000	0.415000000000	3	0.586180000000	0.000000000000	0.031871984931	0.000000000000	30000
11	5	0.910000000000	0.415000000000	4	0.589790000000	0.000000000000	0.040965034286	0.000000000000	14000
11	5	0.910000000000	0.415000000000	5	0.538530000000	0.000000000000	0.028237146393	0.000000000000	30000
11	6	0.910000000000	0.500000000000	1	0.558170000000	0.000000000000	0.036727373987	0.000000000000	18000
11	6	0.910000000000	0.500000000000	2	0.555110000000	0.000000000000	0.035939944068	0.000000000000	20000
11	6	0.910000000000	0.500000000000	3	0.535620000000	0.000000000000	0.042006906339	0.000000000000	10000
11	6	0.910000000000	0.500000000000	4	0.561420000000	0.000000000000	0.056474533845	0.000000000000	24000
11	6	0.910000000000	0.500000000000	5	0.555950000000	0.000000000000	0.027357740147	0.000000000000	10000
11	7	0.910000000000	0.580000000000	1	0.531950000000	0.000000000000	0.033460680165	0.000000000000	30000
11	7	0.910000000000	0.580000000000	2	0.544230000000	0.000000000000	0.039658288918	0.000000000000	30000
11	7	0.910000000000	0.580000000000	3	0.535720000000	0.000000000000	0.026671951428	0.000000000000	30000
11	7	0.910000000000	0.580000000000	4	0.561710000000	0.000000000000	0.028474316264	0.000000000000	10000
11	7	0.910000000000	0.580000000000	5	0.554460000000	0.000000000000	0.024737023271	0.000000000000	30000
11	8	0.910000000000	0.665000000000	1	0.572330000000	0.000000000000	0.038334588046	0.000000000000	30000
11	8	0.910000000000	0.665000000000	2	0.538610000000	0.000000000000	0.029930983341	0.000000000000	30000
11	8	0.910000000000	0.665000000000	3	0.556810000000	0.000000000000	0.033211849195	0.000000000000	30000
11	8	0.910000000000	0.665000000000	4	0.549990000000	0.000000000000	0.025817948533	0.000000000000	30000
11	8	0.910000000000	0.665000000000	5	0.576030000000	0.000000000000	0.035665264770	0.000000000000	30000
11	9	0.910000000000	0.750000000000	1	0.572080000000	0.000000000000	0.030604088129	0.000000000000	30000
11	9	0.910000000000	0.750000000000	2	0.545350000000	0.000000000000	0.035982944186	0.000000000000	8000
11	9	0.910000000000	0.750000000000	3	0.540430000000	0.000000000000	0.026103572485	0.000000000000	14000
11	9	0.910000000000	0.750000000000	4	0.558880000000	0.000000000000	0.033130699408	0.000000000000	30000
11	9	0.910000000000	0.750000000000	5	0.571760000000	0.000000000000	0.038410646672	0.000000000000	8000
11	10	0.910000000000	0.830000000000	1	0.558020000000	0.000000000000	0.037170704342	0.000000000000	10000
11	10	0.910000000000	0.830000000000	2	0.568610000000	0.000000000000	0.037322390878	0.000000000000	28000
11	10	0.910000000000	0.830000000000	3	0.598150000000	0.000000000000	0.027911584630	0.000000000000	10000
11	10	0.910000000000	0.830000000000	4	0.568200000000	0.000000000000	0.035914479668	0.000000000000	10000
11	10	0.910000000000	0.830000000000	5	0.553010000000	0.000000000000	0.029562033317	0.000000000000	6000
11	11	0.910000000000	0.915000000000	1	0.551520000000	0.000000000000	0.030009834891	0.000000000000	30000
11	11	0.910000000000	0.915000000000	2	0.569390000000	0.000000000000	0.026442903152	0.000000000000	10000
11	11	0.910000000000	0.915000000000	3	0.551820000000	0.000000000000	0.028165242425	0.000000000000	30000
11	11	0.910000000000	0.915000000000	4	0.557910000000	0.000000000000	0.034057184144	0.000000000000	10000
11	11	0.910000000000	0.915000000000	5	0.573170000000	0.000000000000	0.030744044892	0.000000000000	8000
11	12	0.910000000000	1.000000000000	1	0.000000000000	1.000000000000	0.000000000000	0.000000000000	6000
11	12	0.910000000000	1.000000000000	2	0.000000000000	1.000000000000	0.000000000000	0.000000000000	6000
11	12	0.910000000000	1.000000000000	3	0.000000000000	1.000000000000	0.000000000000	0.000000000000	6000
11	12	0.910000000000	1.000000000000	4	0.000000000000	1.000000000000	0.000000000000	0.000000000000	10000
11	12	0.910000000000	1.000000000000	5	0.000000000000	1.000000000000	0.000000000000	0.000000000000	8000
