# scan initial plane
# b 1.12
# r 0
# e -0.4
# p12 0.1
# ndiv 12
# n_reps 5
# A:(0,1),	A':(0,0.167),	B:(1,0),	B'=(0.667,0),	C:(1,1),	D:(0,0),	E:(0.643,0.027) 
# columns: ix iy x1_0 x2_0 rep x1_inf x2_inf sigma_1 sigma_2 t_relax
8	0	0.660000000000	0.000000000000	1	0.575110000000	0.000000000000	0.037738734903	0.000000000000	14000
8	0	0.660000000000	0.000000000000	2	0.562220000000	0.000000000000	0.027346287123	0.000000000000	10000
8	0	0.660000000000	0.000000000000	3	0.575700000000	0.000000000000	0.041603375354	0.000000000000	4000
8	0	0.660000000000	0.000000000000	4	0.600790000000	0.000000000000	0.034558214221	0.000000000000	6000
8	0	0.660000000000	0.000000000000	5	0.561890000000	0.000000000000	0.031807854999	0.000000000000	14000
8	1	0.660000000000	0.080000000000	1	0.550140000000	0.000000000000	0.031692030304	0.000000000000	12000
8	1	0.660000000000	0.080000000000	2	0.529430000000	0.000000000000	0.024383799328	0.000000000000	12000
8	1	0.660000000000	0.080000000000	3	0.595190000000	0.000000000000	0.028502215287	0.000000000000	6000
8	1	0.660000000000	0.080000000000	4	0.550600000000	0.000000000000	0.031847358670	0.000000000000	20000
8	1	0.660000000000	0.080000000000	5	0.549970000000	0.000000000000	0.029406867631	0.000000000000	14000
8	2	0.660000000000	0.165000000000	1	0.583440000000	0.000000000000	0.032539594731	0.000000000000	8000
8	2	0.660000000000	0.165000000000	2	0.551990000000	0.000000000000	0.040410059056	0.000000000000	16000
8	2	0.660000000000	0.165000000000	3	0.585220000000	0.000000000000	0.033263464312	0.000000000000	8000
8	2	0.660000000000	0.165000000000	4	0.567920000000	0.000000000000	0.041247726907	0.000000000000	30000
8	2	0.660000000000	0.165000000000	5	0.570390000000	0.000000000000	0.030647792534	0.000000000000	8000
8	3	0.660000000000	0.250000000000	1	0.585060000000	0.000000000000	0.033608420462	0.000000000000	16000
8	3	0.660000000000	0.250000000000	2	0.563360000000	0.000000000000	0.033436932103	0.000000000000	12000
8	3	0.660000000000	0.250000000000	3	0.574520000000	0.000000000000	0.034637687125	0.000000000000	12000
8	3	0.660000000000	0.250000000000	4	0.557190000000	0.000000000000	0.024552122244	0.000000000000	30000
8	3	0.660000000000	0.250000000000	5	0.562800000000	0.000000000000	0.033082540024	0.000000000000	10000
8	4	0.660000000000	0.330000000000	1	0.581960000000	0.000000000000	0.031507953776	0.000000000000	18000
8	4	0.660000000000	0.330000000000	2	0.568680000000	0.000000000000	0.024925466473	0.000000000000	30000
8	4	0.660000000000	0.330000000000	3	0.526350000000	0.000000000000	0.026681255394	0.000000000000	30000
8	4	0.660000000000	0.330000000000	4	0.542460000000	0.000000000000	0.027667922111	0.000000000000	20000
8	4	0.660000000000	0.330000000000	5	0.562140000000	0.000000000000	0.031900439465	0.000000000000	20000
8	5	0.660000000000	0.415000000000	1	0.574220000000	0.000000000000	0.044977934753	0.000000000000	14000
8	5	0.660000000000	0.415000000000	2	0.594260000000	0.000000000000	0.032439246365	0.000000000000	10000
8	5	0.660000000000	0.415000000000	3	0.545900000000	0.000000000000	0.025417238954	0.000000000000	30000
8	5	0.660000000000	0.415000000000	4	0.584910000000	0.000000000000	0.029954785748	0.000000000000	16000
8	5	0.660000000000	0.415000000000	5	0.579610000000	0.000000000000	0.031621951993	0.000000000000	16000
8	6	0.660000000000	0.500000000000	1	0.565910000000	0.000000000000	0.042710608707	0.000000000000	30000
8	6	0.660000000000	0.500000000000	2	0.547050000000	0.000000000000	0.025279171991	0.000000000000	20000
8	6	0.660000000000	0.500000000000	3	0.560210000000	0.000000000000	0.031247917248	0.000000000000	30000
8	6	0.660000000000	0.500000000000	4	0.550090000000	0.000000000000	0.026705900193	0.000000000000	14000
8	6	0.660000000000	0.500000000000	5	0.580810000000	0.000000000000	0.023975377343	0.000000000000	30000
8	7	0.660000000000	0.580000000000	1	0.564430000000	0.000000000000	0.028076028269	0.000000000000	18000
8	7	0.660000000000	0.580000000000	2	0.555730000000	0.000000000000	0.026626604667	0.000000000000	30000
8	7	0.660000000000	0.580000000000	3	0.573210000000	0.000000000000	0.029652574512	0.000000000000	30000
8	7	0.660000000000	0.580000000000	4	0.568450000000	0.000000000000	0.034372648705	0.000000000000	20000
8	7	0.660000000000	0.580000000000	5	0.560780000000	0.000000000000	0.038697404165	0.000000000000	16000
8	8	0.660000000000	0.665000000000	1	0.578700000000	0.000000000000	0.027071070220	0.000000000000	30000
8	8	0.660000000000	0.665000000000	2	0.553080000000	0.000000000000	0.029785916148	0.000000000000	30000
8	8	0.660000000000	0.665000000000	3	0.535280000000	0.000000000000	0.024591183915	0.000000000000	30000
8	8	0.660000000000	0.665000000000	4	0.560490000000	0.000000000000	0.032789251822	0.000000000000	14000
8	8	0.660000000000	0.665000000000	5	0.549240000000	0.000000000000	0.028454033669	0.000000000000	30000
8	9	0.660000000000	0.750000000000	1	0.589780000000	0.000000000000	0.032341886117	0.000000000000	30000
8	9	0.660000000000	0.750000000000	2	0.565480000000	0.000000000000	0.030622006912	0.000000000000	22000
8	9	0.660000000000	0.750000000000	3	0.555950000000	0.000000000000	0.035600068327	0.000000000000	18000
8	9	0.660000000000	0.750000000000	4	0.545400000000	0.000000000000	0.028238934779	0.000000000000	24000
8	9	0.660000000000	0.750000000000	5	0.568830000000	0.000000000000	0.025592695952	0.000000000000	30000
8	10	0.660000000000	0.830000000000	1	0.567390000000	0.000000000000	0.026985479727	0.000000000000	22000
8	10	0.660000000000	0.830000000000	2	0.574940000000	0.000000000000	0.029520634612	0.000000000000	16000
8	10	0.660000000000	0.830000000000	3	0.578400000000	0.000000000000	0.034615577971	0.000000000000	30000
8	10	0.660000000000	0.830000000000	4	0.558970000000	0.000000000000	0.034052880916	0.000000000000	30000
8	10	0.660000000000	0.830000000000	5	0.583430000000	0.000000000000	0.023083933113	0.000000000000	8000
8	11	0.660000000000	0.915000000000	1	0.575020000000	0.000000000000	0.033016506322	0.000000000000	30000
8	11	0.660000000000	0.915000000000	2	0.536400000000	0.000000000000	0.030698247220	0.000000000000	30000
8	11	0.660000000000	0.915000000000	3	0.576480000000	0.000000000000	0.040554337058	0.000000000000	10000
8	11	0.660000000000	0.915000000000	4	0.531770000000	0.000000000000	0.030775220783	0.000000000000	18000
8	11	0.660000000000	0.915000000000	5	0.573050000000	0.000000000000	0.028499293144	0.000000000000	30000
8	12	0.660000000000	1.000000000000	1	0.000000000000	1.000000000000	0.000000000000	0.000000000000	6000
8	12	0.660000000000	1.000000000000	2	0.000000000000	1.000000000000	0.000000000000	0.000000000000	8000
8	12	0.660000000000	1.000000000000	3	0.000000000000	1.000000000000	0.000000000000	0.000000000000	6000
8	12	0.660000000000	1.000000000000	4	0.000000000000	1.000000000000	0.000000000000	0.000000000000	6000
8	12	0.660000000000	1.000000000000	5	0.000000000000	1.000000000000	0.000000000000	0.000000000000	8000
9	0	0.750000000000	0.000000000000	1	0.550880000000	0.000000000000	0.034719317836	0.000000000000	12000
9	0	0.750000000000	0.000000000000	2	0.555270000000	0.000000000000	0.025451421864	0.000000000000	30000
9	0	0.750000000000	0.000000000000	3	0.552500000000	0.000000000000	0.029295190872	0.000000000000	14000
9	0	0.750000000000	0.000000000000	4	0.577090000000	0.000000000000	0.021829072550	0.000000000000	8000
9	0	0.750000000000	0.000000000000	5	0.541880000000	0.000000000000	0.030851538331	0.000000000000	16000
9	1	0.750000000000	0.080000000000	1	0.545650000000	0.000000000000	0.033085830384	0.000000000000	6000
9	1	0.750000000000	0.080000000000	2	0.557850000000	0.000000000000	0.037532468426	0.000000000000	8000
9	1	0.750000000000	0.080000000000	3	0.546670000000	0.000000000000	0.035970891079	0.000000000000	10000
9	1	0.750000000000	0.080000000000	4	0.550740000000	0.000000000000	0.033888062807	0.000000000000	12000
9	1	0.750000000000	0.080000000000	5	0.542540000000	0.000000000000	0.028080899860	0.000000000000	30000
9	2	0.750000000000	0.165000000000	1	0.549800000000	0.000000000000	0.030299803268	0.000000000000	30000
9	2	0.750000000000	0.165000000000	2	0.565720000000	0.000000000000	0.030900427771	0.000000000000	12000
9	2	0.750000000000	0.165000000000	3	0.545330000000	0.000000000000	0.029724984015	0.000000000000	24000
9	2	0.750000000000	0.165000000000	4	0.538000000000	0.000000000000	0.027942454809	0.000000000000	24000
9	2	0.750000000000	0.165000000000	5	0.551960000000	0.000000000000	0.031691682864	0.000000000000	30000
9	3	0.750000000000	0.250000000000	1	0.545120000000	0.000000000000	0.024338816281	0.000000000000	30000
9	3	0.750000000000	0.250000000000	2	0.583950000000	0.000000000000	0.037695071540	0.000000000000	26000
9	3	0.750000000000	0.250000000000	3	0.583470000000	0.000000000000	0.035823769238	0.000000000000	12000
9	3	0.750000000000	0.250000000000	4	0.559030000000	0.000000000000	0.033494491801	0.000000000000	14000
9	3	0.750000000000	0.250000000000	5	0.545860000000	0.000000000000	0.031728017068	0.000000000000	30000
9	4	0.750000000000	0.330000000000	1	0.570960000000	0.000000000000	0.026521345776	0.000000000000	30000
9	4	0.750000000000	0.330000000000	2	0.548820000000	0.000000000000	0.029425728087	0.000000000000	16000
9	4	0.750000000000	0.330000000000	3	0.557720000000	0.000000000000	0.028259515215	0.000000000000	30000
9	4	0.750000000000	0.330000000000	4	0.583220000000	0.000000000000	0.028256504208	0.000000000000	30000
9	4	0.750000000000	0.330000000000	5	0.545360000000	0.000000000000	0.032853458718	0.000000000000	16000
9	5	0.750000000000	0.415000000000	1	0.557760000000	0.000000000000	0.033697446757	0.000000000000	22000
9	5	0.750000000000	0.415000000000	2	0.576450000000	0.000000000000	0.030646969454	0.000000000000	8000
9	5	0.750000000000	0.415000000000	3	0.546900000000	0.000000000000	0.035992853256	0.000000000000	10000
9	5	0.750000000000	0.415000000000	4	0.584610000000	0.000000000000	0.023473365734	0.000000000000	6000
9	5	0.750000000000	0.415000000000	5	0.573370000000	0.000000000000	0.042672755525	0.000000000000	30000
9	6	0.750000000000	0.500000000000	1	0.566220000000	0.000000000000	0.034555834612	0.000000000000	20000
9	6	0.750000000000	0.500000000000	2	0.547460000000	0.000000000000	0.033583869287	0.000000000000	10000
9	6	0.750000000000	0.500000000000	3	0.570110000000	0.000000000000	0.032872001285	0.000000000000	30000
9	6	0.750000000000	0.500000000000	4	0.550750000000	0.000000000000	0.029127064491	0.000000000000	8000
9	6	0.750000000000	0.500000000000	5	0.585960000000	0.000000000000	0.035010057185	0.000000000000	14000
9	7	0.750000000000	0.580000000000	1	0.547350000000	0.000000000000	0.032079691498	0.000000000000	30000
9	7	0.750000000000	0.580000000000	2	0.572230000000	0.000000000000	0.033577590065	0.000000000000	30000
9	7	0.750000000000	0.580000000000	3	0.524760000000	0.000000000000	0.032397407180	0.000000000000	22000
9	7	0.750000000000	0.580000000000	4	0.567530000000	0.000000000000	0.025877959131	0.000000000000	6000
9	7	0.750000000000	0.580000000000	5	0.549000000000	0.000000000000	0.037672526053	0.000000000000	20000
9	8	0.750000000000	0.665000000000	1	0.526150000000	0.000000000000	0.025887210117	0.000000000000	22000
9	8	0.750000000000	0.665000000000	2	0.545990000000	0.000000000000	0.035131953463	0.000000000000	12000
9	8	0.750000000000	0.665000000000	3	0.538100000000	0.000000000000	0.024916075349	0.000000000000	20000
9	8	0.750000000000	0.665000000000	4	0.572390000000	0.000000000000	0.037120962620	0.000000000000	20000
9	8	0.750000000000	0.665000000000	5	0.576570000000	0.000000000000	0.039439708297	0.000000000000	24000
9	9	0.750000000000	0.750000000000	1	0.552320000000	0.000000000000	0.030501605662	0.000000000000	26000
9	9	0.750000000000	0.750000000000	2	0.548340000000	0.000000000000	0.034310663381	0.000000000000	8000
9	9	0.750000000000	0.750000000000	3	0.575630000000	0.000000000000	0.030989731581	0.000000000000	30000
9	9	0.750000000000	0.750000000000	4	0.556810000000	0.000000000000	0.036833145136	0.000000000000	30000
9	9	0.750000000000	0.750000000000	5	0.607300000000	0.000000000000	0.031481758228	0.000000000000	14000
9	10	0.750000000000	0.830000000000	1	0.551760000000	0.000000000000	0.030016718731	0.000000000000	10000
9	10	0.750000000000	0.830000000000	2	0.539400000000	0.000000000000	0.032531497019	0.000000000000	30000
9	10	0.750000000000	0.830000000000	3	0.549430000000	0.000000000000	0.028439125934	0.000000000000	10000
9	10	0.750000000000	0.830000000000	4	0.535750000000	0.000000000000	0.034569242580	0.000000000000	16000
9	10	0.750000000000	0.830000000000	5	0.570710000000	0.000000000000	0.034122723518	0.000000000000	14000
9	11	0.750000000000	0.915000000000	1	0.588800000000	0.000000000000	0.025838491203	0.000000000000	16000
9	11	0.750000000000	0.915000000000	2	0.567270000000	0.000000000000	0.033129211350	0.000000000000	12000
9	11	0.750000000000	0.915000000000	3	0.542970000000	0.000000000000	0.027177522288	0.000000000000	14000
9	11	0.750000000000	0.915000000000	4	0.600400000000	0.000000000000	0.020195243199	0.000000000000	12000
9	11	0.750000000000	0.915000000000	5	0.583830000000	0.000000000000	0.032641945356	0.000000000000	22000
9	12	0.750000000000	1.000000000000	1	0.000000000000	1.000000000000	0.000000000000	0.000000000000	6000
9	12	0.750000000000	1.000000000000	2	0.000000000000	1.000000000000	0.000000000000	0.000000000000	6000
9	12	0.750000000000	1.000000000000	3	0.000000000000	1.000000000000	0.000000000000	0.000000000000	6000
9	12	0.750000000000	1.000000000000	4	0.000000000000	1.000000000000	0.000000000000	0.000000000000	6000
9	12	0.750000000000	1.000000000000	5	0.000000000000	1.000000000000	0.000000000000	0.000000000000	6000
