# scan initial plane
# b 1.15
# r 0
# e -0.4
# p12 0.2
# ndiv 8
# n_reps 3
# A:(0,1),	A':(0,0.533),	B:(1,0),	B'=(0.533,0),	C:(1,1),	D:(0,0),	E:(0.308,0.308) 
# columns: ix iy x1_0 x2_0 rep x1_inf x2_inf sigma_1 sigma_2 t_relax
0	0	0.000000000000	0.000000000000	1	0.000000000000	0.000000000000	0.000000000000	0.000000000000	4000
0	0	0.000000000000	0.000000000000	2	0.000000000000	0.000000000000	0.000000000000	0.000000000000	4000
0	0	0.000000000000	0.000000000000	3	0.000000000000	0.000000000000	0.000000000000	0.000000000000	4000
0	1	0.000000000000	0.124000000000	1	0.000000000000	0.644414000000	0.000000000000	0.010478855396	25000
0	1	0.000000000000	0.124000000000	2	0.000000000000	0.629414000000	0.000000000000	0.013433728785	22000
0	1	0.000000000000	0.124000000000	3	0.000000000000	0.651590000000	0.000000000000	0.011364023981	25000
0	2	0.000000000000	0.250000000000	1	0.000000000000	0.628440000000	0.000000000000	0.010121504080	6000
0	2	0.000000000000	0.250000000000	2	0.000000000000	0.662334000000	0.000000000000	0.010805239340	25000
0	2	0.000000000000	0.250000000000	3	0.000000000000	0.639572000000	0.000000000000	0.012375215633	18000
0	3	0.000000000000	0.374000000000	1	0.000000000000	0.652786000000	0.000000000000	0.010939921658	20000
0	3	0.000000000000	0.374000000000	2	0.000000000000	0.638718000000	0.000000000000	0.010813204955	6000
0	3	0.000000000000	0.374000000000	3	0.000000000000	0.656358000000	0.000000000000	0.013222809031	25000
0	4	0.000000000000	0.500000000000	1	0.000000000000	0.640012000000	0.000000000000	0.010913063317	24000
0	4	0.000000000000	0.500000000000	2	0.000000000000	0.652970000000	0.000000000000	0.016658589634	4000
0	4	0.000000000000	0.500000000000	3	0.000000000000	0.651722000000	0.000000000000	0.013914033072	4000
0	5	0.000000000000	0.624000000000	1	0.000000000000	0.652360000000	0.000000000000	0.012203414413	22000
0	5	0.000000000000	0.624000000000	2	0.000000000000	0.666600000000	0.000000000000	0.012342460708	25000
0	5	0.000000000000	0.624000000000	3	0.000000000000	0.663508000000	0.000000000000	0.010393168620	25000
0	6	0.000000000000	0.750000000000	1	0.000000000000	0.660862000000	0.000000000000	0.011606708046	25000
0	6	0.000000000000	0.750000000000	2	0.000000000000	0.641740000000	0.000000000000	0.011207229899	20000
0	6	0.000000000000	0.750000000000	3	0.000000000000	0.651228000000	0.000000000000	0.010271393163	10000
0	7	0.000000000000	0.874000000000	1	0.000000000000	0.664542000000	0.000000000000	0.012262977478	25000
0	7	0.000000000000	0.874000000000	2	0.000000000000	0.638132000000	0.000000000000	0.011147863062	25000
0	7	0.000000000000	0.874000000000	3	0.000000000000	0.648388000000	0.000000000000	0.012399806902	6000
0	8	0.000000000000	1.000000000000	1	0.000000000000	1.000000000000	0.000000000000	0.000000000000	4000
0	8	0.000000000000	1.000000000000	2	0.000000000000	1.000000000000	0.000000000000	0.000000000000	4000
0	8	0.000000000000	1.000000000000	3	0.000000000000	1.000000000000	0.000000000000	0.000000000000	4000
