# scan initial plane
# b 1.3
# r 0
# e -0.4
# p12 0.3
# ndiv 10
# n_reps 5
# A:(0,1),	A':(0,0.400),	B:(1,0),	B'=(0.400,0),	C:(1,1),	D:(0,0),	E:(0.235,0.235) 
# columns: ix iy x1_0 x2_0 rep x1_inf x2_inf sigma_1 sigma_2 t_relax
4	0	0.400000000000	0.000000000000	1	0.387095000000	0.000000000000	0.016694750363	0.000000000000	14000
4	0	0.400000000000	0.000000000000	2	0.394045000000	0.000000000000	0.013190411743	0.000000000000	10000
4	0	0.400000000000	0.000000000000	3	0.400910000000	0.000000000000	0.013667798239	0.000000000000	6000
4	0	0.400000000000	0.000000000000	4	0.403155000000	0.000000000000	0.013524196053	0.000000000000	16000
4	0	0.400000000000	0.000000000000	5	0.404325000000	0.000000000000	0.011044970184	0.000000000000	6000
4	1	0.400000000000	0.100000000000	1	0.234615000000	0.215970000000	0.019121778615	0.018783288102	30000
4	1	0.400000000000	0.100000000000	2	0.203850000000	0.243955000000	0.016703487855	0.019112777749	18000
4	1	0.400000000000	0.100000000000	3	0.251255000000	0.198515000000	0.015221092492	0.016542170910	30000
4	1	0.400000000000	0.100000000000	4	0.216270000000	0.236830000000	0.026035840009	0.030307914307	30000
4	1	0.400000000000	0.100000000000	5	0.224230000000	0.235715000000	0.028732954646	0.027256314529	30000
4	2	0.400000000000	0.200000000000	1	0.220670000000	0.233730000000	0.031120243726	0.029986435038	16000
4	2	0.400000000000	0.200000000000	2	0.214610000000	0.241805000000	0.025076417741	0.019704193214	24000
4	2	0.400000000000	0.200000000000	3	0.263365000000	0.187855000000	0.022533520243	0.020781141230	30000
4	2	0.400000000000	0.200000000000	4	0.277420000000	0.168830000000	0.040644748684	0.032131971050	30000
4	2	0.400000000000	0.200000000000	5	0.213960000000	0.228125000000	0.020369912453	0.019034749715	30000
4	3	0.400000000000	0.300000000000	1	0.265055000000	0.187320000000	0.020988389350	0.021326566119	30000
4	3	0.400000000000	0.300000000000	2	0.247245000000	0.207465000000	0.019239416055	0.015588193185	30000
4	3	0.400000000000	0.300000000000	3	0.243510000000	0.207280000000	0.017859139085	0.020287019573	30000
4	3	0.400000000000	0.300000000000	4	0.240190000000	0.217620000000	0.016519285299	0.017461113667	30000
4	3	0.400000000000	0.300000000000	5	0.265860000000	0.184915000000	0.020093883750	0.021794328798	14000
4	4	0.400000000000	0.400000000000	1	0.222160000000	0.236295000000	0.020469572624	0.020523625269	30000
4	4	0.400000000000	0.400000000000	2	0.272670000000	0.172920000000	0.020492463030	0.022025183511	30000
4	4	0.400000000000	0.400000000000	3	0.201365000000	0.250070000000	0.022599170283	0.022825777448	30000
4	4	0.400000000000	0.400000000000	4	0.233370000000	0.217650000000	0.024664781602	0.023334995651	30000
4	4	0.400000000000	0.400000000000	5	0.193910000000	0.251695000000	0.022895110528	0.021900493296	30000
4	5	0.400000000000	0.500000000000	1	0.253635000000	0.191145000000	0.021205221914	0.021563370654	30000
4	5	0.400000000000	0.500000000000	2	0.228495000000	0.227360000000	0.020579929750	0.022122834805	30000
4	5	0.400000000000	0.500000000000	3	0.239820000000	0.212870000000	0.027068437345	0.022664438594	30000
4	5	0.400000000000	0.500000000000	4	0.265925000000	0.186215000000	0.019257212031	0.018726971845	30000
4	5	0.400000000000	0.500000000000	5	0.227610000000	0.219935000000	0.015776146132	0.016057042181	30000
4	6	0.400000000000	0.600000000000	1	0.233340000000	0.214710000000	0.026529195204	0.028442483627	30000
4	6	0.400000000000	0.600000000000	2	0.218940000000	0.219125000000	0.025575975652	0.029561516508	30000
4	6	0.400000000000	0.600000000000	3	0.218925000000	0.235850000000	0.026334632860	0.020951526590	30000
4	6	0.400000000000	0.600000000000	4	0.245350000000	0.212470000000	0.025924883791	0.035289438143	30000
4	6	0.400000000000	0.600000000000	5	0.210820000000	0.239100000000	0.016509092954	0.017145961157	30000
4	7	0.400000000000	0.700000000000	1	0.257885000000	0.190665000000	0.013438093516	0.012911215066	30000
4	7	0.400000000000	0.700000000000	2	0.221655000000	0.219225000000	0.019853970765	0.018408238325	30000
4	7	0.400000000000	0.700000000000	3	0.221095000000	0.223840000000	0.025390365213	0.031731077216	30000
4	7	0.400000000000	0.700000000000	4	0.234800000000	0.212490000000	0.020840929546	0.019729144410	30000
4	7	0.400000000000	0.700000000000	5	0.219305000000	0.223685000000	0.020286782114	0.020694783136	26000
4	8	0.400000000000	0.800000000000	1	0.277740000000	0.171935000000	0.021733954191	0.020340710890	30000
4	8	0.400000000000	0.800000000000	2	0.225870000000	0.229705000000	0.027950390415	0.021379781806	30000
4	8	0.400000000000	0.800000000000	3	0.224790000000	0.214850000000	0.021439812629	0.015771056598	16000
4	8	0.400000000000	0.800000000000	4	0.246865000000	0.200895000000	0.024025486447	0.025420861417	30000
4	8	0.400000000000	0.800000000000	5	0.234025000000	0.217215000000	0.020386023765	0.024093552546	30000
4	9	0.400000000000	0.900000000000	1	0.217320000000	0.237515000000	0.026540007008	0.020597913706	30000
4	9	0.400000000000	0.900000000000	2	0.242820000000	0.211810000000	0.018972547471	0.025704758988	30000
4	9	0.400000000000	0.900000000000	3	0.208300000000	0.248515000000	0.015430427671	0.018429851720	30000
4	9	0.400000000000	0.900000000000	4	0.246895000000	0.196685000000	0.014700342686	0.016353997317	30000
4	9	0.400000000000	0.900000000000	5	0.208250000000	0.240195000000	0.023023196293	0.021943529650	30000
4	10	0.400000000000	1.000000000000	1	0.000000000000	1.000000000000	0.000000000000	0.000000000000	6000
4	10	0.400000000000	1.000000000000	2	0.000000000000	1.000000000000	0.000000000000	0.000000000000	6000
4	10	0.400000000000	1.000000000000	3	0.000000000000	1.000000000000	0.000000000000	0.000000000000	6000
4	10	0.400000000000	1.000000000000	4	0.000000000000	1.000000000000	0.000000000000	0.000000000000	6000
4	10	0.400000000000	1.000000000000	5	0.000000000000	1.000000000000	0.000000000000	0.000000000000	6000
