# scan initial plane
# b 1.3
# r 0
# e -0.4
# p12 0.3
# ndiv 10
# n_reps 5
# A:(0,1),	A':(0,0.400),	B:(1,0),	B'=(0.400,0),	C:(1,1),	D:(0,0),	E:(0.235,0.235) 
# columns: ix iy x1_0 x2_0 rep x1_inf x2_inf sigma_1 sigma_2 t_relax
8	0	0.800000000000	0.000000000000	1	0.394670000000	0.000000000000	0.012657065272	0.000000000000	12000
8	0	0.800000000000	0.000000000000	2	0.398505000000	0.000000000000	0.014215908943	0.000000000000	10000
8	0	0.800000000000	0.000000000000	3	0.404440000000	0.000000000000	0.014623619602	0.000000000000	10000
8	0	0.800000000000	0.000000000000	4	0.401265000000	0.000000000000	0.016560465695	0.000000000000	10000
8	0	0.800000000000	0.000000000000	5	0.398850000000	0.000000000000	0.012753044348	0.000000000000	18000
8	1	0.800000000000	0.100000000000	1	0.219260000000	0.233345000000	0.025033559057	0.024829467926	30000
8	1	0.800000000000	0.100000000000	2	0.251755000000	0.193195000000	0.019044885998	0.019557593780	30000
8	1	0.800000000000	0.100000000000	3	0.259025000000	0.195460000000	0.026614520618	0.030981417790	28000
8	1	0.800000000000	0.100000000000	4	0.230770000000	0.223565000000	0.018271314702	0.013651085200	30000
8	1	0.800000000000	0.100000000000	5	0.188780000000	0.262220000000	0.023190502353	0.018590783125	30000
8	2	0.800000000000	0.200000000000	1	0.242520000000	0.211285000000	0.023356907868	0.022492881201	30000
8	2	0.800000000000	0.200000000000	2	0.223255000000	0.230380000000	0.020090634848	0.021678920074	30000
8	2	0.800000000000	0.200000000000	3	0.228800000000	0.220940000000	0.019267361813	0.014711656359	30000
8	2	0.800000000000	0.200000000000	4	0.226400000000	0.233300000000	0.020691015396	0.021618912493	30000
8	2	0.800000000000	0.200000000000	5	0.244770000000	0.204600000000	0.026456512375	0.023112208336	30000
8	3	0.800000000000	0.300000000000	1	0.272440000000	0.177280000000	0.021736349023	0.019085750335	30000
8	3	0.800000000000	0.300000000000	2	0.219450000000	0.235985000000	0.016285352705	0.019163037259	12000
8	3	0.800000000000	0.300000000000	3	0.231630000000	0.226245000000	0.028864793023	0.033538780908	30000
8	3	0.800000000000	0.300000000000	4	0.211400000000	0.238685000000	0.022693721709	0.021633626344	6000
8	3	0.800000000000	0.300000000000	5	0.261340000000	0.193630000000	0.029908174449	0.027260158037	30000
8	4	0.800000000000	0.400000000000	1	0.241030000000	0.210705000000	0.016497310728	0.017386208766	30000
8	4	0.800000000000	0.400000000000	2	0.264615000000	0.178715000000	0.018970678998	0.018844864125	30000
8	4	0.800000000000	0.400000000000	3	0.222485000000	0.224665000000	0.031595063270	0.030594914999	30000
8	4	0.800000000000	0.400000000000	4	0.238340000000	0.214255000000	0.017806219741	0.024795862756	30000
8	4	0.800000000000	0.400000000000	5	0.214040000000	0.223915000000	0.020983772747	0.020814202027	30000
8	5	0.800000000000	0.500000000000	1	0.217700000000	0.227640000000	0.029880643448	0.030496072049	30000
8	5	0.800000000000	0.500000000000	2	0.231705000000	0.235480000000	0.019199911761	0.022710908951	30000
8	5	0.800000000000	0.500000000000	3	0.244535000000	0.208080000000	0.026260205128	0.026577621601	30000
8	5	0.800000000000	0.500000000000	4	0.233620000000	0.211795000000	0.032866789101	0.033397130765	30000
8	5	0.800000000000	0.500000000000	5	0.214040000000	0.234250000000	0.037946255656	0.035131491880	30000
8	6	0.800000000000	0.600000000000	1	0.218615000000	0.232965000000	0.015937715827	0.014923353560	30000
8	6	0.800000000000	0.600000000000	2	0.219560000000	0.225650000000	0.022872025042	0.018245832686	30000
8	6	0.800000000000	0.600000000000	3	0.215330000000	0.234155000000	0.023764592482	0.022331808809	30000
8	6	0.800000000000	0.600000000000	4	0.208630000000	0.242425000000	0.024913727015	0.028095083355	22000
8	6	0.800000000000	0.600000000000	5	0.245975000000	0.206200000000	0.019546263874	0.015706899971	30000
8	7	0.800000000000	0.700000000000	1	0.212725000000	0.238220000000	0.025493122097	0.030365336383	30000
8	7	0.800000000000	0.700000000000	2	0.220000000000	0.228480000000	0.023039766293	0.027349361740	30000
8	7	0.800000000000	0.700000000000	3	0.237915000000	0.221475000000	0.026766475659	0.028343477693	30000
8	7	0.800000000000	0.700000000000	4	0.265900000000	0.177085000000	0.026318865528	0.025156721480	30000
8	7	0.800000000000	0.700000000000	5	0.221430000000	0.232350000000	0.020808365820	0.020666509251	30000
8	8	0.800000000000	0.800000000000	1	0.221105000000	0.226670000000	0.016351493704	0.015211590729	30000
8	8	0.800000000000	0.800000000000	2	0.237580000000	0.200080000000	0.019195365640	0.026055181298	30000
8	8	0.800000000000	0.800000000000	3	0.210295000000	0.245740000000	0.017975290988	0.019745690474	30000
8	8	0.800000000000	0.800000000000	4	0.235230000000	0.221840000000	0.018221666475	0.016284335405	10000
8	8	0.800000000000	0.800000000000	5	0.208395000000	0.236835000000	0.018075555336	0.018274072253	30000
8	9	0.800000000000	0.900000000000	1	0.244935000000	0.204190000000	0.019939115912	0.024189440445	30000
8	9	0.800000000000	0.900000000000	2	0.254990000000	0.199915000000	0.023716288967	0.019657166102	30000
8	9	0.800000000000	0.900000000000	3	0.236535000000	0.210895000000	0.028006305150	0.025365673506	16000
8	9	0.800000000000	0.900000000000	4	0.238310000000	0.212270000000	0.017292858148	0.016851738221	30000
8	9	0.800000000000	0.900000000000	5	0.196890000000	0.245010000000	0.032857381325	0.030897484599	10000
8	10	0.800000000000	1.000000000000	1	0.000000000000	1.000000000000	0.000000000000	0.000000000000	6000
8	10	0.800000000000	1.000000000000	2	0.000000000000	1.000000000000	0.000000000000	0.000000000000	6000
8	10	0.800000000000	1.000000000000	3	0.000000000000	1.000000000000	0.000000000000	0.000000000000	6000
8	10	0.800000000000	1.000000000000	4	0.000000000000	1.000000000000	0.000000000000	0.000000000000	6000
8	10	0.800000000000	1.000000000000	5	0.000000000000	1.000000000000	0.000000000000	0.000000000000	6000
