# scan initial plane
# b 1.15
# r 0
# e -0.4
# p12 0.21
# ndiv 8
# n_reps 3
# A:(0,1),	A':(0,0.560),	B:(1,0),	B'=(0.560,0),	C:(1,1),	D:(0,0),	E:(0.316,0.316) 
# columns: ix iy x1_0 x2_0 rep x1_inf x2_inf sigma_1 sigma_2 t_relax
3	0	0.374000000000	0.000000000000	1	0.741808000000	0.000000000000	0.013066517129	0.000000000000	12000
3	0	0.374000000000	0.000000000000	2	0.737782000000	0.000000000000	0.012241990947	0.000000000000	52000
3	0	0.374000000000	0.000000000000	3	0.728776000000	0.000000000000	0.010415099534	0.000000000000	12000
3	1	0.374000000000	0.124000000000	1	0.730700000000	0.000000000000	0.013600256136	0.000000000000	14000
3	1	0.374000000000	0.124000000000	2	0.752120000000	0.000000000000	0.013113564182	0.000000000000	14000
3	1	0.374000000000	0.124000000000	3	0.747860000000	0.000000000000	0.016404435544	0.000000000000	30000
3	2	0.374000000000	0.250000000000	1	0.736344000000	0.000000000000	0.011722247015	0.000000000000	26000
3	2	0.374000000000	0.250000000000	2	0.725840000000	0.000000000000	0.012514112154	0.000000000000	16000
3	2	0.374000000000	0.250000000000	3	0.740068000000	0.000000000000	0.015751427982	0.000000000000	34000
3	3	0.374000000000	0.374000000000	1	0.000000000000	0.733472000000	0.000000000000	0.015073035939	60000
3	3	0.374000000000	0.374000000000	2	0.000000000000	0.743056000000	0.000000000000	0.011041683874	30000
3	3	0.374000000000	0.374000000000	3	0.738536000000	0.000000000000	0.014464367318	0.000000000000	108000
3	4	0.374000000000	0.500000000000	1	0.000000000000	0.718426000000	0.000000000000	0.009649644534	10000
3	4	0.374000000000	0.500000000000	2	0.727938000000	0.000000000000	0.014529530731	0.000000000000	130000
3	4	0.374000000000	0.500000000000	3	0.000000000000	0.736652000000	0.000000000000	0.013673106810	40000
3	5	0.374000000000	0.624000000000	1	0.000000000000	0.744760000000	0.000000000000	0.012408399106	14000
3	5	0.374000000000	0.624000000000	2	0.000000000000	0.724216000000	0.000000000000	0.015763052300	86000
3	5	0.374000000000	0.624000000000	3	0.000000000000	0.738102000000	0.000000000000	0.012322395767	62000
3	6	0.374000000000	0.750000000000	1	0.000000000000	0.741074000000	0.000000000000	0.012652059066	52000
3	6	0.374000000000	0.750000000000	2	0.000000000000	0.753958000000	0.000000000000	0.011577576442	42000
3	6	0.374000000000	0.750000000000	3	0.000000000000	0.752950000000	0.000000000000	0.013319418415	68000
3	7	0.374000000000	0.874000000000	1	0.000000000000	0.756490000000	0.000000000000	0.013203720621	34000
3	7	0.374000000000	0.874000000000	2	0.000000000000	0.732538000000	0.000000000000	0.010152123996	48000
3	7	0.374000000000	0.874000000000	3	0.000000000000	0.754370000000	0.000000000000	0.013351755292	38000
3	8	0.374000000000	1.000000000000	1	0.000000000000	1.000000000000	0.000000000000	0.000000000000	6000
3	8	0.374000000000	1.000000000000	2	0.000000000000	1.000000000000	0.000000000000	0.000000000000	6000
3	8	0.374000000000	1.000000000000	3	0.000000000000	1.000000000000	0.000000000000	0.000000000000	6000
