# scan initial plane
# b 1.15
# r 0
# e -0.4
# p12 0.2
# ndiv 8
# n_reps 3
# A:(0,1),	A':(0,0.533),	B:(1,0),	B'=(0.533,0),	C:(1,1),	D:(0,0),	E:(0.308,0.308) 
# columns: ix iy x1_0 x2_0 rep x1_inf x2_inf sigma_1 sigma_2 t_relax
1	0	0.124000000000	0.000000000000	1	0.672313333333	0.000000000000	0.008794066310	0.000000000000	10000
1	0	0.124000000000	0.000000000000	2	0.682186666667	0.000000000000	0.010638969714	0.000000000000	6000
1	0	0.124000000000	0.000000000000	3	0.679968000000	0.000000000000	0.008003716632	0.000000000000	8000
1	1	0.124000000000	0.124000000000	1	0.338826666667	0.343665333333	0.016898874873	0.016710293199	32000
1	1	0.124000000000	0.124000000000	2	0.382782666667	0.313933333333	0.008943319933	0.009527182776	38000
1	1	0.124000000000	0.124000000000	3	0.358030666667	0.338441333333	0.011149201657	0.009915890434	82000
1	2	0.124000000000	0.249333333333	1	0.358442666667	0.330082666667	0.009866354277	0.012355477492	400000
1	2	0.124000000000	0.249333333333	2	0.360801333333	0.336390666667	0.016985855087	0.014259033380	36000
1	2	0.124000000000	0.249333333333	3	0.465250666667	0.229532000000	0.016721799023	0.011909180591	400000
1	3	0.124000000000	0.374666666667	1	0.677682666667	0.000000000000	0.007800807432	0.000000000000	266000
1	3	0.124000000000	0.374666666667	2	0.389138666667	0.304566666667	0.017504744400	0.017157983459	310000
1	3	0.124000000000	0.374666666667	3	0.292838666667	0.409217333333	0.012855042301	0.011782889781	270000
1	4	0.124000000000	0.500000000000	1	0.463708000000	0.238521333333	0.013797011922	0.013634445704	296000
1	4	0.124000000000	0.500000000000	2	0.453902666667	0.240738666667	0.012852641101	0.011370277495	238000
1	4	0.124000000000	0.500000000000	3	0.281104000000	0.410050666667	0.017671172661	0.020939157711	108000
1	5	0.124000000000	0.624000000000	1	0.419886666667	0.276116000000	0.014892595119	0.013625979687	72000
1	5	0.124000000000	0.624000000000	2	0.463058666667	0.236821333333	0.025836237739	0.021962629669	400000
1	5	0.124000000000	0.624000000000	3	0.325589333333	0.365506666667	0.015200415380	0.016797556109	90000
1	6	0.124000000000	0.749333333333	1	0.278926666667	0.418649333333	0.017831199764	0.022521106392	242000
1	6	0.124000000000	0.749333333333	2	0.344230666667	0.352754666667	0.026791003791	0.023399815446	400000
1	6	0.124000000000	0.749333333333	3	0.404854666667	0.291434666667	0.011235430160	0.014054201702	400000
1	7	0.124000000000	0.874666666667	1	0.386622666667	0.311689333333	0.010567600609	0.010682396726	156000
1	7	0.124000000000	0.874666666667	2	0.387030666667	0.303986666667	0.010582624456	0.012522982542	400000
1	7	0.124000000000	0.874666666667	3	0.384168000000	0.310522666667	0.014352266069	0.013561369042	40000
1	8	0.124000000000	1.000000000000	1	0.000000000000	1.000000000000	0.000000000000	0.000000000000	6000
1	8	0.124000000000	1.000000000000	2	0.000000000000	1.000000000000	0.000000000000	0.000000000000	6000
1	8	0.124000000000	1.000000000000	3	0.000000000000	1.000000000000	0.000000000000	0.000000000000	6000
