# scan initial plane
# b 1.15
# r 0
# e -0.4
# p12 0.2
# ndiv 8
# n_reps 3
# A:(0,1),	A':(0,0.533),	B:(1,0),	B'=(0.533,0),	C:(1,1),	D:(0,0),	E:(0.308,0.308) 
# columns: ix iy x1_0 x2_0 rep x1_inf x2_inf sigma_1 sigma_2 t_relax
5	0	0.624000000000	0.000000000000	1	0.547008000000	0.000000000000	0.009655110417	0.000000000000	10000
5	0	0.624000000000	0.000000000000	2	0.541322000000	0.000000000000	0.010494877725	0.000000000000	36000
5	0	0.624000000000	0.000000000000	3	0.544740000000	0.000000000000	0.007510846345	0.000000000000	28000
5	1	0.624000000000	0.124000000000	1	0.289178000000	0.320436000000	0.014067203070	0.009985069134	100000
5	1	0.624000000000	0.124000000000	2	0.302168000000	0.307254000000	0.010807802024	0.010333744252	100000
5	1	0.624000000000	0.124000000000	3	0.282386000000	0.324562000000	0.010599214468	0.011009876174	100000
5	2	0.624000000000	0.250000000000	1	0.321868000000	0.294084000000	0.012878370566	0.010716145752	72000
5	2	0.624000000000	0.250000000000	2	0.292916000000	0.311268000000	0.018965881172	0.020419234097	100000
5	2	0.624000000000	0.250000000000	3	0.322540000000	0.281416000000	0.010907032748	0.011321268264	100000
5	3	0.624000000000	0.374000000000	1	0.325114000000	0.297108000000	0.011135124382	0.011009702519	14000
5	3	0.624000000000	0.374000000000	2	0.265642000000	0.343194000000	0.009455011012	0.008553568117	100000
5	3	0.624000000000	0.374000000000	3	0.324072000000	0.277526000000	0.011444727948	0.014198483050	100000
5	4	0.624000000000	0.500000000000	1	0.333832000000	0.274948000000	0.013879352017	0.013246764615	100000
5	4	0.624000000000	0.500000000000	2	0.291482000000	0.314484000000	0.011494860060	0.012579506667	100000
5	4	0.624000000000	0.500000000000	3	0.296164000000	0.327372000000	0.007927922550	0.010556374996	62000
5	5	0.624000000000	0.624000000000	1	0.323164000000	0.288248000000	0.009918845068	0.009333896165	28000
5	5	0.624000000000	0.624000000000	2	0.276252000000	0.331202000000	0.010003427641	0.012429065841	100000
5	5	0.624000000000	0.624000000000	3	0.308626000000	0.295482000000	0.014717769421	0.012870327165	100000
5	6	0.624000000000	0.750000000000	1	0.283974000000	0.321740000000	0.022100220446	0.024247398548	100000
5	6	0.624000000000	0.750000000000	2	0.315168000000	0.306010000000	0.015625105437	0.015490508573	100000
5	6	0.624000000000	0.750000000000	3	0.300626000000	0.314758000000	0.011815910449	0.012825050406	74000
5	7	0.624000000000	0.874000000000	1	0.306862000000	0.306526000000	0.012321557401	0.016528536430	64000
5	7	0.624000000000	0.874000000000	2	0.316906000000	0.299390000000	0.015195725520	0.011513316484	22000
5	7	0.624000000000	0.874000000000	3	0.299856000000	0.304584000000	0.015386487839	0.016032341687	100000
5	8	0.624000000000	1.000000000000	1	0.000000000000	1.000000000000	0.000000000000	0.000000000000	8000
5	8	0.624000000000	1.000000000000	2	0.000000000000	1.000000000000	0.000000000000	0.000000000000	6000
5	8	0.624000000000	1.000000000000	3	0.000000000000	1.000000000000	0.000000000000	0.000000000000	6000
