# scan initial plane
# b 1.174
# r 0
# e -0.4
# p12 0.1
# ndiv 10
# n_reps 5
# A:(0,1),	A':(0,0.230),	B:(1,0),	B'=(0.230,0),	C:(1,1),	D:(0,0),	E:(0.173,0.173) 
# columns: ix iy x1_0 x2_0 rep x1_inf x2_inf sigma_1 sigma_2 t_relax
7	0	0.700000000000	0.000000000000	1	0.202720000000	0.000000000000	0.015588283889	0.000000000000	16000
7	0	0.700000000000	0.000000000000	2	0.211110000000	0.000000000000	0.011927286370	0.000000000000	6000
7	0	0.700000000000	0.000000000000	3	0.201280000000	0.000000000000	0.010337720661	0.000000000000	28000
7	0	0.700000000000	0.000000000000	4	0.197675000000	0.000000000000	0.013984453509	0.000000000000	30000
7	0	0.700000000000	0.000000000000	5	0.207655000000	0.000000000000	0.014360787137	0.000000000000	18000
7	1	0.700000000000	0.100000000000	1	0.152570000000	0.150675000000	0.011635311791	0.014983119464	30000
7	1	0.700000000000	0.100000000000	2	0.147325000000	0.148695000000	0.013945029180	0.014786501128	30000
7	1	0.700000000000	0.100000000000	3	0.152800000000	0.149775000000	0.016250356121	0.021539227315	18000
7	1	0.700000000000	0.100000000000	4	0.151775000000	0.142030000000	0.013420301020	0.014423492543	30000
7	1	0.700000000000	0.100000000000	5	0.135190000000	0.156180000000	0.012689559682	0.017634300910	20000
7	2	0.700000000000	0.200000000000	1	0.148605000000	0.134585000000	0.017913678429	0.014058820200	18000
7	2	0.700000000000	0.200000000000	2	0.138585000000	0.149480000000	0.019588427233	0.015877080389	30000
7	2	0.700000000000	0.200000000000	3	0.133330000000	0.156055000000	0.016325673880	0.011432089383	30000
7	2	0.700000000000	0.200000000000	4	0.156185000000	0.128355000000	0.010981410035	0.013219066484	30000
7	2	0.700000000000	0.200000000000	5	0.138110000000	0.158055000000	0.012622885456	0.023227817515	30000
7	3	0.700000000000	0.300000000000	1	0.152935000000	0.139025000000	0.015596603125	0.017054771773	26000
7	3	0.700000000000	0.300000000000	2	0.148700000000	0.135610000000	0.016330238108	0.015136281149	6000
7	3	0.700000000000	0.300000000000	3	0.145555000000	0.147070000000	0.016685184158	0.014828519312	30000
7	3	0.700000000000	0.300000000000	4	0.134775000000	0.146765000000	0.016449771122	0.022356421551	30000
7	3	0.700000000000	0.300000000000	5	0.160260000000	0.140675000000	0.016916517625	0.012305315754	30000
7	4	0.700000000000	0.400000000000	1	0.140390000000	0.149865000000	0.017268355338	0.015849542043	30000
7	4	0.700000000000	0.400000000000	2	0.164990000000	0.125135000000	0.014918862975	0.013284700157	30000
7	4	0.700000000000	0.400000000000	3	0.153395000000	0.151350000000	0.024217461891	0.023576117860	30000
7	4	0.700000000000	0.400000000000	4	0.158635000000	0.139135000000	0.012227480782	0.012529315973	30000
7	4	0.700000000000	0.400000000000	5	0.160425000000	0.140870000000	0.018393822542	0.010428415596	30000
7	5	0.700000000000	0.500000000000	1	0.154940000000	0.145390000000	0.013033275347	0.011697637998	30000
7	5	0.700000000000	0.500000000000	2	0.167235000000	0.146960000000	0.022136390736	0.020657568471	30000
7	5	0.700000000000	0.500000000000	3	0.143250000000	0.141335000000	0.019277165484	0.014446503953	30000
7	5	0.700000000000	0.500000000000	4	0.147340000000	0.148140000000	0.013548356283	0.013591362151	30000
7	5	0.700000000000	0.500000000000	5	0.135135000000	0.157465000000	0.015072622829	0.014569181035	30000
7	6	0.700000000000	0.600000000000	1	0.134870000000	0.164175000000	0.015154628427	0.014790643601	30000
7	6	0.700000000000	0.600000000000	2	0.149125000000	0.143290000000	0.027171633603	0.017604994628	30000
7	6	0.700000000000	0.600000000000	3	0.149390000000	0.146675000000	0.013726482299	0.014786413122	30000
7	6	0.700000000000	0.600000000000	4	0.132665000000	0.154270000000	0.010463376953	0.017903564942	30000
7	6	0.700000000000	0.600000000000	5	0.137245000000	0.150590000000	0.014603021031	0.010129388160	30000
7	7	0.700000000000	0.700000000000	1	0.147530000000	0.151310000000	0.017699219259	0.018235032668	30000
7	7	0.700000000000	0.700000000000	2	0.159095000000	0.140300000000	0.015472406741	0.015404457059	30000
7	7	0.700000000000	0.700000000000	3	0.153155000000	0.138120000000	0.017705492353	0.016899739679	30000
7	7	0.700000000000	0.700000000000	4	0.135470000000	0.157900000000	0.014953350885	0.018393703497	30000
7	7	0.700000000000	0.700000000000	5	0.154690000000	0.132860000000	0.013029722701	0.013423881726	30000
7	8	0.700000000000	0.800000000000	1	0.145925000000	0.134875000000	0.020313345539	0.015575685442	24000
7	8	0.700000000000	0.800000000000	2	0.158360000000	0.128315000000	0.009690423329	0.013027105606	30000
7	8	0.700000000000	0.800000000000	3	0.147530000000	0.155160000000	0.013947890294	0.013826263616	30000
7	8	0.700000000000	0.800000000000	4	0.130010000000	0.171730000000	0.019165521574	0.020102517534	30000
7	8	0.700000000000	0.800000000000	5	0.123515000000	0.167855000000	0.014590498883	0.022818735058	30000
7	9	0.700000000000	0.900000000000	1	0.164130000000	0.134500000000	0.019823876666	0.013421256652	26000
7	9	0.700000000000	0.900000000000	2	0.147980000000	0.161665000000	0.013608997201	0.015262231512	20000
7	9	0.700000000000	0.900000000000	3	0.154325000000	0.135765000000	0.017081016836	0.023700242119	30000
7	9	0.700000000000	0.900000000000	4	0.141785000000	0.156670000000	0.018442583981	0.013523830596	30000
7	9	0.700000000000	0.900000000000	5	0.150710000000	0.151050000000	0.020804536254	0.015912281442	30000
7	10	0.700000000000	1.000000000000	1	0.000000000000	1.000000000000	0.000000000000	0.000000000000	8000
7	10	0.700000000000	1.000000000000	2	0.000000000000	1.000000000000	0.000000000000	0.000000000000	10000
7	10	0.700000000000	1.000000000000	3	0.000000000000	1.000000000000	0.000000000000	0.000000000000	8000
7	10	0.700000000000	1.000000000000	4	0.000000000000	1.000000000000	0.000000000000	0.000000000000	6000
7	10	0.700000000000	1.000000000000	5	0.000000000000	1.000000000000	0.000000000000	0.000000000000	6000
