# scan initial plane
# b 1.3
# r 0
# e -0.4
# p12 0.3
# ndiv 10
# n_reps 5
# A:(0,1),	A':(0,0.400),	B:(1,0),	B'=(0.400,0),	C:(1,1),	D:(0,0),	E:(0.235,0.235) 
# columns: ix iy x1_0 x2_0 rep x1_inf x2_inf sigma_1 sigma_2 t_relax
3	0	0.300000000000	0.000000000000	1	0.393280000000	0.000000000000	0.012775163592	0.000000000000	10000
3	0	0.300000000000	0.000000000000	2	0.412225000000	0.000000000000	0.013466838186	0.000000000000	8000
3	0	0.300000000000	0.000000000000	3	0.406005000000	0.000000000000	0.014715009565	0.000000000000	30000
3	0	0.300000000000	0.000000000000	4	0.403185000000	0.000000000000	0.012922761809	0.000000000000	18000
3	0	0.300000000000	0.000000000000	5	0.408575000000	0.000000000000	0.016583708704	0.000000000000	8000
3	1	0.300000000000	0.100000000000	1	0.225575000000	0.219350000000	0.033879081557	0.028044857176	30000
3	1	0.300000000000	0.100000000000	2	0.248645000000	0.203870000000	0.012515814820	0.014229391258	30000
3	1	0.300000000000	0.100000000000	3	0.265260000000	0.177440000000	0.014473834733	0.012641447947	30000
3	1	0.300000000000	0.100000000000	4	0.208265000000	0.245180000000	0.025366478534	0.023767256520	30000
3	1	0.300000000000	0.100000000000	5	0.233980000000	0.218975000000	0.032209424817	0.041675667196	30000
3	2	0.300000000000	0.200000000000	1	0.248395000000	0.205000000000	0.015146894183	0.011230588859	30000
3	2	0.300000000000	0.200000000000	2	0.248925000000	0.198310000000	0.018941440102	0.019073743935	30000
3	2	0.300000000000	0.200000000000	3	0.242685000000	0.208180000000	0.020472784615	0.017382167291	30000
3	2	0.300000000000	0.200000000000	4	0.193200000000	0.252300000000	0.018843170250	0.015529042184	30000
3	2	0.300000000000	0.200000000000	5	0.244695000000	0.209175000000	0.019064244554	0.017707567109	30000
3	3	0.300000000000	0.300000000000	1	0.239645000000	0.213200000000	0.025363206959	0.024591965451	30000
3	3	0.300000000000	0.300000000000	2	0.213895000000	0.240380000000	0.025108452947	0.021274590671	30000
3	3	0.300000000000	0.300000000000	3	0.193655000000	0.252225000000	0.020970353615	0.023059838055	30000
3	3	0.300000000000	0.300000000000	4	0.222320000000	0.225100000000	0.016581391454	0.018196733804	30000
3	3	0.300000000000	0.300000000000	5	0.291795000000	0.154335000000	0.030316201066	0.031289164047	30000
3	4	0.300000000000	0.400000000000	1	0.235720000000	0.222875000000	0.015423017522	0.014221871770	4000
3	4	0.300000000000	0.400000000000	2	0.225320000000	0.227310000000	0.017428463826	0.015995929788	30000
3	4	0.300000000000	0.400000000000	3	0.282835000000	0.166660000000	0.025415225923	0.022885981914	30000
3	4	0.300000000000	0.400000000000	4	0.202465000000	0.251905000000	0.019521266733	0.020419670368	8000
3	4	0.300000000000	0.400000000000	5	0.255665000000	0.198370000000	0.024973114172	0.020404888127	30000
3	5	0.300000000000	0.500000000000	1	0.204185000000	0.254280000000	0.023011742987	0.022501954092	30000
3	5	0.300000000000	0.500000000000	2	0.251580000000	0.198640000000	0.029000769725	0.027574639812	30000
3	5	0.300000000000	0.500000000000	3	0.211055000000	0.234905000000	0.020976224088	0.022693191842	30000
3	5	0.300000000000	0.500000000000	4	0.189385000000	0.261620000000	0.024915207054	0.022808898392	30000
3	5	0.300000000000	0.500000000000	5	0.229270000000	0.218575000000	0.015870380240	0.015559127915	30000
3	6	0.300000000000	0.600000000000	1	0.208640000000	0.241355000000	0.022277717493	0.018530578981	30000
3	6	0.300000000000	0.600000000000	2	0.246720000000	0.204780000000	0.025579208273	0.032623087927	30000
3	6	0.300000000000	0.600000000000	3	0.251675000000	0.198330000000	0.020246710950	0.027175349116	30000
3	6	0.300000000000	0.600000000000	4	0.225860000000	0.225020000000	0.027724159663	0.030783066728	30000
3	6	0.300000000000	0.600000000000	5	0.238485000000	0.209570000000	0.021681786709	0.029299719684	30000
3	7	0.300000000000	0.700000000000	1	0.226590000000	0.222920000000	0.013145139584	0.015892645349	30000
3	7	0.300000000000	0.700000000000	2	0.195410000000	0.252270000000	0.031569423950	0.030426515950	30000
3	7	0.300000000000	0.700000000000	3	0.233895000000	0.227035000000	0.018497192250	0.020190131659	30000
3	7	0.300000000000	0.700000000000	4	0.248485000000	0.211935000000	0.016392024691	0.016571221451	30000
3	7	0.300000000000	0.700000000000	5	0.222495000000	0.226480000000	0.015214514664	0.016511578732	30000
3	8	0.300000000000	0.800000000000	1	0.238970000000	0.210135000000	0.030139633334	0.033540001591	30000
3	8	0.300000000000	0.800000000000	2	0.231860000000	0.216810000000	0.017252189369	0.017170285924	30000
3	8	0.300000000000	0.800000000000	3	0.223840000000	0.226250000000	0.022623355547	0.026206378504	14000
3	8	0.300000000000	0.800000000000	4	0.281345000000	0.165525000000	0.040218571687	0.042820356817	30000
3	8	0.300000000000	0.800000000000	5	0.215730000000	0.236150000000	0.019727043779	0.022834160788	6000
3	9	0.300000000000	0.900000000000	1	0.233080000000	0.214705000000	0.017593269256	0.014180587578	30000
3	9	0.300000000000	0.900000000000	2	0.231590000000	0.222860000000	0.016356632888	0.017992891489	30000
3	9	0.300000000000	0.900000000000	3	0.236895000000	0.216445000000	0.028898427191	0.028248627577	30000
3	9	0.300000000000	0.900000000000	4	0.234575000000	0.214890000000	0.015379561304	0.016738221771	30000
3	9	0.300000000000	0.900000000000	5	0.242220000000	0.203430000000	0.031549436872	0.031397785287	30000
3	10	0.300000000000	1.000000000000	1	0.000000000000	1.000000000000	0.000000000000	0.000000000000	6000
3	10	0.300000000000	1.000000000000	2	0.000000000000	1.000000000000	0.000000000000	0.000000000000	6000
3	10	0.300000000000	1.000000000000	3	0.000000000000	1.000000000000	0.000000000000	0.000000000000	6000
3	10	0.300000000000	1.000000000000	4	0.000000000000	1.000000000000	0.000000000000	0.000000000000	6000
3	10	0.300000000000	1.000000000000	5	0.000000000000	1.000000000000	0.000000000000	0.000000000000	6000
