# scan initial plane
# b 1.3
# r 0
# e -0.4
# p12 0.3
# ndiv 10
# n_reps 5
# A:(0,1),	A':(0,0.400),	B:(1,0),	B'=(0.400,0),	C:(1,1),	D:(0,0),	E:(0.235,0.235) 
# columns: ix iy x1_0 x2_0 rep x1_inf x2_inf sigma_1 sigma_2 t_relax
5	0	0.500000000000	0.000000000000	1	0.400625000000	0.000000000000	0.013637094461	0.000000000000	6000
5	0	0.500000000000	0.000000000000	2	0.401765000000	0.000000000000	0.012912261673	0.000000000000	14000
5	0	0.500000000000	0.000000000000	3	0.398690000000	0.000000000000	0.012629069380	0.000000000000	20000
5	0	0.500000000000	0.000000000000	4	0.404455000000	0.000000000000	0.013315602888	0.000000000000	8000
5	0	0.500000000000	0.000000000000	5	0.399080000000	0.000000000000	0.012188197248	0.000000000000	16000
5	1	0.500000000000	0.100000000000	1	0.201570000000	0.245580000000	0.018203474022	0.017682654673	30000
5	1	0.500000000000	0.100000000000	2	0.221995000000	0.234280000000	0.022188675317	0.018113798876	30000
5	1	0.500000000000	0.100000000000	3	0.243080000000	0.202915000000	0.021606259057	0.022121644201	30000
5	1	0.500000000000	0.100000000000	4	0.206890000000	0.238540000000	0.013607463506	0.013488897299	30000
5	1	0.500000000000	0.100000000000	5	0.239060000000	0.206505000000	0.026476733511	0.030670028132	30000
5	2	0.500000000000	0.200000000000	1	0.255860000000	0.202400000000	0.030544940553	0.024724508110	30000
5	2	0.500000000000	0.200000000000	2	0.251330000000	0.202375000000	0.025186612822	0.028294610087	30000
5	2	0.500000000000	0.200000000000	3	0.246390000000	0.201850000000	0.018489449958	0.017314077431	22000
5	2	0.500000000000	0.200000000000	4	0.228560000000	0.213890000000	0.024604507347	0.024177519568	30000
5	2	0.500000000000	0.200000000000	5	0.238070000000	0.204715000000	0.027391155057	0.026450773494	18000
5	3	0.500000000000	0.300000000000	1	0.250630000000	0.205225000000	0.026219087332	0.020245598516	4000
5	3	0.500000000000	0.300000000000	2	0.240105000000	0.208715000000	0.025597249739	0.028829757715	30000
5	3	0.500000000000	0.300000000000	3	0.241475000000	0.205910000000	0.022882810098	0.024086345760	30000
5	3	0.500000000000	0.300000000000	4	0.230470000000	0.222905000000	0.022793609820	0.020849956731	30000
5	3	0.500000000000	0.300000000000	5	0.236580000000	0.214270000000	0.015462622439	0.019895047447	30000
5	4	0.500000000000	0.400000000000	1	0.258130000000	0.192995000000	0.016702756721	0.022816124793	30000
5	4	0.500000000000	0.400000000000	2	0.205660000000	0.247435000000	0.021227694529	0.019740452387	30000
5	4	0.500000000000	0.400000000000	3	0.240330000000	0.211910000000	0.012579719764	0.015203059989	30000
5	4	0.500000000000	0.400000000000	4	0.231695000000	0.210280000000	0.018824354739	0.019728426466	30000
5	4	0.500000000000	0.400000000000	5	0.245270000000	0.199090000000	0.025908460941	0.024257170287	30000
5	5	0.500000000000	0.500000000000	1	0.198875000000	0.253705000000	0.021455062216	0.024272146838	30000
5	5	0.500000000000	0.500000000000	2	0.239570000000	0.209840000000	0.025751276245	0.017553704240	30000
5	5	0.500000000000	0.500000000000	3	0.244340000000	0.210155000000	0.022301608950	0.026663869504	30000
5	5	0.500000000000	0.500000000000	4	0.205065000000	0.246525000000	0.020989553029	0.021233233979	30000
5	5	0.500000000000	0.500000000000	5	0.252530000000	0.190565000000	0.028530915042	0.031977779056	30000
5	6	0.500000000000	0.600000000000	1	0.220095000000	0.233320000000	0.029385872533	0.029802949784	30000
5	6	0.500000000000	0.600000000000	2	0.255430000000	0.196085000000	0.031843824034	0.030032477832	30000
5	6	0.500000000000	0.600000000000	3	0.211145000000	0.242670000000	0.030850700814	0.032999394844	8000
5	6	0.500000000000	0.600000000000	4	0.220430000000	0.229430000000	0.020533794991	0.024097838198	30000
5	6	0.500000000000	0.600000000000	5	0.235535000000	0.212740000000	0.027638789367	0.023890650120	30000
5	7	0.500000000000	0.700000000000	1	0.214815000000	0.238185000000	0.030663186495	0.021767052616	16000
5	7	0.500000000000	0.700000000000	2	0.215400000000	0.230630000000	0.029643190090	0.029061101969	30000
5	7	0.500000000000	0.700000000000	3	0.243920000000	0.212595000000	0.019824899158	0.018910276930	30000
5	7	0.500000000000	0.700000000000	4	0.233930000000	0.217465000000	0.020621113702	0.019951110792	30000
5	7	0.500000000000	0.700000000000	5	0.234610000000	0.217550000000	0.039729413868	0.034582415234	30000
5	8	0.500000000000	0.800000000000	1	0.237830000000	0.212285000000	0.025550811023	0.023317321297	30000
5	8	0.500000000000	0.800000000000	2	0.270055000000	0.187070000000	0.022550620956	0.021253630674	30000
5	8	0.500000000000	0.800000000000	3	0.240160000000	0.209420000000	0.022005877821	0.020660117145	30000
5	8	0.500000000000	0.800000000000	4	0.223760000000	0.227515000000	0.014232531924	0.018901244193	30000
5	8	0.500000000000	0.800000000000	5	0.239470000000	0.211415000000	0.023414041029	0.021357174530	30000
5	9	0.500000000000	0.900000000000	1	0.199135000000	0.243760000000	0.024016735386	0.020136232713	30000
5	9	0.500000000000	0.900000000000	2	0.249850000000	0.206565000000	0.031256270642	0.035014308172	30000
5	9	0.500000000000	0.900000000000	3	0.198990000000	0.252905000000	0.033570178088	0.032617478058	30000
5	9	0.500000000000	0.900000000000	4	0.223330000000	0.236745000000	0.027024830091	0.029331558351	8000
5	9	0.500000000000	0.900000000000	5	0.233105000000	0.213200000000	0.017930573903	0.018254951198	30000
5	10	0.500000000000	1.000000000000	1	0.000000000000	1.000000000000	0.000000000000	0.000000000000	6000
5	10	0.500000000000	1.000000000000	2	0.000000000000	1.000000000000	0.000000000000	0.000000000000	6000
5	10	0.500000000000	1.000000000000	3	0.000000000000	1.000000000000	0.000000000000	0.000000000000	6000
5	10	0.500000000000	1.000000000000	4	0.000000000000	1.000000000000	0.000000000000	0.000000000000	6000
5	10	0.500000000000	1.000000000000	5	0.000000000000	1.000000000000	0.000000000000	0.000000000000	6000
