# scan initial plane
# b 1.15
# r 0
# e -0.4
# p12 0.23
# ndiv 8
# n_reps 3
# A:(0,1),	A':(0,0.613),	B:(1,0),	B'=(0.613,0),	C:(1,1),	D:(0,0),	E:(0.333,0.333) 
# columns: ix iy x1_0 x2_0 rep x1_inf x2_inf sigma_1 sigma_2 t_relax
7	0	0.874000000000	0.000000000000	1	0.746102000000	0.000000000000	0.011775408963	0.000000000000	28000
7	0	0.874000000000	0.000000000000	2	0.737814000000	0.000000000000	0.012820833740	0.000000000000	30000
7	0	0.874000000000	0.000000000000	3	0.753368000000	0.000000000000	0.013120240726	0.000000000000	38000
7	1	0.874000000000	0.124000000000	1	0.742366000000	0.000000000000	0.010013306662	0.000000000000	8000
7	1	0.874000000000	0.124000000000	2	0.760526000000	0.000000000000	0.009766407052	0.000000000000	22000
7	1	0.874000000000	0.124000000000	3	0.753890000000	0.000000000000	0.010324073154	0.000000000000	22000
7	2	0.874000000000	0.250000000000	1	0.755326000000	0.000000000000	0.013063245093	0.000000000000	12000
7	2	0.874000000000	0.250000000000	2	0.745444000000	0.000000000000	0.013906122545	0.000000000000	56000
7	2	0.874000000000	0.250000000000	3	0.743664000000	0.000000000000	0.009344861178	0.000000000000	124000
7	3	0.874000000000	0.374000000000	1	0.758184000000	0.000000000000	0.010540837408	0.000000000000	6000
7	3	0.874000000000	0.374000000000	2	0.757534000000	0.000000000000	0.010064996182	0.000000000000	44000
7	3	0.874000000000	0.374000000000	3	0.760360000000	0.000000000000	0.010829759170	0.000000000000	8000
7	4	0.874000000000	0.500000000000	1	0.738814000000	0.000000000000	0.007820138014	0.000000000000	20000
7	4	0.874000000000	0.500000000000	2	0.758086000000	0.000000000000	0.008295626644	0.000000000000	8000
7	4	0.874000000000	0.500000000000	3	0.745320000000	0.000000000000	0.010214202364	0.000000000000	32000
7	5	0.874000000000	0.624000000000	1	0.746158000000	0.000000000000	0.008313371647	0.000000000000	12000
7	5	0.874000000000	0.624000000000	2	0.725552000000	0.000000000000	0.011974250652	0.000000000000	22000
7	5	0.874000000000	0.624000000000	3	0.734428000000	0.000000000000	0.012118236987	0.000000000000	16000
7	6	0.874000000000	0.750000000000	1	0.736966000000	0.000000000000	0.012512210013	0.000000000000	16000
7	6	0.874000000000	0.750000000000	2	0.728868000000	0.000000000000	0.014254324318	0.000000000000	22000
7	6	0.874000000000	0.750000000000	3	0.752288000000	0.000000000000	0.009797808584	0.000000000000	26000
7	7	0.874000000000	0.874000000000	1	0.000000000000	0.737562000000	0.000000000000	0.009877130844	38000
7	7	0.874000000000	0.874000000000	2	0.736496000000	0.000000000000	0.011867215967	0.000000000000	68000
7	7	0.874000000000	0.874000000000	3	0.000000000000	0.740398000000	0.000000000000	0.008781042233	34000
7	8	0.874000000000	1.000000000000	1	0.000000000000	1.000000000000	0.000000000000	0.000000000000	6000
7	8	0.874000000000	1.000000000000	2	0.000000000000	1.000000000000	0.000000000000	0.000000000000	6000
7	8	0.874000000000	1.000000000000	3	0.000000000000	1.000000000000	0.000000000000	0.000000000000	6000
