# scan initial plane
# b 1.15
# r 0
# e -0.4
# p12 0.2
# ndiv 8
# n_reps 3
# A:(0,1),	A':(0,0.533),	B:(1,0),	B'=(0.533,0),	C:(1,1),	D:(0,0),	E:(0.308,0.308) 
# columns: ix iy x1_0 x2_0 rep x1_inf x2_inf sigma_1 sigma_2 t_relax
0	0	0.000000000000	0.000000000000	1	0.000000000000	0.000000000000	0.000000000000	0.000000000000	4000
0	0	0.000000000000	0.000000000000	2	0.000000000000	0.000000000000	0.000000000000	0.000000000000	4000
0	0	0.000000000000	0.000000000000	3	0.000000000000	0.000000000000	0.000000000000	0.000000000000	4000
0	1	0.000000000000	0.124000000000	1	0.000000000000	0.545238000000	0.000000000000	0.008066748318	32000
0	1	0.000000000000	0.124000000000	2	0.000000000000	0.539904000000	0.000000000000	0.009797896855	6000
0	1	0.000000000000	0.124000000000	3	0.000000000000	0.537056000000	0.000000000000	0.008653308254	12000
0	2	0.000000000000	0.250000000000	1	0.000000000000	0.536852000000	0.000000000000	0.008308497285	26000
0	2	0.000000000000	0.250000000000	2	0.000000000000	0.540106000000	0.000000000000	0.009486978801	28000
0	2	0.000000000000	0.250000000000	3	0.000000000000	0.543902000000	0.000000000000	0.010654760435	12000
0	3	0.000000000000	0.374000000000	1	0.000000000000	0.544746000000	0.000000000000	0.009837899586	48000
0	3	0.000000000000	0.374000000000	2	0.000000000000	0.535784000000	0.000000000000	0.009663888179	50000
0	3	0.000000000000	0.374000000000	3	0.000000000000	0.546090000000	0.000000000000	0.008125387494	4000
0	4	0.000000000000	0.500000000000	1	0.000000000000	0.536222000000	0.000000000000	0.009069783734	34000
0	4	0.000000000000	0.500000000000	2	0.000000000000	0.546796000000	0.000000000000	0.010468427388	8000
0	4	0.000000000000	0.500000000000	3	0.000000000000	0.539428000000	0.000000000000	0.009271395514	10000
0	5	0.000000000000	0.624000000000	1	0.000000000000	0.546684000000	0.000000000000	0.008498727691	26000
0	5	0.000000000000	0.624000000000	2	0.000000000000	0.549170000000	0.000000000000	0.008520310775	8000
0	5	0.000000000000	0.624000000000	3	0.000000000000	0.539676000000	0.000000000000	0.009304063069	32000
0	6	0.000000000000	0.750000000000	1	0.000000000000	0.537524000000	0.000000000000	0.012171835424	34000
0	6	0.000000000000	0.750000000000	2	0.000000000000	0.544432000000	0.000000000000	0.008653800568	20000
0	6	0.000000000000	0.750000000000	3	0.000000000000	0.544714000000	0.000000000000	0.007273727456	6000
0	7	0.000000000000	0.874000000000	1	0.000000000000	0.542154000000	0.000000000000	0.008435843019	22000
0	7	0.000000000000	0.874000000000	2	0.000000000000	0.527294000000	0.000000000000	0.008114888503	40000
0	7	0.000000000000	0.874000000000	3	0.000000000000	0.540272000000	0.000000000000	0.009426710926	12000
0	8	0.000000000000	1.000000000000	1	0.000000000000	1.000000000000	0.000000000000	0.000000000000	4000
0	8	0.000000000000	1.000000000000	2	0.000000000000	1.000000000000	0.000000000000	0.000000000000	4000
0	8	0.000000000000	1.000000000000	3	0.000000000000	1.000000000000	0.000000000000	0.000000000000	4000
