# scan initial plane
# b 1.15
# r 0
# e -0.4
# p12 0.2
# ndiv 8
# n_reps 3
# A:(0,1),	A':(0,0.533),	B:(1,0),	B'=(0.533,0),	C:(1,1),	D:(0,0),	E:(0.308,0.308) 
# columns: ix iy x1_0 x2_0 rep x1_inf x2_inf sigma_1 sigma_2 t_relax
2	0	0.250000000000	0.000000000000	1	0.570174000000	0.000000000000	0.010546893427	0.000000000000	10000
2	0	0.250000000000	0.000000000000	2	0.580524000000	0.000000000000	0.008703170064	0.000000000000	20000
2	0	0.250000000000	0.000000000000	3	0.573878000000	0.000000000000	0.009160842594	0.000000000000	6000
2	1	0.250000000000	0.124000000000	1	0.328296000000	0.300582000000	0.021580781128	0.022330515622	25000
2	1	0.250000000000	0.124000000000	2	0.270188000000	0.350006000000	0.032239417427	0.035505388276	25000
2	1	0.250000000000	0.124000000000	3	0.338550000000	0.293622000000	0.014747440015	0.017125489727	25000
2	2	0.250000000000	0.250000000000	1	0.323252000000	0.302446000000	0.015779527543	0.019957639925	25000
2	2	0.250000000000	0.250000000000	2	0.312296000000	0.316152000000	0.025179563030	0.024607283768	25000
2	2	0.250000000000	0.250000000000	3	0.293552000000	0.330192000000	0.012444523380	0.011482115440	25000
2	3	0.250000000000	0.374000000000	1	0.317058000000	0.318794000000	0.016954884373	0.017624874473	25000
2	3	0.250000000000	0.374000000000	2	0.322950000000	0.312720000000	0.026879136667	0.030062224424	25000
2	3	0.250000000000	0.374000000000	3	0.327066000000	0.311482000000	0.012627394628	0.011061737569	25000
2	4	0.250000000000	0.500000000000	1	0.361310000000	0.278520000000	0.010865632147	0.013270180771	25000
2	4	0.250000000000	0.500000000000	2	0.333722000000	0.297686000000	0.011510482492	0.011489012203	25000
2	4	0.250000000000	0.500000000000	3	0.291880000000	0.329806000000	0.014805837120	0.014139529352	25000
2	5	0.250000000000	0.624000000000	1	0.306394000000	0.317306000000	0.019370699213	0.013578318553	25000
2	5	0.250000000000	0.624000000000	2	0.295796000000	0.326228000000	0.020897346317	0.026308480613	25000
2	5	0.250000000000	0.624000000000	3	0.351056000000	0.292832000000	0.010859225883	0.011741449554	25000
2	6	0.250000000000	0.750000000000	1	0.362512000000	0.269676000000	0.011787315080	0.010736586902	25000
2	6	0.250000000000	0.750000000000	2	0.263324000000	0.363554000000	0.019578721877	0.018665301430	25000
2	6	0.250000000000	0.750000000000	3	0.329286000000	0.305076000000	0.014346987142	0.012543985634	25000
2	7	0.250000000000	0.874000000000	1	0.349788000000	0.283972000000	0.019957789691	0.019201455984	10000
2	7	0.250000000000	0.874000000000	2	0.301200000000	0.332178000000	0.012308350641	0.013318171409	25000
2	7	0.250000000000	0.874000000000	3	0.327758000000	0.298834000000	0.011810034416	0.013015907877	25000
2	8	0.250000000000	1.000000000000	1	0.000000000000	1.000000000000	0.000000000000	0.000000000000	6000
2	8	0.250000000000	1.000000000000	2	0.000000000000	1.000000000000	0.000000000000	0.000000000000	6000
2	8	0.250000000000	1.000000000000	3	0.000000000000	1.000000000000	0.000000000000	0.000000000000	6000
