# scan initial plane
# b 1.15
# r 0
# e -0.4
# p12 0.1
# ndiv 8
# n_reps 3
# A:(0,1),	A':(0,0.267),	B:(1,0),	B'=(0.267,0),	C:(1,1),	D:(0,0),	E:(0.195,0.195) 
# columns: ix iy x1_0 x2_0 rep x1_inf x2_inf sigma_1 sigma_2 t_relax
0	0	0.000000000000	0.000000000000	1	0.000000000000	0.000000000000	0.000000000000	0.000000000000	4000
0	0	0.000000000000	0.000000000000	2	0.000000000000	0.000000000000	0.000000000000	0.000000000000	4000
0	0	0.000000000000	0.000000000000	3	0.000000000000	0.000000000000	0.000000000000	0.000000000000	4000
0	1	0.000000000000	0.124000000000	1	0.000000000000	0.319778000000	0.000000000000	0.009301248799	18000
0	1	0.000000000000	0.124000000000	2	0.000000000000	0.329272000000	0.000000000000	0.012661687657	28000
0	1	0.000000000000	0.124000000000	3	0.000000000000	0.326058000000	0.000000000000	0.008840293365	14000
0	2	0.000000000000	0.250000000000	1	0.000000000000	0.335750000000	0.000000000000	0.008976306260	56000
0	2	0.000000000000	0.250000000000	2	0.000000000000	0.336876000000	0.000000000000	0.013551688908	6000
0	2	0.000000000000	0.250000000000	3	0.000000000000	0.335380000000	0.000000000000	0.011287471241	32000
0	3	0.000000000000	0.374000000000	1	0.000000000000	0.324446000000	0.000000000000	0.010955048932	48000
0	3	0.000000000000	0.374000000000	2	0.000000000000	0.329888000000	0.000000000000	0.009745277134	88000
0	3	0.000000000000	0.374000000000	3	0.000000000000	0.332282000000	0.000000000000	0.008499218359	58000
0	4	0.000000000000	0.500000000000	1	0.000000000000	0.339358000000	0.000000000000	0.012444223346	6000
0	4	0.000000000000	0.500000000000	2	0.000000000000	0.324852000000	0.000000000000	0.009938856920	12000
0	4	0.000000000000	0.500000000000	3	0.000000000000	0.325266000000	0.000000000000	0.013404660717	12000
0	5	0.000000000000	0.624000000000	1	0.000000000000	0.333310000000	0.000000000000	0.011966917193	20000
0	5	0.000000000000	0.624000000000	2	0.000000000000	0.326926000000	0.000000000000	0.010965161137	12000
0	5	0.000000000000	0.624000000000	3	0.000000000000	0.332126000000	0.000000000000	0.009910718760	10000
0	6	0.000000000000	0.750000000000	1	0.000000000000	0.345508000000	0.000000000000	0.011458151039	22000
0	6	0.000000000000	0.750000000000	2	0.000000000000	0.335868000000	0.000000000000	0.010234418367	32000
0	6	0.000000000000	0.750000000000	3	0.000000000000	0.334918000000	0.000000000000	0.008773953400	40000
0	7	0.000000000000	0.874000000000	1	0.000000000000	0.322734000000	0.000000000000	0.008735533959	40000
0	7	0.000000000000	0.874000000000	2	0.000000000000	0.327580000000	0.000000000000	0.010553054864	8000
0	7	0.000000000000	0.874000000000	3	0.000000000000	0.324460000000	0.000000000000	0.009585420193	18000
0	8	0.000000000000	1.000000000000	1	0.000000000000	1.000000000000	0.000000000000	0.000000000000	4000
0	8	0.000000000000	1.000000000000	2	0.000000000000	1.000000000000	0.000000000000	0.000000000000	4000
0	8	0.000000000000	1.000000000000	3	0.000000000000	1.000000000000	0.000000000000	0.000000000000	4000
