# scan initial plane
# b 1.06
# r 0
# e -0.4
# p12 0.02
# ndiv 8
# n_reps 3
# A:(0,1),	A':(0,0.400),	B:(1,0),	B'=(0.044,0),	C:(1,1),	D:(0,0),	E:(0.025,0.389) 
# columns: ix iy x1_0 x2_0 rep x1_inf x2_inf sigma_1 sigma_2 t_relax
0	0	0.000000000000	0.000000000000	1	0.000000000000	0.000000000000	0.000000000000	0.000000000000	4000
0	0	0.000000000000	0.000000000000	2	0.000000000000	0.000000000000	0.000000000000	0.000000000000	4000
0	0	0.000000000000	0.000000000000	3	0.000000000000	0.000000000000	0.000000000000	0.000000000000	4000
0	1	0.000000000000	0.125000000000	1	0.000000000000	0.378780000000	0.000000000000	0.014438925950	18000
0	1	0.000000000000	0.125000000000	2	0.000000000000	0.383075000000	0.000000000000	0.009985944827	50000
0	1	0.000000000000	0.125000000000	3	0.000000000000	0.366260000000	0.000000000000	0.013794117503	32000
0	2	0.000000000000	0.250000000000	1	0.000000000000	0.374360000000	0.000000000000	0.016241280097	16000
0	2	0.000000000000	0.250000000000	2	0.000000000000	0.382677500000	0.000000000000	0.014737008624	10000
0	2	0.000000000000	0.250000000000	3	0.000000000000	0.382447500000	0.000000000000	0.013712823753	10000
0	3	0.000000000000	0.375000000000	1	0.000000000000	0.381255000000	0.000000000000	0.017448622565	8000
0	3	0.000000000000	0.375000000000	2	0.000000000000	0.366107500000	0.000000000000	0.016275198181	12000
0	3	0.000000000000	0.375000000000	3	0.000000000000	0.375042500000	0.000000000000	0.010944140805	20000
0	4	0.000000000000	0.500000000000	1	0.000000000000	0.373450000000	0.000000000000	0.020019322498	16000
0	4	0.000000000000	0.500000000000	2	0.000000000000	0.354297500000	0.000000000000	0.012494252683	8000
0	4	0.000000000000	0.500000000000	3	0.000000000000	0.364440000000	0.000000000000	0.009344716353	4000
0	5	0.000000000000	0.625000000000	1	0.000000000000	0.379455000000	0.000000000000	0.009741553925	18000
0	5	0.000000000000	0.625000000000	2	0.000000000000	0.374317500000	0.000000000000	0.013876977851	28000
0	5	0.000000000000	0.625000000000	3	0.000000000000	0.378480000000	0.000000000000	0.011395479672	50000
0	6	0.000000000000	0.750000000000	1	0.000000000000	0.381165000000	0.000000000000	0.013170183322	16000
0	6	0.000000000000	0.750000000000	2	0.000000000000	0.368682500000	0.000000000000	0.013124126121	20000
0	6	0.000000000000	0.750000000000	3	0.000000000000	0.376082500000	0.000000000000	0.016673330312	12000
0	7	0.000000000000	0.875000000000	1	0.000000000000	0.375350000000	0.000000000000	0.009954350260	10000
0	7	0.000000000000	0.875000000000	2	0.000000000000	0.389947500000	0.000000000000	0.015355839135	16000
0	7	0.000000000000	0.875000000000	3	0.000000000000	0.375300000000	0.000000000000	0.014825393495	10000
0	8	0.000000000000	1.000000000000	1	0.000000000000	1.000000000000	0.000000000000	0.000000000000	4000
0	8	0.000000000000	1.000000000000	2	0.000000000000	1.000000000000	0.000000000000	0.000000000000	4000
0	8	0.000000000000	1.000000000000	3	0.000000000000	1.000000000000	0.000000000000	0.000000000000	4000
1	0	0.125000000000	0.000000000000	1	0.037356666667	0.000000000000	0.001456658913	0.000000000000	6000
1	0	0.125000000000	0.000000000000	2	0.030639166667	0.000000000000	0.001547434965	0.000000000000	50000
1	0	0.125000000000	0.000000000000	3	0.035141666667	0.000000000000	0.002782166203	0.000000000000	44000
1	1	0.125000000000	0.125000000000	1	0.010820000000	0.404022500000	0.000924577597	0.015660331725	50000
1	1	0.125000000000	0.125000000000	2	0.021171666667	0.355820000000	0.001640426570	0.010141767866	50000
1	1	0.125000000000	0.125000000000	3	0.000000000000	0.383260000000	0.000000000000	0.013136112722	50000
1	2	0.125000000000	0.250000000000	1	0.000000000000	0.377120000000	0.000000000000	0.013141186811	50000
1	2	0.125000000000	0.250000000000	2	0.012250000000	0.374040000000	0.000965135764	0.009974486974	50000
1	2	0.125000000000	0.250000000000	3	0.008119166667	0.350362500000	0.001119509986	0.017374239781	50000
1	3	0.125000000000	0.375000000000	1	0.001191666667	0.363722500000	0.000607608947	0.012330400745	50000
1	3	0.125000000000	0.375000000000	2	0.012813333333	0.372975000000	0.001271742285	0.014272897064	50000
1	3	0.125000000000	0.375000000000	3	0.006206666667	0.366447500000	0.002255644559	0.013105160777	50000
1	4	0.125000000000	0.500000000000	1	0.000000000000	0.375070000000	0.000000000000	0.011214761294	46000
1	4	0.125000000000	0.500000000000	2	0.005360833333	0.345820000000	0.000938667710	0.011614107262	50000
1	4	0.125000000000	0.500000000000	3	0.011190833333	0.363012500000	0.001709688115	0.011367621412	50000
1	5	0.125000000000	0.625000000000	1	0.012513333333	0.367760000000	0.000904818476	0.010951133609	50000
1	5	0.125000000000	0.625000000000	2	0.019726666667	0.363882500000	0.003137208219	0.013087349712	50000
1	5	0.125000000000	0.625000000000	3	0.000000000000	0.357465000000	0.000000000000	0.013522911822	46000
1	6	0.125000000000	0.750000000000	1	0.011600000000	0.361587500000	0.000640198640	0.012883208871	50000
1	6	0.125000000000	0.750000000000	2	0.012134166667	0.359030000000	0.000694709159	0.015638211332	50000
1	6	0.125000000000	0.750000000000	3	0.024045833333	0.343602500000	0.002146477995	0.010489913347	50000
1	7	0.125000000000	0.875000000000	1	0.008118333333	0.374040000000	0.002443249207	0.016705761955	50000
1	7	0.125000000000	0.875000000000	2	0.014057500000	0.349932500000	0.001764291115	0.014729431418	50000
1	7	0.125000000000	0.875000000000	3	0.000000000000	0.384167500000	0.000000000000	0.017225995724	24000
1	8	0.125000000000	1.000000000000	1	0.000000000000	1.000000000000	0.000000000000	0.000000000000	22000
1	8	0.125000000000	1.000000000000	2	0.014099166667	1.000000000000	0.001779317519	0.000000000000	10000
1	8	0.125000000000	1.000000000000	3	0.013963333333	1.000000000000	0.002007670753	0.000000000000	8000
2	0	0.250000000000	0.000000000000	1	0.031573333333	0.000000000000	0.002179815598	0.000000000000	50000
2	0	0.250000000000	0.000000000000	2	0.038880000000	0.000000000000	0.003365467399	0.000000000000	34000
2	0	0.250000000000	0.000000000000	3	0.032772500000	0.000000000000	0.001696855183	0.000000000000	50000
2	1	0.250000000000	0.125000000000	1	0.015446666667	0.363130000000	0.001157893992	0.011758671964	50000
2	1	0.250000000000	0.125000000000	2	0.019156666667	0.360760000000	0.002152603161	0.014727161617	50000
2	1	0.250000000000	0.125000000000	3	0.000000000000	0.340845000000	0.000000000000	0.015802632635	24000
2	2	0.250000000000	0.250000000000	1	0.016961666667	0.370452500000	0.002022542160	0.011527005926	50000
2	2	0.250000000000	0.250000000000	2	0.015858333333	0.366235000000	0.001945891782	0.012873052882	50000
2	2	0.250000000000	0.250000000000	3	0.017145833333	0.346832500000	0.001023299023	0.017031243554	50000
2	3	0.250000000000	0.375000000000	1	0.021863333333	0.373012500000	0.001837715816	0.014779192071	50000
2	3	0.250000000000	0.375000000000	2	0.013166666667	0.391385000000	0.001415412407	0.013135993656	50000
2	3	0.250000000000	0.375000000000	3	0.000000000000	0.391400000000	0.000000000000	0.013372783231	50000
2	4	0.250000000000	0.500000000000	1	0.005645000000	0.383910000000	0.001197505796	0.021423021399	50000
2	4	0.250000000000	0.500000000000	2	0.012914166667	0.384357500000	0.001187323385	0.013572127556	50000
2	4	0.250000000000	0.500000000000	3	0.017150000000	0.362510000000	0.002449239995	0.012592993428	50000
2	5	0.250000000000	0.625000000000	1	0.003677500000	0.378952500000	0.000696783349	0.015566833977	50000
2	5	0.250000000000	0.625000000000	2	0.011440000000	0.348340000000	0.002585434850	0.020009867436	14000
2	5	0.250000000000	0.625000000000	3	0.013271666667	0.373705000000	0.002217920636	0.015827934120	50000
2	6	0.250000000000	0.750000000000	1	0.013800833333	0.369462500000	0.001526077177	0.018487742977	50000
2	6	0.250000000000	0.750000000000	2	0.009322500000	0.364247500000	0.000667016404	0.014245365007	50000
2	6	0.250000000000	0.750000000000	3	0.012378333333	0.367235000000	0.001587781977	0.012239979252	50000
2	7	0.250000000000	0.875000000000	1	0.010410000000	0.380890000000	0.002251733474	0.017455660976	50000
2	7	0.250000000000	0.875000000000	2	0.009111666667	0.379555000000	0.002107532793	0.016131481634	50000
2	7	0.250000000000	0.875000000000	3	0.004302500000	0.360360000000	0.000979587786	0.014599522117	50000
2	8	0.250000000000	1.000000000000	1	0.002829166667	1.000000000000	0.001055600007	0.000000000000	40000
2	8	0.250000000000	1.000000000000	2	0.006424166667	1.000000000000	0.001327816152	0.000000000000	36000
2	8	0.250000000000	1.000000000000	3	0.003855000000	1.000000000000	0.001020492672	0.000000000000	50000
3	0	0.375000000000	0.000000000000	1	0.036285833333	0.000000000000	0.003054093631	0.000000000000	20000
3	0	0.375000000000	0.000000000000	2	0.033352500000	0.000000000000	0.002264744414	0.000000000000	18000
3	0	0.375000000000	0.000000000000	3	0.030905000000	0.000000000000	0.002277314463	0.000000000000	50000
3	1	0.375000000000	0.125000000000	1	0.016715833333	0.385192500000	0.001395509496	0.016956760465	50000
3	1	0.375000000000	0.125000000000	2	0.000000000000	0.376487500000	0.000000000000	0.010010934650	50000
3	1	0.375000000000	0.125000000000	3	0.000000000000	0.375935000000	0.000000000000	0.014702616840	50000
3	2	0.375000000000	0.250000000000	1	0.002486666667	0.357537500000	0.001076069046	0.011478745809	50000
3	2	0.375000000000	0.250000000000	2	0.008095833333	0.384647500000	0.000968649592	0.009953947701	18000
3	2	0.375000000000	0.250000000000	3	0.024100000000	0.372572500000	0.001948123218	0.015248229479	50000
3	3	0.375000000000	0.375000000000	1	0.000000000000	0.383210000000	0.000000000000	0.014679028370	42000
3	3	0.375000000000	0.375000000000	2	0.000000000000	0.372082500000	0.000000000000	0.011064215318	50000
3	3	0.375000000000	0.375000000000	3	0.000000000000	0.372447500000	0.000000000000	0.011039151082	50000
3	4	0.375000000000	0.500000000000	1	0.008551666667	0.370900000000	0.001650605798	0.014005754573	50000
3	4	0.375000000000	0.500000000000	2	0.000000000000	0.372715000000	0.000000000000	0.014554315618	28000
3	4	0.375000000000	0.500000000000	3	0.016198333333	0.368275000000	0.001487293716	0.013468231817	50000
3	5	0.375000000000	0.625000000000	1	0.011295833333	0.371880000000	0.001263062931	0.012489358834	50000
3	5	0.375000000000	0.625000000000	2	0.013122500000	0.356510000000	0.001152564744	0.010728350176	50000
3	5	0.375000000000	0.625000000000	3	0.000000000000	0.390745000000	0.000000000000	0.012592300864	50000
3	6	0.375000000000	0.750000000000	1	0.012393333333	0.364820000000	0.000962833979	0.014425695848	50000
3	6	0.375000000000	0.750000000000	2	0.008270000000	0.368832500000	0.001096698314	0.014498824423	50000
3	6	0.375000000000	0.750000000000	3	0.013375833333	0.371700000000	0.001964609969	0.010356991227	50000
3	7	0.375000000000	0.875000000000	1	0.008232500000	0.368147500000	0.001577168027	0.012873041947	50000
3	7	0.375000000000	0.875000000000	2	0.000000000000	0.392390000000	0.000000000000	0.010447346412	48000
3	7	0.375000000000	0.875000000000	3	0.017381666667	0.358810000000	0.002234674197	0.019443493756	50000
3	8	0.375000000000	1.000000000000	1	0.000000000000	1.000000000000	0.000000000000	0.000000000000	24000
3	8	0.375000000000	1.000000000000	2	0.000000000000	1.000000000000	0.000000000000	0.000000000000	18000
3	8	0.375000000000	1.000000000000	3	0.000000000000	1.000000000000	0.000000000000	0.000000000000	22000
4	0	0.500000000000	0.000000000000	1	0.030810000000	0.000000000000	0.002071868017	0.000000000000	50000
4	0	0.500000000000	0.000000000000	2	0.030777500000	0.000000000000	0.003731487784	0.000000000000	38000
4	0	0.500000000000	0.000000000000	3	0.034165000000	0.000000000000	0.001582368478	0.000000000000	14000
4	1	0.500000000000	0.125000000000	1	0.006323333333	0.377487500000	0.001136550616	0.012480458950	50000
4	1	0.500000000000	0.125000000000	2	0.006509166667	0.353655000000	0.001091314827	0.013829125776	50000
4	1	0.500000000000	0.125000000000	3	0.000000000000	0.380645000000	0.000000000000	0.015677364407	50000
4	2	0.500000000000	0.250000000000	1	0.014347500000	0.378382500000	0.001389116848	0.013775602018	50000
4	2	0.500000000000	0.250000000000	2	0.000000000000	0.380007500000	0.000000000000	0.011229750712	30000
4	2	0.500000000000	0.250000000000	3	0.013321666667	0.358100000000	0.001488145983	0.010845281007	50000
4	3	0.500000000000	0.375000000000	1	0.000000000000	0.369405000000	0.000000000000	0.011333553036	50000
4	3	0.500000000000	0.375000000000	2	0.016442500000	0.366502500000	0.002057630740	0.014412458594	50000
4	3	0.500000000000	0.375000000000	3	0.013204166667	0.370910000000	0.000976226916	0.008380312025	50000
4	4	0.500000000000	0.500000000000	1	0.009976666667	0.371847500000	0.001330142997	0.013565194737	50000
4	4	0.500000000000	0.500000000000	2	0.011106666667	0.369385000000	0.002594077939	0.010268993487	50000
4	4	0.500000000000	0.500000000000	3	0.004348333333	0.372415000000	0.000910459923	0.015722276075	50000
4	5	0.500000000000	0.625000000000	1	0.010704166667	0.376050000000	0.000925040242	0.009954098858	50000
4	5	0.500000000000	0.625000000000	2	0.012518333333	0.359587500000	0.001338037040	0.013886285417	50000
4	5	0.500000000000	0.625000000000	3	0.007962500000	0.374222500000	0.002906785899	0.015192763534	50000
4	6	0.500000000000	0.750000000000	1	0.012285833333	0.365245000000	0.002718198774	0.013180523556	50000
4	6	0.500000000000	0.750000000000	2	0.015751666667	0.351800000000	0.001523824624	0.013155628855	50000
4	6	0.500000000000	0.750000000000	3	0.013835833333	0.378625000000	0.001327573216	0.009764974641	50000
4	7	0.500000000000	0.875000000000	1	0.016032500000	0.382862500000	0.001286754979	0.020341180088	50000
4	7	0.500000000000	0.875000000000	2	0.012218333333	0.363875000000	0.001227555703	0.018913741158	50000
4	7	0.500000000000	0.875000000000	3	0.000000000000	0.362450000000	0.000000000000	0.013731753750	28000
4	8	0.500000000000	1.000000000000	1	0.011230833333	1.000000000000	0.001268142448	0.000000000000	34000
4	8	0.500000000000	1.000000000000	2	0.005913333333	1.000000000000	0.002047495221	0.000000000000	50000
4	8	0.500000000000	1.000000000000	3	0.015006666667	1.000000000000	0.002546958600	0.000000000000	50000
5	0	0.625000000000	0.000000000000	1	0.033558333333	0.000000000000	0.001821529782	0.000000000000	50000
5	0	0.625000000000	0.000000000000	2	0.031470000000	0.000000000000	0.001312542270	0.000000000000	10000
5	0	0.625000000000	0.000000000000	3	0.029370833333	0.000000000000	0.003358779977	0.000000000000	50000
5	1	0.625000000000	0.125000000000	1	0.011554166667	0.349920000000	0.001637375024	0.017412187809	50000
5	1	0.625000000000	0.125000000000	2	0.011495000000	0.380800000000	0.001782269569	0.011030942012	50000
5	1	0.625000000000	0.125000000000	3	0.015353333333	0.369562500000	0.000743966948	0.017356298132	16000
5	2	0.625000000000	0.250000000000	1	0.006265000000	0.373927500000	0.001305471959	0.012915990731	50000
5	2	0.625000000000	0.250000000000	2	0.014816666667	0.357665000000	0.001689779677	0.017277044634	50000
5	2	0.625000000000	0.250000000000	3	0.011169166667	0.377920000000	0.002753218635	0.017193216881	50000
5	3	0.625000000000	0.375000000000	1	0.009033333333	0.367300000000	0.001098653892	0.012134960126	50000
5	3	0.625000000000	0.375000000000	2	0.015194166667	0.369912500000	0.001527541387	0.011590208224	50000
5	3	0.625000000000	0.375000000000	3	0.004290000000	0.366407500000	0.000484792649	0.013047813579	50000
5	4	0.625000000000	0.500000000000	1	0.000000000000	0.383760000000	0.000000000000	0.011649489715	50000
5	4	0.625000000000	0.500000000000	2	0.007345000000	0.372277500000	0.001763811349	0.011534829693	50000
5	4	0.625000000000	0.500000000000	3	0.011870000000	0.367332500000	0.001091692169	0.014250219736	50000
5	5	0.625000000000	0.625000000000	1	0.000000000000	0.366267500000	0.000000000000	0.017030552941	38000
5	5	0.625000000000	0.625000000000	2	0.012100833333	0.370795000000	0.000923755840	0.010296187959	50000
5	5	0.625000000000	0.625000000000	3	0.013251666667	0.366370000000	0.001781651654	0.015981740081	50000
5	6	0.625000000000	0.750000000000	1	0.017637500000	0.350852500000	0.002141906825	0.011150844591	50000
5	6	0.625000000000	0.750000000000	2	0.011538333333	0.374730000000	0.002594596144	0.015321123876	50000
5	6	0.625000000000	0.750000000000	3	0.000000000000	0.374895000000	0.000000000000	0.009560616109	50000
5	7	0.625000000000	0.875000000000	1	0.021334166667	0.378347500000	0.002226878099	0.014938579414	20000
5	7	0.625000000000	0.875000000000	2	0.000000000000	0.382672500000	0.000000000000	0.012389713425	44000
5	7	0.625000000000	0.875000000000	3	0.004784166667	0.352682500000	0.000936594816	0.012710605936	50000
5	8	0.625000000000	1.000000000000	1	0.006000833333	1.000000000000	0.001186330016	0.000000000000	48000
5	8	0.625000000000	1.000000000000	2	0.008915000000	1.000000000000	0.001181690998	0.000000000000	10000
5	8	0.625000000000	1.000000000000	3	0.003212500000	1.000000000000	0.000576419416	0.000000000000	50000
6	0	0.750000000000	0.000000000000	1	0.033654166667	0.000000000000	0.002743630833	0.000000000000	50000
6	0	0.750000000000	0.000000000000	2	0.035007500000	0.000000000000	0.001747481584	0.000000000000	16000
6	0	0.750000000000	0.000000000000	3	0.034075833333	0.000000000000	0.002160542762	0.000000000000	44000
6	1	0.750000000000	0.125000000000	1	0.000000000000	0.400472500000	0.000000000000	0.012222720182	26000
6	1	0.750000000000	0.125000000000	2	0.006510833333	0.367932500000	0.001201304011	0.014665325278	40000
6	1	0.750000000000	0.125000000000	3	0.000000000000	0.386537500000	0.000000000000	0.018877531750	26000
6	2	0.750000000000	0.250000000000	1	0.000000000000	0.386015000000	0.000000000000	0.011640136072	50000
6	2	0.750000000000	0.250000000000	2	0.000000000000	0.366057500000	0.000000000000	0.012728902887	50000
6	2	0.750000000000	0.250000000000	3	0.013595833333	0.354275000000	0.001672448887	0.015088971206	40000
6	3	0.750000000000	0.375000000000	1	0.000000000000	0.387640000000	0.000000000000	0.021917419403	22000
6	3	0.750000000000	0.375000000000	2	0.010440000000	0.356817500000	0.000923626775	0.012655556363	44000
6	3	0.750000000000	0.375000000000	3	0.017264166667	0.364210000000	0.002171101023	0.011439810718	50000
6	4	0.750000000000	0.500000000000	1	0.007857500000	0.381040000000	0.000942159619	0.013166406277	50000
6	4	0.750000000000	0.500000000000	2	0.010820833333	0.374840000000	0.002757782766	0.007911193778	50000
6	4	0.750000000000	0.500000000000	3	0.000000000000	0.378185000000	0.000000000000	0.010576158572	50000
6	5	0.750000000000	0.625000000000	1	0.012775000000	0.369377500000	0.002756563133	0.014753352336	50000
6	5	0.750000000000	0.625000000000	2	0.004894166667	0.365400000000	0.000950208738	0.013181948405	50000
6	5	0.750000000000	0.625000000000	3	0.013790833333	0.364895000000	0.001086949190	0.012114484543	50000
6	6	0.750000000000	0.750000000000	1	0.000000000000	0.376582500000	0.000000000000	0.013086183246	50000
6	6	0.750000000000	0.750000000000	2	0.009805000000	0.362800000000	0.001273004314	0.011185822394	50000
6	6	0.750000000000	0.750000000000	3	0.000000000000	0.377480000000	0.000000000000	0.012911867267	50000
6	7	0.750000000000	0.875000000000	1	0.016363333333	0.378732500000	0.000913899880	0.010786730149	50000
6	7	0.750000000000	0.875000000000	2	0.015382500000	0.379570000000	0.001116826828	0.013173881400	50000
6	7	0.750000000000	0.875000000000	3	0.017431666667	0.364732500000	0.001627688181	0.014790315994	50000
6	8	0.750000000000	1.000000000000	1	0.001706666667	1.000000000000	0.001371435887	0.000000000000	50000
6	8	0.750000000000	1.000000000000	2	0.003411666667	1.000000000000	0.000654992463	0.000000000000	46000
6	8	0.750000000000	1.000000000000	3	0.006038333333	1.000000000000	0.001570349182	0.000000000000	26000
7	0	0.875000000000	0.000000000000	1	0.030670833333	0.000000000000	0.001985827153	0.000000000000	50000
7	0	0.875000000000	0.000000000000	2	0.038635000000	0.000000000000	0.001389378292	0.000000000000	18000
7	0	0.875000000000	0.000000000000	3	0.035642500000	0.000000000000	0.001511495040	0.000000000000	44000
7	1	0.875000000000	0.125000000000	1	0.009826666667	0.371032500000	0.001775856068	0.011238505138	50000
7	1	0.875000000000	0.125000000000	2	0.000000000000	0.378952500000	0.000000000000	0.012557535006	34000
7	1	0.875000000000	0.125000000000	3	0.000000000000	0.369522500000	0.000000000000	0.015910496147	32000
7	2	0.875000000000	0.250000000000	1	0.000000000000	0.374942500000	0.000000000000	0.010529782527	50000
7	2	0.875000000000	0.250000000000	2	0.011063333333	0.362747500000	0.001658267123	0.012378336599	50000
7	2	0.875000000000	0.250000000000	3	0.016735833333	0.368657500000	0.000903421846	0.016414120967	50000
7	3	0.875000000000	0.375000000000	1	0.013449166667	0.374642500000	0.000914726691	0.013052252873	50000
7	3	0.875000000000	0.375000000000	2	0.000000000000	0.377375000000	0.000000000000	0.015067727480	26000
7	3	0.875000000000	0.375000000000	3	0.008518333333	0.374670000000	0.002806497676	0.008911819148	50000
7	4	0.875000000000	0.500000000000	1	0.017962500000	0.362040000000	0.001045010482	0.015535193666	50000
7	4	0.875000000000	0.500000000000	2	0.012305833333	0.368497500000	0.001534352266	0.016023201513	50000
7	4	0.875000000000	0.500000000000	3	0.013995833333	0.369672500000	0.001686768786	0.012313635506	50000
7	5	0.875000000000	0.625000000000	1	0.000000000000	0.378067500000	0.000000000000	0.017019808096	48000
7	5	0.875000000000	0.625000000000	2	0.000000000000	0.384042500000	0.000000000000	0.008438640554	46000
7	5	0.875000000000	0.625000000000	3	0.009563333333	0.364172500000	0.001055089197	0.015484226006	50000
7	6	0.875000000000	0.750000000000	1	0.000000000000	0.365737500000	0.000000000000	0.018075579391	28000
7	6	0.875000000000	0.750000000000	2	0.011466666667	0.360990000000	0.002223222998	0.013253133424	50000
7	6	0.875000000000	0.750000000000	3	0.004497500000	0.365205000000	0.000912334304	0.015628570863	50000
7	7	0.875000000000	0.875000000000	1	0.003532500000	0.398537500000	0.000885456571	0.015202745384	50000
7	7	0.875000000000	0.875000000000	2	0.000000000000	0.374645000000	0.000000000000	0.011269470971	48000
7	7	0.875000000000	0.875000000000	3	0.008920000000	0.386620000000	0.001924931406	0.011356917697	50000
7	8	0.875000000000	1.000000000000	1	0.013180000000	1.000000000000	0.001848622810	0.000000000000	12000
7	8	0.875000000000	1.000000000000	2	0.014725833333	1.000000000000	0.003176004247	0.000000000000	6000
7	8	0.875000000000	1.000000000000	3	0.013084166667	1.000000000000	0.001902997236	0.000000000000	18000
8	0	1.000000000000	0.000000000000	1	1.000000000000	0.000000000000	0.000000000000	0.000000000000	4000
8	0	1.000000000000	0.000000000000	2	1.000000000000	0.000000000000	0.000000000000	0.000000000000	4000
8	0	1.000000000000	0.000000000000	3	1.000000000000	0.000000000000	0.000000000000	0.000000000000	4000
8	1	1.000000000000	0.125000000000	1	1.000000000000	0.000000000000	0.000000000000	0.000000000000	6000
8	1	1.000000000000	0.125000000000	2	1.000000000000	0.000000000000	0.000000000000	0.000000000000	8000
8	1	1.000000000000	0.125000000000	3	1.000000000000	0.000000000000	0.000000000000	0.000000000000	24000
8	2	1.000000000000	0.250000000000	1	1.000000000000	0.000000000000	0.000000000000	0.000000000000	8000
8	2	1.000000000000	0.250000000000	2	1.000000000000	0.035225000000	0.000000000000	0.005776698473	28000
8	2	1.000000000000	0.250000000000	3	1.000000000000	0.000000000000	0.000000000000	0.000000000000	10000
8	3	1.000000000000	0.375000000000	1	1.000000000000	0.000000000000	0.000000000000	0.000000000000	22000
8	3	1.000000000000	0.375000000000	2	1.000000000000	0.000000000000	0.000000000000	0.000000000000	8000
8	3	1.000000000000	0.375000000000	3	1.000000000000	0.000000000000	0.000000000000	0.000000000000	12000
8	4	1.000000000000	0.500000000000	1	1.000000000000	0.019285000000	0.000000000000	0.005664217365	50000
8	4	1.000000000000	0.500000000000	2	1.000000000000	0.015087500000	0.000000000000	0.006022654408	28000
8	4	1.000000000000	0.500000000000	3	1.000000000000	0.013610000000	0.000000000000	0.003202054521	50000
8	5	1.000000000000	0.625000000000	1	1.000000000000	0.010140000000	0.000000000000	0.003987015964	50000
8	5	1.000000000000	0.625000000000	2	1.000000000000	0.023010000000	0.000000000000	0.006866552960	14000
8	5	1.000000000000	0.625000000000	3	1.000000000000	0.041547500000	0.000000000000	0.009997446809	28000
8	6	1.000000000000	0.750000000000	1	1.000000000000	0.010192500000	0.000000000000	0.004926303098	50000
8	6	1.000000000000	0.750000000000	2	1.000000000000	0.000000000000	0.000000000000	0.000000000000	10000
8	6	1.000000000000	0.750000000000	3	1.000000000000	0.038485000000	0.000000000000	0.011882591088	50000
8	7	1.000000000000	0.875000000000	1	1.000000000000	0.012545000000	0.000000000000	0.005176849889	40000
8	7	1.000000000000	0.875000000000	2	1.000000000000	0.042447500000	0.000000000000	0.013726503949	10000
8	7	1.000000000000	0.875000000000	3	1.000000000000	0.025590000000	0.000000000000	0.007571937284	40000
8	8	1.000000000000	1.000000000000	1	1.000000000000	1.000000000000	0.000000000000	0.000000000000	4000
8	8	1.000000000000	1.000000000000	2	1.000000000000	1.000000000000	0.000000000000	0.000000000000	4000
8	8	1.000000000000	1.000000000000	3	1.000000000000	1.000000000000	0.000000000000	0.000000000000	4000
