# scan initial plane
# b 1.15
# r 0
# e -0.4
# p12 0.05
# ndiv 8
# n_reps 3
# A:(0,1),	A':(0,0.133),	B:(1,0),	B'=(0.133,0),	C:(1,1),	D:(0,0),	E:(0.113,0.113) 
# columns: ix iy x1_0 x2_0 rep x1_inf x2_inf sigma_1 sigma_2 t_relax
4	0	0.500000000000	0.000000000000	1	0.163398000000	0.000000000000	0.007385942604	0.000000000000	26000
4	0	0.500000000000	0.000000000000	2	0.150596000000	0.000000000000	0.009823914357	0.000000000000	16000
4	0	0.500000000000	0.000000000000	3	0.162152000000	0.000000000000	0.011631344900	0.000000000000	42000
4	1	0.500000000000	0.124000000000	1	0.131406000000	0.115062000000	0.010401507360	0.007680048121	112000
4	1	0.500000000000	0.124000000000	2	0.123360000000	0.131914000000	0.009808904863	0.007659194949	222000
4	1	0.500000000000	0.124000000000	3	0.124412000000	0.127152000000	0.009075716205	0.008792166866	400000
4	2	0.500000000000	0.250000000000	1	0.120588000000	0.124466000000	0.005944543178	0.009035733976	388000
4	2	0.500000000000	0.250000000000	2	0.122536000000	0.122112000000	0.009056860976	0.007041948952	400000
4	2	0.500000000000	0.250000000000	3	0.122878000000	0.127572000000	0.007968978644	0.009126451014	158000
4	3	0.500000000000	0.374000000000	1	0.121558000000	0.133064000000	0.008895828897	0.009814490727	106000
4	3	0.500000000000	0.374000000000	2	0.123238000000	0.132782000000	0.006345993037	0.010522318908	14000
4	3	0.500000000000	0.374000000000	3	0.128174000000	0.127040000000	0.010343341274	0.007840655322	160000
4	4	0.500000000000	0.500000000000	1	0.128884000000	0.126120000000	0.009403987398	0.009542990552	300000
4	4	0.500000000000	0.500000000000	2	0.118080000000	0.118360000000	0.007946366764	0.007774499524	58000
4	4	0.500000000000	0.500000000000	3	0.129478000000	0.121654000000	0.007110420105	0.007885839871	392000
4	5	0.500000000000	0.624000000000	1	0.134420000000	0.120550000000	0.006151214306	0.007194529954	20000
4	5	0.500000000000	0.624000000000	2	0.126218000000	0.115612000000	0.007422369404	0.006756856600	62000
4	5	0.500000000000	0.624000000000	3	0.137684000000	0.121132000000	0.008441528499	0.006851387999	38000
4	6	0.500000000000	0.750000000000	1	0.130540000000	0.116398000000	0.008813289628	0.006954564110	90000
4	6	0.500000000000	0.750000000000	2	0.122640000000	0.129216000000	0.012031590051	0.009415412577	252000
4	6	0.500000000000	0.750000000000	3	0.136216000000	0.124638000000	0.010563755816	0.010563926948	112000
4	7	0.500000000000	0.874000000000	1	0.141406000000	0.119910000000	0.011839228494	0.009376343414	86000
4	7	0.500000000000	0.874000000000	2	0.124078000000	0.114936000000	0.008759603110	0.008889709271	190000
4	7	0.500000000000	0.874000000000	3	0.122422000000	0.121962000000	0.008589976933	0.008145975259	356000
4	8	0.500000000000	1.000000000000	1	0.007100000000	1.000000000000	0.003346819565	0.000000000000	8000
4	8	0.500000000000	1.000000000000	2	0.000000000000	1.000000000000	0.000000000000	0.000000000000	6000
4	8	0.500000000000	1.000000000000	3	0.000000000000	1.000000000000	0.000000000000	0.000000000000	8000
