# scan initial plane
# b 1.15
# r 0
# e -0.4
# p12 0.05
# ndiv 8
# n_reps 3
# A:(0,1),	A':(0,0.133),	B:(1,0),	B'=(0.133,0),	C:(1,1),	D:(0,0),	E:(0.113,0.113) 
# columns: ix iy x1_0 x2_0 rep x1_inf x2_inf sigma_1 sigma_2 t_relax
5	0	0.624000000000	0.000000000000	1	0.153732000000	0.000000000000	0.007454377489	0.000000000000	12000
5	0	0.624000000000	0.000000000000	2	0.156228000000	0.000000000000	0.006986617839	0.000000000000	94000
5	0	0.624000000000	0.000000000000	3	0.153632000000	0.000000000000	0.006761530470	0.000000000000	62000
5	1	0.624000000000	0.124000000000	1	0.136240000000	0.103492000000	0.009338822924	0.012984858203	392000
5	1	0.624000000000	0.124000000000	2	0.118336000000	0.119752000000	0.008252709326	0.006101124464	198000
5	1	0.624000000000	0.124000000000	3	0.121350000000	0.123490000000	0.007604164867	0.008287133194	400000
5	2	0.624000000000	0.250000000000	1	0.117372000000	0.133558000000	0.007465477168	0.007998538155	26000
5	2	0.624000000000	0.250000000000	2	0.133188000000	0.117634000000	0.007095280051	0.010858542810	96000
5	2	0.624000000000	0.250000000000	3	0.133696000000	0.122230000000	0.008775453982	0.012003965811	400000
5	3	0.624000000000	0.374000000000	1	0.125334000000	0.120292000000	0.007855581083	0.007743299987	400000
5	3	0.624000000000	0.374000000000	2	0.133364000000	0.128852000000	0.006784211784	0.007292686698	102000
5	3	0.624000000000	0.374000000000	3	0.118716000000	0.123916000000	0.005219443130	0.006888279349	116000
5	4	0.624000000000	0.500000000000	1	0.119218000000	0.121764000000	0.012691790952	0.009476397317	338000
5	4	0.624000000000	0.500000000000	2	0.129626000000	0.135888000000	0.007401006614	0.010651427553	400000
5	4	0.624000000000	0.500000000000	3	0.118672000000	0.125906000000	0.007871618536	0.010126090149	120000
5	5	0.624000000000	0.624000000000	1	0.122450000000	0.124088000000	0.009542565722	0.008497556382	80000
5	5	0.624000000000	0.624000000000	2	0.117854000000	0.129202000000	0.012521480403	0.006379960807	400000
5	5	0.624000000000	0.624000000000	3	0.116400000000	0.126110000000	0.010974171150	0.009750023742	46000
5	6	0.624000000000	0.750000000000	1	0.124414000000	0.135588000000	0.008041969739	0.010764856624	400000
5	6	0.624000000000	0.750000000000	2	0.135402000000	0.123826000000	0.007451034419	0.006804412100	286000
5	6	0.624000000000	0.750000000000	3	0.129934000000	0.113464000000	0.010186629050	0.012687698045	126000
5	7	0.624000000000	0.874000000000	1	0.109446000000	0.139718000000	0.009106701709	0.010903364589	26000
5	7	0.624000000000	0.874000000000	2	0.132386000000	0.118562000000	0.011469025353	0.006257740432	216000
5	7	0.624000000000	0.874000000000	3	0.126672000000	0.138644000000	0.006496046075	0.008639207134	400000
5	8	0.624000000000	1.000000000000	1	0.000000000000	1.000000000000	0.000000000000	0.000000000000	6000
5	8	0.624000000000	1.000000000000	2	0.000000000000	1.000000000000	0.000000000000	0.000000000000	8000
5	8	0.624000000000	1.000000000000	3	0.008952000000	1.000000000000	0.003162229545	0.000000000000	6000
