# scan initial plane
# b 1.15
# r 0
# e -0.4
# p12 0.24
# ndiv 8
# n_reps 3
# A:(0,1),	A':(0,0.640),	B:(1,0),	B'=(0.640,0),	C:(1,1),	D:(0,0),	E:(0.340,0.340) 
# columns: ix iy x1_0 x2_0 rep x1_inf x2_inf sigma_1 sigma_2 t_relax
2	0	0.250000000000	0.000000000000	1	0.735242000000	0.000000000000	0.014530814863	0.000000000000	20000
2	0	0.250000000000	0.000000000000	2	0.733162000000	0.000000000000	0.009227941857	0.000000000000	68000
2	0	0.250000000000	0.000000000000	3	0.729088000000	0.000000000000	0.019504581120	0.000000000000	80000
2	1	0.250000000000	0.124000000000	1	0.754190000000	0.000000000000	0.016940096424	0.000000000000	56000
2	1	0.250000000000	0.124000000000	2	0.737954000000	0.000000000000	0.009625306776	0.000000000000	12000
2	1	0.250000000000	0.124000000000	3	0.734162000000	0.000000000000	0.014705713652	0.000000000000	10000
2	2	0.250000000000	0.250000000000	1	0.000000000000	0.741214000000	0.000000000000	0.009430755174	108000
2	2	0.250000000000	0.250000000000	2	0.000000000000	0.726588000000	0.000000000000	0.008870904630	58000
2	2	0.250000000000	0.250000000000	3	0.000000000000	0.726936000000	0.000000000000	0.009932903229	70000
2	3	0.250000000000	0.374000000000	1	0.000000000000	0.721942000000	0.000000000000	0.012093423291	50000
2	3	0.250000000000	0.374000000000	2	0.000000000000	0.726414000000	0.000000000000	0.012454867632	20000
2	3	0.250000000000	0.374000000000	3	0.000000000000	0.729442000000	0.000000000000	0.010763665384	28000
2	4	0.250000000000	0.500000000000	1	0.000000000000	0.733944000000	0.000000000000	0.009769970129	14000
2	4	0.250000000000	0.500000000000	2	0.000000000000	0.730818000000	0.000000000000	0.012826043169	22000
2	4	0.250000000000	0.500000000000	3	0.000000000000	0.721366000000	0.000000000000	0.011624851878	10000
2	5	0.250000000000	0.624000000000	1	0.000000000000	0.735812000000	0.000000000000	0.011343956159	24000
2	5	0.250000000000	0.624000000000	2	0.000000000000	0.716488000000	0.000000000000	0.008368027239	24000
2	5	0.250000000000	0.624000000000	3	0.000000000000	0.737464000000	0.000000000000	0.008673865340	16000
2	6	0.250000000000	0.750000000000	1	0.000000000000	0.738170000000	0.000000000000	0.008934367517	12000
2	6	0.250000000000	0.750000000000	2	0.000000000000	0.730022000000	0.000000000000	0.010509898857	22000
2	6	0.250000000000	0.750000000000	3	0.000000000000	0.749686000000	0.000000000000	0.008976077873	68000
2	7	0.250000000000	0.874000000000	1	0.000000000000	0.739516000000	0.000000000000	0.015936741314	10000
2	7	0.250000000000	0.874000000000	2	0.000000000000	0.741638000000	0.000000000000	0.008986752345	146000
2	7	0.250000000000	0.874000000000	3	0.000000000000	0.732858000000	0.000000000000	0.010296302727	24000
2	8	0.250000000000	1.000000000000	1	0.000000000000	1.000000000000	0.000000000000	0.000000000000	6000
2	8	0.250000000000	1.000000000000	2	0.000000000000	1.000000000000	0.000000000000	0.000000000000	6000
2	8	0.250000000000	1.000000000000	3	0.000000000000	1.000000000000	0.000000000000	0.000000000000	6000
