# scan initial plane
# b 1.15
# r 0
# e -0.4
# p12 0.22
# ndiv 8
# n_reps 3
# A:(0,1),	A':(0,0.587),	B:(1,0),	B'=(0.587,0),	C:(1,1),	D:(0,0),	E:(0.325,0.325) 
# columns: ix iy x1_0 x2_0 rep x1_inf x2_inf sigma_1 sigma_2 t_relax
5	0	0.624000000000	0.000000000000	1	0.642208000000	0.000000000000	0.010624387682	0.000000000000	18000
5	0	0.624000000000	0.000000000000	2	0.632226000000	0.000000000000	0.010864942290	0.000000000000	86000
5	0	0.624000000000	0.000000000000	3	0.639194000000	0.000000000000	0.012744127148	0.000000000000	6000
5	1	0.624000000000	0.124000000000	1	0.311484000000	0.361634000000	0.021681970663	0.020997117015	190000
5	1	0.624000000000	0.124000000000	2	0.346988000000	0.322004000000	0.012369351513	0.013369020709	142000
5	1	0.624000000000	0.124000000000	3	0.386054000000	0.282242000000	0.018663477956	0.018677641454	164000
5	2	0.624000000000	0.250000000000	1	0.366850000000	0.303194000000	0.014209412634	0.018908196209	118000
5	2	0.624000000000	0.250000000000	2	0.290852000000	0.375090000000	0.012101427211	0.014894218265	400000
5	2	0.624000000000	0.250000000000	3	0.324604000000	0.351310000000	0.012846174847	0.010420195799	26000
5	3	0.624000000000	0.374000000000	1	0.347778000000	0.319346000000	0.034208023984	0.033448094999	94000
5	3	0.624000000000	0.374000000000	2	0.324656000000	0.345826000000	0.016905604499	0.013794056691	400000
5	3	0.624000000000	0.374000000000	3	0.260426000000	0.408752000000	0.012302759117	0.013404408759	42000
5	4	0.624000000000	0.500000000000	1	0.282238000000	0.384538000000	0.012119333077	0.011380864646	122000
5	4	0.624000000000	0.500000000000	2	0.308440000000	0.355422000000	0.010378926829	0.010695059621	82000
5	4	0.624000000000	0.500000000000	3	0.385506000000	0.283332000000	0.021277328044	0.017119078212	400000
5	5	0.624000000000	0.624000000000	1	0.339248000000	0.331426000000	0.029987159347	0.033690496784	362000
5	5	0.624000000000	0.624000000000	2	0.361294000000	0.311674000000	0.011982702080	0.013683163119	140000
5	5	0.624000000000	0.624000000000	3	0.284204000000	0.395874000000	0.018348816394	0.020915678081	58000
5	6	0.624000000000	0.750000000000	1	0.320594000000	0.342864000000	0.012261545967	0.013607596065	126000
5	6	0.624000000000	0.750000000000	2	0.312460000000	0.352666000000	0.011683017285	0.011103681179	38000
5	6	0.624000000000	0.750000000000	3	0.254254000000	0.416674000000	0.014068169653	0.016985589016	194000
5	7	0.624000000000	0.874000000000	1	0.342936000000	0.318136000000	0.026342699973	0.028236905405	40000
5	7	0.624000000000	0.874000000000	2	0.357858000000	0.310646000000	0.016107988804	0.016014091767	358000
5	7	0.624000000000	0.874000000000	3	0.311322000000	0.357420000000	0.011756297314	0.012375813539	82000
5	8	0.624000000000	1.000000000000	1	0.000000000000	1.000000000000	0.000000000000	0.000000000000	6000
5	8	0.624000000000	1.000000000000	2	0.000000000000	1.000000000000	0.000000000000	0.000000000000	6000
5	8	0.624000000000	1.000000000000	3	0.000000000000	1.000000000000	0.000000000000	0.000000000000	6000
