# scan initial plane
# b 1.3
# r 0
# e -0.4
# N1 50
# N2 50
# P11 0.9
# p12 0.1
# P22 0.9
# T_MCS 1000
# T_MAX 30000
# W 2000
# UPDATE_RULE 0
# FERMI_BETA 1
# DEGREE_ALPHA 0.5
# DEGREE_FACTOR_MIN 0.5
# DEGREE_FACTOR_MAX 2
# ndiv 10
# n_reps 5
# A:(0,1),	A':(0,0.133),	B:(1,0),	B'=(0.133,0),	C:(1,1),	D:(0,0),	E:(0.108,0.108) 
# columns: ix iy x1_0 x2_0 rep x1_inf x2_inf sigma_1 sigma_2 t_relax
6	0	0.600000000000	0.000000000000	1	0.000000000000	0.000000000000	0.000000000000	0.000000000000	8000
6	0	0.600000000000	0.000000000000	2	0.000000000000	0.000000000000	0.000000000000	0.000000000000	6000
6	0	0.600000000000	0.000000000000	3	0.060860000000	0.000000000000	0.017977307462	0.000000000000	6000
6	0	0.600000000000	0.000000000000	4	0.000000000000	0.000000000000	0.000000000000	0.000000000000	10000
6	0	0.600000000000	0.000000000000	5	0.056460000000	0.000000000000	0.020324406055	0.000000000000	14000
6	1	0.600000000000	0.100000000000	1	0.000000000000	0.000000000000	0.000000000000	0.000000000000	30000
6	1	0.600000000000	0.100000000000	2	0.000000000000	0.000000000000	0.000000000000	0.000000000000	22000
6	1	0.600000000000	0.100000000000	3	0.000000000000	0.000000000000	0.000000000000	0.000000000000	10000
6	1	0.600000000000	0.100000000000	4	0.000000000000	0.000000000000	0.000000000000	0.000000000000	18000
6	1	0.600000000000	0.100000000000	5	0.000000000000	0.000000000000	0.000000000000	0.000000000000	20000
6	2	0.600000000000	0.200000000000	1	0.000000000000	0.000000000000	0.000000000000	0.000000000000	14000
6	2	0.600000000000	0.200000000000	2	0.000000000000	0.000000000000	0.000000000000	0.000000000000	6000
6	2	0.600000000000	0.200000000000	3	0.000000000000	0.000000000000	0.000000000000	0.000000000000	12000
6	2	0.600000000000	0.200000000000	4	0.000000000000	0.000000000000	0.000000000000	0.000000000000	6000
6	2	0.600000000000	0.200000000000	5	0.000000000000	0.000000000000	0.000000000000	0.000000000000	10000
6	3	0.600000000000	0.300000000000	1	0.000000000000	0.000000000000	0.000000000000	0.000000000000	6000
6	3	0.600000000000	0.300000000000	2	0.000000000000	0.000000000000	0.000000000000	0.000000000000	8000
6	3	0.600000000000	0.300000000000	3	0.000000000000	0.000000000000	0.000000000000	0.000000000000	8000
6	3	0.600000000000	0.300000000000	4	0.000000000000	0.063860000000	0.000000000000	0.019356525387	30000
6	3	0.600000000000	0.300000000000	5	0.000000000000	0.000000000000	0.000000000000	0.000000000000	8000
6	4	0.600000000000	0.400000000000	1	0.000000000000	0.059400000000	0.000000000000	0.019860373472	10000
6	4	0.600000000000	0.400000000000	2	0.000000000000	0.000000000000	0.000000000000	0.000000000000	20000
6	4	0.600000000000	0.400000000000	3	0.000000000000	0.072780000000	0.000000000000	0.021668898014	12000
6	4	0.600000000000	0.400000000000	4	0.000000000000	0.000000000000	0.000000000000	0.000000000000	14000
6	4	0.600000000000	0.400000000000	5	0.000000000000	0.000000000000	0.000000000000	0.000000000000	8000
6	5	0.600000000000	0.500000000000	1	0.000000000000	0.000000000000	0.000000000000	0.000000000000	8000
6	5	0.600000000000	0.500000000000	2	0.000000000000	0.000000000000	0.000000000000	0.000000000000	10000
6	5	0.600000000000	0.500000000000	3	0.000000000000	0.000000000000	0.000000000000	0.000000000000	16000
6	5	0.600000000000	0.500000000000	4	0.000000000000	0.000000000000	0.000000000000	0.000000000000	8000
6	5	0.600000000000	0.500000000000	5	0.000000000000	0.000000000000	0.000000000000	0.000000000000	14000
6	6	0.600000000000	0.600000000000	1	0.000000000000	0.000000000000	0.000000000000	0.000000000000	6000
6	6	0.600000000000	0.600000000000	2	0.000000000000	0.041080000000	0.000000000000	0.018718546524	10000
6	6	0.600000000000	0.600000000000	3	0.000000000000	0.000000000000	0.000000000000	0.000000000000	10000
6	6	0.600000000000	0.600000000000	4	0.000000000000	0.000000000000	0.000000000000	0.000000000000	8000
6	6	0.600000000000	0.600000000000	5	0.000000000000	0.069220000000	0.000000000000	0.022214524192	14000
6	7	0.600000000000	0.700000000000	1	0.000000000000	0.000000000000	0.000000000000	0.000000000000	8000
6	7	0.600000000000	0.700000000000	2	0.000000000000	0.067300000000	0.000000000000	0.020734993126	12000
6	7	0.600000000000	0.700000000000	3	0.000000000000	0.000000000000	0.000000000000	0.000000000000	6000
6	7	0.600000000000	0.700000000000	4	0.000000000000	0.000000000000	0.000000000000	0.000000000000	12000
6	7	0.600000000000	0.700000000000	5	0.000000000000	0.060200000000	0.000000000000	0.015729189661	26000
6	8	0.600000000000	0.800000000000	1	0.000000000000	0.000000000000	0.000000000000	0.000000000000	8000
6	8	0.600000000000	0.800000000000	2	0.000000000000	0.070400000000	0.000000000000	0.018313256821	12000
6	8	0.600000000000	0.800000000000	3	0.000000000000	0.000000000000	0.000000000000	0.000000000000	12000
6	8	0.600000000000	0.800000000000	4	0.000000000000	0.000000000000	0.000000000000	0.000000000000	10000
6	8	0.600000000000	0.800000000000	5	0.000000000000	0.000000000000	0.000000000000	0.000000000000	8000
6	9	0.600000000000	0.900000000000	1	0.000000000000	0.000000000000	0.000000000000	0.000000000000	16000
6	9	0.600000000000	0.900000000000	2	0.000000000000	0.000000000000	0.000000000000	0.000000000000	6000
6	9	0.600000000000	0.900000000000	3	0.048160000000	0.000000000000	0.024779597019	0.000000000000	6000
6	9	0.600000000000	0.900000000000	4	0.000000000000	0.000000000000	0.000000000000	0.000000000000	8000
6	9	0.600000000000	0.900000000000	5	0.000000000000	0.000000000000	0.000000000000	0.000000000000	6000
6	10	0.600000000000	1.000000000000	1	0.000000000000	1.000000000000	0.000000000000	0.000000000000	6000
6	10	0.600000000000	1.000000000000	2	0.000000000000	1.000000000000	0.000000000000	0.000000000000	6000
6	10	0.600000000000	1.000000000000	3	0.000000000000	1.000000000000	0.000000000000	0.000000000000	6000
6	10	0.600000000000	1.000000000000	4	0.000000000000	1.000000000000	0.000000000000	0.000000000000	8000
6	10	0.600000000000	1.000000000000	5	0.000000000000	1.000000000000	0.000000000000	0.000000000000	6000
7	0	0.700000000000	0.000000000000	1	0.000000000000	0.000000000000	0.000000000000	0.000000000000	8000
7	0	0.700000000000	0.000000000000	2	0.000000000000	0.000000000000	0.000000000000	0.000000000000	12000
7	0	0.700000000000	0.000000000000	3	0.000000000000	0.000000000000	0.000000000000	0.000000000000	6000
7	0	0.700000000000	0.000000000000	4	0.052940000000	0.000000000000	0.020429727697	0.000000000000	6000
7	0	0.700000000000	0.000000000000	5	0.000000000000	0.000000000000	0.000000000000	0.000000000000	6000
7	1	0.700000000000	0.100000000000	1	0.000000000000	0.000000000000	0.000000000000	0.000000000000	10000
7	1	0.700000000000	0.100000000000	2	0.000000000000	0.000000000000	0.000000000000	0.000000000000	14000
7	1	0.700000000000	0.100000000000	3	0.000000000000	0.000000000000	0.000000000000	0.000000000000	6000
7	1	0.700000000000	0.100000000000	4	0.000000000000	0.000000000000	0.000000000000	0.000000000000	6000
7	1	0.700000000000	0.100000000000	5	0.000000000000	0.000000000000	0.000000000000	0.000000000000	8000
7	2	0.700000000000	0.200000000000	1	0.000000000000	0.069120000000	0.000000000000	0.021346692514	10000
7	2	0.700000000000	0.200000000000	2	0.000000000000	0.000000000000	0.000000000000	0.000000000000	8000
7	2	0.700000000000	0.200000000000	3	0.000000000000	0.065180000000	0.000000000000	0.021043060861	6000
7	2	0.700000000000	0.200000000000	4	0.000000000000	0.000000000000	0.000000000000	0.000000000000	10000
7	2	0.700000000000	0.200000000000	5	0.059140000000	0.000000000000	0.027459322905	0.000000000000	10000
7	3	0.700000000000	0.300000000000	1	0.000000000000	0.000000000000	0.000000000000	0.000000000000	6000
7	3	0.700000000000	0.300000000000	2	0.000000000000	0.000000000000	0.000000000000	0.000000000000	8000
7	3	0.700000000000	0.300000000000	3	0.000000000000	0.000000000000	0.000000000000	0.000000000000	12000
7	3	0.700000000000	0.300000000000	4	0.000000000000	0.000000000000	0.000000000000	0.000000000000	12000
7	3	0.700000000000	0.300000000000	5	0.000000000000	0.000000000000	0.000000000000	0.000000000000	12000
7	4	0.700000000000	0.400000000000	1	0.000000000000	0.000000000000	0.000000000000	0.000000000000	6000
7	4	0.700000000000	0.400000000000	2	0.000000000000	0.000000000000	0.000000000000	0.000000000000	12000
7	4	0.700000000000	0.400000000000	3	0.000000000000	0.000000000000	0.000000000000	0.000000000000	8000
7	4	0.700000000000	0.400000000000	4	0.000000000000	0.000000000000	0.000000000000	0.000000000000	10000
7	4	0.700000000000	0.400000000000	5	0.052740000000	0.000000000000	0.020042307604	0.000000000000	10000
7	5	0.700000000000	0.500000000000	1	0.000000000000	0.000000000000	0.000000000000	0.000000000000	8000
7	5	0.700000000000	0.500000000000	2	0.000000000000	0.000000000000	0.000000000000	0.000000000000	8000
7	5	0.700000000000	0.500000000000	3	0.000000000000	0.000000000000	0.000000000000	0.000000000000	14000
7	5	0.700000000000	0.500000000000	4	0.000000000000	0.000000000000	0.000000000000	0.000000000000	14000
7	5	0.700000000000	0.500000000000	5	0.000000000000	0.072840000000	0.000000000000	0.022172641386	6000
7	6	0.700000000000	0.600000000000	1	0.000000000000	0.000000000000	0.000000000000	0.000000000000	16000
7	6	0.700000000000	0.600000000000	2	0.000000000000	0.000000000000	0.000000000000	0.000000000000	8000
7	6	0.700000000000	0.600000000000	3	0.000000000000	0.000000000000	0.000000000000	0.000000000000	8000
7	6	0.700000000000	0.600000000000	4	0.000000000000	0.074320000000	0.000000000000	0.022791600581	16000
7	6	0.700000000000	0.600000000000	5	0.000000000000	0.000000000000	0.000000000000	0.000000000000	10000
7	7	0.700000000000	0.700000000000	1	0.000000000000	0.000000000000	0.000000000000	0.000000000000	6000
7	7	0.700000000000	0.700000000000	2	0.000000000000	0.014560000000	0.000000000000	0.027899548111	8000
7	7	0.700000000000	0.700000000000	3	0.000000000000	0.000000000000	0.000000000000	0.000000000000	10000
7	7	0.700000000000	0.700000000000	4	0.000000000000	0.000000000000	0.000000000000	0.000000000000	6000
7	7	0.700000000000	0.700000000000	5	0.000000000000	0.000000000000	0.000000000000	0.000000000000	12000
7	8	0.700000000000	0.800000000000	1	0.000000000000	0.000000000000	0.000000000000	0.000000000000	26000
7	8	0.700000000000	0.800000000000	2	0.000000000000	0.000000000000	0.000000000000	0.000000000000	6000
7	8	0.700000000000	0.800000000000	3	0.000000000000	0.000000000000	0.000000000000	0.000000000000	8000
7	8	0.700000000000	0.800000000000	4	0.000000000000	0.000000000000	0.000000000000	0.000000000000	12000
7	8	0.700000000000	0.800000000000	5	0.000000000000	0.029100000000	0.000000000000	0.038687035124	28000
7	9	0.700000000000	0.900000000000	1	0.000000000000	0.000000000000	0.000000000000	0.000000000000	20000
7	9	0.700000000000	0.900000000000	2	0.000000000000	0.000000000000	0.000000000000	0.000000000000	6000
7	9	0.700000000000	0.900000000000	3	0.000000000000	0.000000000000	0.000000000000	0.000000000000	10000
7	9	0.700000000000	0.900000000000	4	0.000000000000	0.000000000000	0.000000000000	0.000000000000	18000
7	9	0.700000000000	0.900000000000	5	0.000000000000	0.000000000000	0.000000000000	0.000000000000	20000
7	10	0.700000000000	1.000000000000	1	0.000000000000	1.000000000000	0.000000000000	0.000000000000	6000
7	10	0.700000000000	1.000000000000	2	0.000000000000	1.000000000000	0.000000000000	0.000000000000	6000
7	10	0.700000000000	1.000000000000	3	0.000000000000	1.000000000000	0.000000000000	0.000000000000	6000
7	10	0.700000000000	1.000000000000	4	0.000000000000	1.000000000000	0.000000000000	0.000000000000	6000
7	10	0.700000000000	1.000000000000	5	0.000000000000	1.000000000000	0.000000000000	0.000000000000	6000
