# scan initial plane
# b 1.3
# r 0
# e -0.4
# N1 50
# N2 50
# P11 0.9
# p12 0.1
# P22 0.9
# T_MCS 1000
# T_MAX 30000
# W 2000
# UPDATE_RULE 0
# FERMI_BETA 1
# DEGREE_ALPHA 0.5
# DEGREE_FACTOR_MIN 0.5
# DEGREE_FACTOR_MAX 2
# ndiv 10
# n_reps 5
# A:(0,1),	A':(0,0.133),	B:(1,0),	B'=(0.133,0),	C:(1,1),	D:(0,0),	E:(0.108,0.108) 
# columns: ix iy x1_0 x2_0 rep x1_inf x2_inf sigma_1 sigma_2 t_relax
2	0	0.200000000000	0.000000000000	1	0.000000000000	0.000000000000	0.000000000000	0.000000000000	8000
2	0	0.200000000000	0.000000000000	2	0.000000000000	0.000000000000	0.000000000000	0.000000000000	8000
2	0	0.200000000000	0.000000000000	3	0.000000000000	0.000000000000	0.000000000000	0.000000000000	16000
2	0	0.200000000000	0.000000000000	4	0.000000000000	0.000000000000	0.000000000000	0.000000000000	6000
2	0	0.200000000000	0.000000000000	5	0.000000000000	0.000000000000	0.000000000000	0.000000000000	10000
2	1	0.200000000000	0.100000000000	1	0.000000000000	0.069720000000	0.000000000000	0.022009225475	8000
2	1	0.200000000000	0.100000000000	2	0.000000000000	0.000000000000	0.000000000000	0.000000000000	6000
2	1	0.200000000000	0.100000000000	3	0.000000000000	0.061680000000	0.000000000000	0.019140113478	20000
2	1	0.200000000000	0.100000000000	4	0.000000000000	0.000000000000	0.000000000000	0.000000000000	6000
2	1	0.200000000000	0.100000000000	5	0.000000000000	0.000000000000	0.000000000000	0.000000000000	6000
2	2	0.200000000000	0.200000000000	1	0.000000000000	0.000000000000	0.000000000000	0.000000000000	22000
2	2	0.200000000000	0.200000000000	2	0.000000000000	0.067740000000	0.000000000000	0.019801123314	8000
2	2	0.200000000000	0.200000000000	3	0.000000000000	0.000000000000	0.000000000000	0.000000000000	8000
2	2	0.200000000000	0.200000000000	4	0.000000000000	0.070800000000	0.000000000000	0.020153564602	12000
2	2	0.200000000000	0.200000000000	5	0.000000000000	0.000000000000	0.000000000000	0.000000000000	22000
2	3	0.200000000000	0.300000000000	1	0.000000000000	0.000000000000	0.000000000000	0.000000000000	8000
2	3	0.200000000000	0.300000000000	2	0.000000000000	0.000000000000	0.000000000000	0.000000000000	8000
2	3	0.200000000000	0.300000000000	3	0.000000000000	0.000000000000	0.000000000000	0.000000000000	6000
2	3	0.200000000000	0.300000000000	4	0.000000000000	0.062820000000	0.000000000000	0.022363983271	16000
2	3	0.200000000000	0.300000000000	5	0.000000000000	0.000000000000	0.000000000000	0.000000000000	20000
2	4	0.200000000000	0.400000000000	1	0.000000000000	0.004580000000	0.000000000000	0.009976127662	14000
2	4	0.200000000000	0.400000000000	2	0.000000000000	0.000000000000	0.000000000000	0.000000000000	6000
2	4	0.200000000000	0.400000000000	3	0.000000000000	0.052380000000	0.000000000000	0.028198062535	10000
2	4	0.200000000000	0.400000000000	4	0.000000000000	0.000000000000	0.000000000000	0.000000000000	10000
2	4	0.200000000000	0.400000000000	5	0.000000000000	0.057540000000	0.000000000000	0.019357766481	26000
2	5	0.200000000000	0.500000000000	1	0.000000000000	0.000000000000	0.000000000000	0.000000000000	8000
2	5	0.200000000000	0.500000000000	2	0.000000000000	0.000000000000	0.000000000000	0.000000000000	6000
2	5	0.200000000000	0.500000000000	3	0.000000000000	0.000000000000	0.000000000000	0.000000000000	6000
2	5	0.200000000000	0.500000000000	4	0.000000000000	0.069240000000	0.000000000000	0.016700338359	6000
2	5	0.200000000000	0.500000000000	5	0.000000000000	0.000000000000	0.000000000000	0.000000000000	6000
2	6	0.200000000000	0.600000000000	1	0.000000000000	0.000000000000	0.000000000000	0.000000000000	8000
2	6	0.200000000000	0.600000000000	2	0.000000000000	0.005540000000	0.000000000000	0.016935028645	10000
2	6	0.200000000000	0.600000000000	3	0.000000000000	0.000000000000	0.000000000000	0.000000000000	6000
2	6	0.200000000000	0.600000000000	4	0.000000000000	0.000000000000	0.000000000000	0.000000000000	6000
2	6	0.200000000000	0.600000000000	5	0.000000000000	0.000000000000	0.000000000000	0.000000000000	10000
2	7	0.200000000000	0.700000000000	1	0.038420000000	0.000000000000	0.017011554691	0.000000000000	6000
2	7	0.200000000000	0.700000000000	2	0.000000000000	0.000000000000	0.000000000000	0.000000000000	6000
2	7	0.200000000000	0.700000000000	3	0.000000000000	0.075560000000	0.000000000000	0.022216659965	28000
2	7	0.200000000000	0.700000000000	4	0.000000000000	0.085180000000	0.000000000000	0.021790879800	16000
2	7	0.200000000000	0.700000000000	5	0.000000000000	0.000000000000	0.000000000000	0.000000000000	6000
2	8	0.200000000000	0.800000000000	1	0.000000000000	0.000000000000	0.000000000000	0.000000000000	6000
2	8	0.200000000000	0.800000000000	2	0.000000000000	0.000000000000	0.000000000000	0.000000000000	8000
2	8	0.200000000000	0.800000000000	3	0.000000000000	0.000000000000	0.000000000000	0.000000000000	12000
2	8	0.200000000000	0.800000000000	4	0.000000000000	0.000000000000	0.000000000000	0.000000000000	16000
2	8	0.200000000000	0.800000000000	5	0.000000000000	0.000000000000	0.000000000000	0.000000000000	8000
2	9	0.200000000000	0.900000000000	1	0.055960000000	0.000000000000	0.022930420934	0.000000000000	12000
2	9	0.200000000000	0.900000000000	2	0.000000000000	0.068180000000	0.000000000000	0.018810673604	16000
2	9	0.200000000000	0.900000000000	3	0.000000000000	0.000000000000	0.000000000000	0.000000000000	10000
2	9	0.200000000000	0.900000000000	4	0.000000000000	0.000000000000	0.000000000000	0.000000000000	6000
2	9	0.200000000000	0.900000000000	5	0.000000000000	0.041840000000	0.000000000000	0.017438994195	6000
2	10	0.200000000000	1.000000000000	1	0.000000000000	1.000000000000	0.000000000000	0.000000000000	6000
2	10	0.200000000000	1.000000000000	2	0.000000000000	1.000000000000	0.000000000000	0.000000000000	6000
2	10	0.200000000000	1.000000000000	3	0.000000000000	1.000000000000	0.000000000000	0.000000000000	6000
2	10	0.200000000000	1.000000000000	4	0.000000000000	1.000000000000	0.000000000000	0.000000000000	6000
2	10	0.200000000000	1.000000000000	5	0.000000000000	1.000000000000	0.000000000000	0.000000000000	6000
3	0	0.300000000000	0.000000000000	1	0.000000000000	0.000000000000	0.000000000000	0.000000000000	6000
3	0	0.300000000000	0.000000000000	2	0.000000000000	0.000000000000	0.000000000000	0.000000000000	10000
3	0	0.300000000000	0.000000000000	3	0.000000000000	0.000000000000	0.000000000000	0.000000000000	6000
3	0	0.300000000000	0.000000000000	4	0.000000000000	0.000000000000	0.000000000000	0.000000000000	10000
3	0	0.300000000000	0.000000000000	5	0.064300000000	0.000000000000	0.032541803407	0.000000000000	6000
3	1	0.300000000000	0.100000000000	1	0.000000000000	0.000000000000	0.000000000000	0.000000000000	6000
3	1	0.300000000000	0.100000000000	2	0.000000000000	0.000000000000	0.000000000000	0.000000000000	8000
3	1	0.300000000000	0.100000000000	3	0.000000000000	0.000000000000	0.000000000000	0.000000000000	10000
3	1	0.300000000000	0.100000000000	4	0.000000000000	0.063360000000	0.000000000000	0.028912736750	12000
3	1	0.300000000000	0.100000000000	5	0.000000000000	0.065280000000	0.000000000000	0.017470742023	6000
3	2	0.300000000000	0.200000000000	1	0.000000000000	0.000000000000	0.000000000000	0.000000000000	10000
3	2	0.300000000000	0.200000000000	2	0.000000000000	0.000000000000	0.000000000000	0.000000000000	14000
3	2	0.300000000000	0.200000000000	3	0.000000000000	0.082880000000	0.000000000000	0.017041009242	16000
3	2	0.300000000000	0.200000000000	4	0.000000000000	0.000000000000	0.000000000000	0.000000000000	10000
3	2	0.300000000000	0.200000000000	5	0.000000000000	0.000000000000	0.000000000000	0.000000000000	24000
3	3	0.300000000000	0.300000000000	1	0.054000000000	0.000000000000	0.024992491365	0.000000000000	6000
3	3	0.300000000000	0.300000000000	2	0.000000000000	0.000000000000	0.000000000000	0.000000000000	8000
3	3	0.300000000000	0.300000000000	3	0.000000000000	0.000000000000	0.000000000000	0.000000000000	14000
3	3	0.300000000000	0.300000000000	4	0.000000000000	0.000000000000	0.000000000000	0.000000000000	18000
3	3	0.300000000000	0.300000000000	5	0.000000000000	0.000000000000	0.000000000000	0.000000000000	8000
3	4	0.300000000000	0.400000000000	1	0.000000000000	0.066580000000	0.000000000000	0.017361019699	6000
3	4	0.300000000000	0.400000000000	2	0.000000000000	0.000000000000	0.000000000000	0.000000000000	8000
3	4	0.300000000000	0.400000000000	3	0.000000000000	0.000000000000	0.000000000000	0.000000000000	8000
3	4	0.300000000000	0.400000000000	4	0.000000000000	0.081040000000	0.000000000000	0.031709997224	12000
3	4	0.300000000000	0.400000000000	5	0.000000000000	0.042060000000	0.000000000000	0.021218072641	6000
3	5	0.300000000000	0.500000000000	1	0.000000000000	0.000000000000	0.000000000000	0.000000000000	10000
3	5	0.300000000000	0.500000000000	2	0.000000000000	0.000000000000	0.000000000000	0.000000000000	12000
3	5	0.300000000000	0.500000000000	3	0.000000000000	0.000000000000	0.000000000000	0.000000000000	16000
3	5	0.300000000000	0.500000000000	4	0.000000000000	0.000000000000	0.000000000000	0.000000000000	8000
3	5	0.300000000000	0.500000000000	5	0.000000000000	0.000000000000	0.000000000000	0.000000000000	8000
3	6	0.300000000000	0.600000000000	1	0.000000000000	0.000000000000	0.000000000000	0.000000000000	10000
3	6	0.300000000000	0.600000000000	2	0.000000000000	0.068520000000	0.000000000000	0.022994310999	12000
3	6	0.300000000000	0.600000000000	3	0.000000000000	0.000000000000	0.000000000000	0.000000000000	8000
3	6	0.300000000000	0.600000000000	4	0.000000000000	0.056460000000	0.000000000000	0.019683898391	10000
3	6	0.300000000000	0.600000000000	5	0.000000000000	0.000000000000	0.000000000000	0.000000000000	8000
3	7	0.300000000000	0.700000000000	1	0.000000000000	0.000000000000	0.000000000000	0.000000000000	8000
3	7	0.300000000000	0.700000000000	2	0.000000000000	0.000000000000	0.000000000000	0.000000000000	12000
3	7	0.300000000000	0.700000000000	3	0.000000000000	0.000000000000	0.000000000000	0.000000000000	8000
3	7	0.300000000000	0.700000000000	4	0.000000000000	0.000000000000	0.000000000000	0.000000000000	6000
3	7	0.300000000000	0.700000000000	5	0.000000000000	0.000000000000	0.000000000000	0.000000000000	10000
3	8	0.300000000000	0.800000000000	1	0.000000000000	0.000000000000	0.000000000000	0.000000000000	10000
3	8	0.300000000000	0.800000000000	2	0.000000000000	0.000000000000	0.000000000000	0.000000000000	6000
3	8	0.300000000000	0.800000000000	3	0.000000000000	0.000000000000	0.000000000000	0.000000000000	10000
3	8	0.300000000000	0.800000000000	4	0.000000000000	0.000000000000	0.000000000000	0.000000000000	8000
3	8	0.300000000000	0.800000000000	5	0.000000000000	0.000000000000	0.000000000000	0.000000000000	10000
3	9	0.300000000000	0.900000000000	1	0.000000000000	0.000000000000	0.000000000000	0.000000000000	12000
3	9	0.300000000000	0.900000000000	2	0.000000000000	0.000000000000	0.000000000000	0.000000000000	10000
3	9	0.300000000000	0.900000000000	3	0.000000000000	0.050280000000	0.000000000000	0.017117669661	16000
3	9	0.300000000000	0.900000000000	4	0.000000000000	0.000000000000	0.000000000000	0.000000000000	8000
3	9	0.300000000000	0.900000000000	5	0.000000000000	0.000000000000	0.000000000000	0.000000000000	12000
3	10	0.300000000000	1.000000000000	1	0.000000000000	1.000000000000	0.000000000000	0.000000000000	6000
3	10	0.300000000000	1.000000000000	2	0.000000000000	1.000000000000	0.000000000000	0.000000000000	6000
3	10	0.300000000000	1.000000000000	3	0.000000000000	1.000000000000	0.000000000000	0.000000000000	6000
3	10	0.300000000000	1.000000000000	4	0.000000000000	1.000000000000	0.000000000000	0.000000000000	6000
3	10	0.300000000000	1.000000000000	5	0.000000000000	1.000000000000	0.000000000000	0.000000000000	6000
