# scan initial plane
# b 1.174
# r 0
# e -0.4
# N1 300
# N2 300
# P11 0.9
# p12 0.1
# P22 0.9
# T_MCS 1000
# T_MAX 30000
# W 2000
# UPDATE_RULE 0
# FERMI_BETA 1
# DEGREE_ALPHA 0.5
# DEGREE_FACTOR_MIN 0.5
# DEGREE_FACTOR_MAX 2
# ndiv 10
# n_reps 5
# A:(0,1),	A':(0,0.230),	B:(1,0),	B'=(0.230,0),	C:(1,1),	D:(0,0),	E:(0.173,0.173) 
# columns: ix iy x1_0 x2_0 rep x1_inf x2_inf sigma_1 sigma_2 t_relax
0	0	0.000000000000	0.000000000000	1	0.000000000000	0.000000000000	0.000000000000	0.000000000000	4000
0	0	0.000000000000	0.000000000000	2	0.000000000000	0.000000000000	0.000000000000	0.000000000000	4000
0	0	0.000000000000	0.000000000000	3	0.000000000000	0.000000000000	0.000000000000	0.000000000000	4000
0	0	0.000000000000	0.000000000000	4	0.000000000000	0.000000000000	0.000000000000	0.000000000000	4000
0	0	0.000000000000	0.000000000000	5	0.000000000000	0.000000000000	0.000000000000	0.000000000000	4000
0	1	0.000000000000	0.100000000000	1	0.000000000000	0.225020000000	0.000000000000	0.010031628327	18000
0	1	0.000000000000	0.100000000000	2	0.000000000000	0.230200000000	0.000000000000	0.009306028031	6000
0	1	0.000000000000	0.100000000000	3	0.000000000000	0.219730000000	0.000000000000	0.008348460744	28000
0	1	0.000000000000	0.100000000000	4	0.000000000000	0.221333333333	0.000000000000	0.011179966830	12000
0	1	0.000000000000	0.100000000000	5	0.000000000000	0.231886666667	0.000000000000	0.006624528154	8000
0	2	0.000000000000	0.200000000000	1	0.000000000000	0.215310000000	0.000000000000	0.009147484100	30000
0	2	0.000000000000	0.200000000000	2	0.000000000000	0.222053333333	0.000000000000	0.009313282242	18000
0	2	0.000000000000	0.200000000000	3	0.000000000000	0.221766666667	0.000000000000	0.008507260699	26000
0	2	0.000000000000	0.200000000000	4	0.000000000000	0.227556666667	0.000000000000	0.010445376718	4000
0	2	0.000000000000	0.200000000000	5	0.000000000000	0.225030000000	0.000000000000	0.013005615087	22000
0	3	0.000000000000	0.300000000000	1	0.000000000000	0.222473333333	0.000000000000	0.009267125387	4000
0	3	0.000000000000	0.300000000000	2	0.000000000000	0.212626666667	0.000000000000	0.009754554275	6000
0	3	0.000000000000	0.300000000000	3	0.000000000000	0.216883333333	0.000000000000	0.009296686120	30000
0	3	0.000000000000	0.300000000000	4	0.000000000000	0.222463333333	0.000000000000	0.007244616854	16000
0	3	0.000000000000	0.300000000000	5	0.000000000000	0.223993333333	0.000000000000	0.009534135734	18000
0	4	0.000000000000	0.400000000000	1	0.000000000000	0.224540000000	0.000000000000	0.009119235129	8000
0	4	0.000000000000	0.400000000000	2	0.000000000000	0.217576666667	0.000000000000	0.012126970267	26000
0	4	0.000000000000	0.400000000000	3	0.000000000000	0.226536666667	0.000000000000	0.009506496383	6000
0	4	0.000000000000	0.400000000000	4	0.000000000000	0.217716666667	0.000000000000	0.010621743385	16000
0	4	0.000000000000	0.400000000000	5	0.000000000000	0.224530000000	0.000000000000	0.011319428063	18000
0	5	0.000000000000	0.500000000000	1	0.000000000000	0.211460000000	0.000000000000	0.011615266916	8000
0	5	0.000000000000	0.500000000000	2	0.000000000000	0.218626666667	0.000000000000	0.008324323458	8000
0	5	0.000000000000	0.500000000000	3	0.000000000000	0.222273333333	0.000000000000	0.010963420844	20000
0	5	0.000000000000	0.500000000000	4	0.000000000000	0.222743333333	0.000000000000	0.009501927756	18000
0	5	0.000000000000	0.500000000000	5	0.000000000000	0.222063333333	0.000000000000	0.009400823128	18000
0	6	0.000000000000	0.600000000000	1	0.000000000000	0.223203333333	0.000000000000	0.008481321276	8000
0	6	0.000000000000	0.600000000000	2	0.000000000000	0.225160000000	0.000000000000	0.009607869462	20000
0	6	0.000000000000	0.600000000000	3	0.000000000000	0.216096666667	0.000000000000	0.010065826608	18000
0	6	0.000000000000	0.600000000000	4	0.000000000000	0.217980000000	0.000000000000	0.008860542891	14000
0	6	0.000000000000	0.600000000000	5	0.000000000000	0.214880000000	0.000000000000	0.009710928089	18000
0	7	0.000000000000	0.700000000000	1	0.000000000000	0.213736666667	0.000000000000	0.010099251094	6000
0	7	0.000000000000	0.700000000000	2	0.000000000000	0.222546666667	0.000000000000	0.007432118941	10000
0	7	0.000000000000	0.700000000000	3	0.000000000000	0.223440000000	0.000000000000	0.009855465330	14000
0	7	0.000000000000	0.700000000000	4	0.000000000000	0.219926666667	0.000000000000	0.009225071620	6000
0	7	0.000000000000	0.700000000000	5	0.000000000000	0.228180000000	0.000000000000	0.008179857311	16000
0	8	0.000000000000	0.800000000000	1	0.000000000000	0.225150000000	0.000000000000	0.008305408668	16000
0	8	0.000000000000	0.800000000000	2	0.000000000000	0.217496666667	0.000000000000	0.010269962399	12000
0	8	0.000000000000	0.800000000000	3	0.000000000000	0.224993333333	0.000000000000	0.009952616022	10000
0	8	0.000000000000	0.800000000000	4	0.000000000000	0.223156666667	0.000000000000	0.013502509890	24000
0	8	0.000000000000	0.800000000000	5	0.000000000000	0.217830000000	0.000000000000	0.008545155074	8000
0	9	0.000000000000	0.900000000000	1	0.000000000000	0.222000000000	0.000000000000	0.008377427553	12000
0	9	0.000000000000	0.900000000000	2	0.000000000000	0.223543333333	0.000000000000	0.010342285186	6000
0	9	0.000000000000	0.900000000000	3	0.000000000000	0.231950000000	0.000000000000	0.012686502127	14000
0	9	0.000000000000	0.900000000000	4	0.000000000000	0.223923333333	0.000000000000	0.011616949694	16000
0	9	0.000000000000	0.900000000000	5	0.000000000000	0.220590000000	0.000000000000	0.009881778663	24000
0	10	0.000000000000	1.000000000000	1	0.000000000000	1.000000000000	0.000000000000	0.000000000000	4000
0	10	0.000000000000	1.000000000000	2	0.000000000000	1.000000000000	0.000000000000	0.000000000000	4000
0	10	0.000000000000	1.000000000000	3	0.000000000000	1.000000000000	0.000000000000	0.000000000000	4000
0	10	0.000000000000	1.000000000000	4	0.000000000000	1.000000000000	0.000000000000	0.000000000000	4000
0	10	0.000000000000	1.000000000000	5	0.000000000000	1.000000000000	0.000000000000	0.000000000000	4000
1	0	0.100000000000	0.000000000000	1	0.228403333333	0.000000000000	0.010750690397	0.000000000000	8000
1	0	0.100000000000	0.000000000000	2	0.223233333333	0.000000000000	0.015718119528	0.000000000000	8000
1	0	0.100000000000	0.000000000000	3	0.219290000000	0.000000000000	0.010452785096	0.000000000000	18000
1	0	0.100000000000	0.000000000000	4	0.221086666667	0.000000000000	0.010359849518	0.000000000000	20000
1	0	0.100000000000	0.000000000000	5	0.219023333333	0.000000000000	0.010952395449	0.000000000000	12000
1	1	0.100000000000	0.100000000000	1	0.175750000000	0.149770000000	0.014090676289	0.011210882883	6000
1	1	0.100000000000	0.100000000000	2	0.150836666667	0.161996666667	0.013092587566	0.008658294640	30000
1	1	0.100000000000	0.100000000000	3	0.162053333333	0.155070000000	0.011555932850	0.012282388537	30000
1	1	0.100000000000	0.100000000000	4	0.161616666667	0.164636666667	0.012287918350	0.010036148101	30000
1	1	0.100000000000	0.100000000000	5	0.164126666667	0.163273333333	0.015791629217	0.012324025923	30000
1	2	0.100000000000	0.200000000000	1	0.158313333333	0.159910000000	0.010568304824	0.010321422630	30000
1	2	0.100000000000	0.200000000000	2	0.154690000000	0.172110000000	0.011173673219	0.010835578166	30000
1	2	0.100000000000	0.200000000000	3	0.167023333333	0.161080000000	0.011952874786	0.009751114798	30000
1	2	0.100000000000	0.200000000000	4	0.150310000000	0.166976666667	0.012371169497	0.010975321910	30000
1	2	0.100000000000	0.200000000000	5	0.152510000000	0.164056666667	0.012261739283	0.010866123472	30000
1	3	0.100000000000	0.300000000000	1	0.160493333333	0.153940000000	0.010851878841	0.012311926701	30000
1	3	0.100000000000	0.300000000000	2	0.164883333333	0.152453333333	0.016339047232	0.013424904107	30000
1	3	0.100000000000	0.300000000000	3	0.173303333333	0.158836666667	0.010213448274	0.009462944255	30000
1	3	0.100000000000	0.300000000000	4	0.153543333333	0.158123333333	0.010410884147	0.013509855439	30000
1	3	0.100000000000	0.300000000000	5	0.158080000000	0.168023333333	0.010069397725	0.011395436727	30000
1	4	0.100000000000	0.400000000000	1	0.159896666667	0.160256666667	0.011591247240	0.011470208713	30000
1	4	0.100000000000	0.400000000000	2	0.151096666667	0.175470000000	0.011126495356	0.011454221409	18000
1	4	0.100000000000	0.400000000000	3	0.164626666667	0.161603333333	0.012471056916	0.010094448315	30000
1	4	0.100000000000	0.400000000000	4	0.164670000000	0.157206666667	0.008806044754	0.011405390277	30000
1	4	0.100000000000	0.400000000000	5	0.162903333333	0.153973333333	0.017194627057	0.012621618787	30000
1	5	0.100000000000	0.500000000000	1	0.149350000000	0.170776666667	0.009472210847	0.010597073924	30000
1	5	0.100000000000	0.500000000000	2	0.157613333333	0.165493333333	0.009414717392	0.009315402959	8000
1	5	0.100000000000	0.500000000000	3	0.155300000000	0.167343333333	0.011538285007	0.012435481811	30000
1	5	0.100000000000	0.500000000000	4	0.162740000000	0.166553333333	0.009083404735	0.010028789611	30000
1	5	0.100000000000	0.500000000000	5	0.167963333333	0.155030000000	0.015013314448	0.012597266547	30000
1	6	0.100000000000	0.600000000000	1	0.154603333333	0.169596666667	0.010705218433	0.009776935422	30000
1	6	0.100000000000	0.600000000000	2	0.161613333333	0.153586666667	0.015358303210	0.014437213867	30000
1	6	0.100000000000	0.600000000000	3	0.157566666667	0.151516666667	0.011107657121	0.014105113683	30000
1	6	0.100000000000	0.600000000000	4	0.153243333333	0.168536666667	0.014385523547	0.008337689219	30000
1	6	0.100000000000	0.600000000000	5	0.158156666667	0.160193333333	0.012345448063	0.009694841180	30000
1	7	0.100000000000	0.700000000000	1	0.155406666667	0.164913333333	0.012204972813	0.016420715775	30000
1	7	0.100000000000	0.700000000000	2	0.157636666667	0.163880000000	0.010406229472	0.009276522845	30000
1	7	0.100000000000	0.700000000000	3	0.165353333333	0.170890000000	0.017140337481	0.016115239194	30000
1	7	0.100000000000	0.700000000000	4	0.156620000000	0.165996666667	0.009342649909	0.011992378386	30000
1	7	0.100000000000	0.700000000000	5	0.157466666667	0.164916666667	0.008967619304	0.012863500158	30000
1	8	0.100000000000	0.800000000000	1	0.161220000000	0.154143333333	0.008786980895	0.008674819065	30000
1	8	0.100000000000	0.800000000000	2	0.157453333333	0.162963333333	0.009398731743	0.013067366923	30000
1	8	0.100000000000	0.800000000000	3	0.154986666667	0.168073333333	0.008654301901	0.008948695202	30000
1	8	0.100000000000	0.800000000000	4	0.156100000000	0.165290000000	0.011087612790	0.011432990857	30000
1	8	0.100000000000	0.800000000000	5	0.165646666667	0.155783333333	0.010951995840	0.008289859910	30000
1	9	0.100000000000	0.900000000000	1	0.166856666667	0.154963333333	0.012628937276	0.012576041204	30000
1	9	0.100000000000	0.900000000000	2	0.160826666667	0.167046666667	0.008842783331	0.010584625689	18000
1	9	0.100000000000	0.900000000000	3	0.162943333333	0.162803333333	0.009718145005	0.011992897743	30000
1	9	0.100000000000	0.900000000000	4	0.154850000000	0.162373333333	0.009423355717	0.009754554275	30000
1	9	0.100000000000	0.900000000000	5	0.156953333333	0.166270000000	0.011372600721	0.011067401011	30000
1	10	0.100000000000	1.000000000000	1	0.000000000000	1.000000000000	0.000000000000	0.000000000000	6000
1	10	0.100000000000	1.000000000000	2	0.000000000000	1.000000000000	0.000000000000	0.000000000000	6000
1	10	0.100000000000	1.000000000000	3	0.000000000000	1.000000000000	0.000000000000	0.000000000000	6000
1	10	0.100000000000	1.000000000000	4	0.000000000000	1.000000000000	0.000000000000	0.000000000000	6000
1	10	0.100000000000	1.000000000000	5	0.000000000000	1.000000000000	0.000000000000	0.000000000000	6000
