# scan initial plane
# b 1.174
# r 0
# e -0.4
# N1 300
# N2 300
# P11 0.9
# p12 0.1
# P22 0.9
# T_MCS 1000
# T_MAX 30000
# W 2000
# UPDATE_RULE 0
# FERMI_BETA 1
# DEGREE_ALPHA 0.5
# DEGREE_FACTOR_MIN 0.5
# DEGREE_FACTOR_MAX 2
# ndiv 10
# n_reps 5
# A:(0,1),	A':(0,0.230),	B:(1,0),	B'=(0.230,0),	C:(1,1),	D:(0,0),	E:(0.173,0.173) 
# columns: ix iy x1_0 x2_0 rep x1_inf x2_inf sigma_1 sigma_2 t_relax
8	0	0.800000000000	0.000000000000	1	0.215250000000	0.000000000000	0.009505850542	0.000000000000	8000
8	0	0.800000000000	0.000000000000	2	0.230506666667	0.000000000000	0.015419430129	0.000000000000	14000
8	0	0.800000000000	0.000000000000	3	0.228026666667	0.000000000000	0.011473342719	0.000000000000	12000
8	0	0.800000000000	0.000000000000	4	0.232240000000	0.000000000000	0.012327969146	0.000000000000	30000
8	0	0.800000000000	0.000000000000	5	0.221070000000	0.000000000000	0.010204209551	0.000000000000	10000
8	1	0.800000000000	0.100000000000	1	0.166496666667	0.152550000000	0.009249684138	0.014948015433	30000
8	1	0.800000000000	0.100000000000	2	0.163560000000	0.156676666667	0.009415917584	0.012172978877	30000
8	1	0.800000000000	0.100000000000	3	0.148103333333	0.168013333333	0.008660246974	0.012362370565	30000
8	1	0.800000000000	0.100000000000	4	0.168563333333	0.163163333333	0.009439431632	0.016645765673	30000
8	1	0.800000000000	0.100000000000	5	0.152490000000	0.163203333333	0.014185713510	0.009693030105	30000
8	2	0.800000000000	0.200000000000	1	0.162940000000	0.154046666667	0.012022703100	0.016171215765	30000
8	2	0.800000000000	0.200000000000	2	0.157390000000	0.156813333333	0.008764083158	0.014434070349	30000
8	2	0.800000000000	0.200000000000	3	0.155440000000	0.173576666667	0.014094307146	0.010975990724	30000
8	2	0.800000000000	0.200000000000	4	0.160176666667	0.160040000000	0.012298058927	0.011092003591	30000
8	2	0.800000000000	0.200000000000	5	0.159900000000	0.163576666667	0.009238073862	0.009546304039	30000
8	3	0.800000000000	0.300000000000	1	0.162973333333	0.163920000000	0.012890690565	0.011076534790	30000
8	3	0.800000000000	0.300000000000	2	0.164093333333	0.156203333333	0.016650314300	0.010957739774	30000
8	3	0.800000000000	0.300000000000	3	0.162270000000	0.161283333333	0.009705506293	0.008367314766	30000
8	3	0.800000000000	0.300000000000	4	0.164806666667	0.155756666667	0.016673217265	0.011146326078	30000
8	3	0.800000000000	0.300000000000	5	0.161283333333	0.160370000000	0.014574670910	0.012874434873	30000
8	4	0.800000000000	0.400000000000	1	0.153310000000	0.172263333333	0.012109752337	0.011204789779	30000
8	4	0.800000000000	0.400000000000	2	0.157366666667	0.160716666667	0.008554717014	0.012939966016	30000
8	4	0.800000000000	0.400000000000	3	0.144393333333	0.167063333333	0.010662033946	0.009876807074	30000
8	4	0.800000000000	0.400000000000	4	0.154083333333	0.155970000000	0.009873166861	0.009497038390	8000
8	4	0.800000000000	0.400000000000	5	0.154473333333	0.164810000000	0.009154585116	0.009791935673	30000
8	5	0.800000000000	0.500000000000	1	0.156256666667	0.152406666667	0.013277272451	0.013493662341	30000
8	5	0.800000000000	0.500000000000	2	0.157893333333	0.150070000000	0.009340728278	0.010293522826	30000
8	5	0.800000000000	0.500000000000	3	0.152506666667	0.163873333333	0.010896065131	0.011181834976	30000
8	5	0.800000000000	0.500000000000	4	0.156933333333	0.170166666667	0.014940507834	0.011932362304	30000
8	5	0.800000000000	0.500000000000	5	0.168263333333	0.143293333333	0.008822045343	0.013624554045	10000
8	6	0.800000000000	0.600000000000	1	0.156176666667	0.172173333333	0.010461166411	0.011794261983	30000
8	6	0.800000000000	0.600000000000	2	0.165716666667	0.160783333333	0.011550749270	0.016713572634	30000
8	6	0.800000000000	0.600000000000	3	0.162100000000	0.166680000000	0.009607524486	0.010658438602	30000
8	6	0.800000000000	0.600000000000	4	0.149193333333	0.169380000000	0.014288227403	0.012796762673	30000
8	6	0.800000000000	0.600000000000	5	0.157240000000	0.164683333333	0.007603814554	0.011479854740	30000
8	7	0.800000000000	0.700000000000	1	0.154466666667	0.171326666667	0.007605265432	0.009410139665	20000
8	7	0.800000000000	0.700000000000	2	0.160146666667	0.170770000000	0.009789273432	0.014965068510	30000
8	7	0.800000000000	0.700000000000	3	0.147423333333	0.170153333333	0.014166287263	0.010000491591	30000
8	7	0.800000000000	0.700000000000	4	0.156713333333	0.173400000000	0.008027455390	0.008887387261	30000
8	7	0.800000000000	0.700000000000	5	0.156216666667	0.148523333333	0.009673099122	0.010455508697	30000
8	8	0.800000000000	0.800000000000	1	0.166580000000	0.152653333333	0.012175871708	0.010937779153	30000
8	8	0.800000000000	0.800000000000	2	0.152423333333	0.160123333333	0.007469562305	0.009327057688	30000
8	8	0.800000000000	0.800000000000	3	0.155556666667	0.162906666667	0.013648311200	0.009807181197	14000
8	8	0.800000000000	0.800000000000	4	0.158810000000	0.169873333333	0.012468423469	0.010718050660	30000
8	8	0.800000000000	0.800000000000	5	0.164963333333	0.152553333333	0.009291363163	0.010541581815	30000
8	9	0.800000000000	0.900000000000	1	0.165030000000	0.155140000000	0.010880448098	0.012277260734	30000
8	9	0.800000000000	0.900000000000	2	0.160140000000	0.169490000000	0.011843826737	0.009691946855	30000
8	9	0.800000000000	0.900000000000	3	0.170933333333	0.154270000000	0.010943480240	0.017436041982	30000
8	9	0.800000000000	0.900000000000	4	0.150753333333	0.163546666667	0.012005506096	0.014300080928	30000
8	9	0.800000000000	0.900000000000	5	0.158070000000	0.154103333333	0.010173535425	0.013299773832	30000
8	10	0.800000000000	1.000000000000	1	0.000000000000	1.000000000000	0.000000000000	0.000000000000	6000
8	10	0.800000000000	1.000000000000	2	0.000000000000	1.000000000000	0.000000000000	0.000000000000	6000
8	10	0.800000000000	1.000000000000	3	0.000000000000	1.000000000000	0.000000000000	0.000000000000	6000
8	10	0.800000000000	1.000000000000	4	0.000000000000	1.000000000000	0.000000000000	0.000000000000	6000
8	10	0.800000000000	1.000000000000	5	0.000000000000	1.000000000000	0.000000000000	0.000000000000	6000
9	0	0.900000000000	0.000000000000	1	0.217933333333	0.000000000000	0.009352047590	0.000000000000	8000
9	0	0.900000000000	0.000000000000	2	0.220130000000	0.000000000000	0.009190018789	0.000000000000	18000
9	0	0.900000000000	0.000000000000	3	0.216183333333	0.000000000000	0.008819785823	0.000000000000	24000
9	0	0.900000000000	0.000000000000	4	0.218950000000	0.000000000000	0.009232458711	0.000000000000	22000
9	0	0.900000000000	0.000000000000	5	0.219426666667	0.000000000000	0.009015869793	0.000000000000	20000
9	1	0.900000000000	0.100000000000	1	0.154316666667	0.161220000000	0.014384635939	0.016904885475	6000
9	1	0.900000000000	0.100000000000	2	0.153466666667	0.162033333333	0.011648849544	0.012836029469	30000
9	1	0.900000000000	0.100000000000	3	0.151913333333	0.161160000000	0.010569651828	0.010772051976	6000
9	1	0.900000000000	0.100000000000	4	0.159953333333	0.162853333333	0.012202552194	0.009121861867	30000
9	1	0.900000000000	0.100000000000	5	0.151193333333	0.151230000000	0.013912127106	0.013783217225	30000
9	2	0.900000000000	0.200000000000	1	0.170910000000	0.152626666667	0.016123781218	0.013691817479	30000
9	2	0.900000000000	0.200000000000	2	0.164473333333	0.170436666667	0.010954367894	0.011858656236	30000
9	2	0.900000000000	0.200000000000	3	0.169380000000	0.148076666667	0.016498451746	0.011625754568	30000
9	2	0.900000000000	0.200000000000	4	0.157250000000	0.166606666667	0.016523029701	0.013098395626	30000
9	2	0.900000000000	0.200000000000	5	0.155160000000	0.160693333333	0.012609522859	0.015569397531	10000
9	3	0.900000000000	0.300000000000	1	0.167586666667	0.158696666667	0.012776939521	0.010244545738	30000
9	3	0.900000000000	0.300000000000	2	0.164676666667	0.165300000000	0.013376885410	0.010936516135	30000
9	3	0.900000000000	0.300000000000	3	0.158900000000	0.155766666667	0.011347387702	0.012252260839	30000
9	3	0.900000000000	0.300000000000	4	0.154400000000	0.166616666667	0.010885395039	0.011303034633	30000
9	3	0.900000000000	0.300000000000	5	0.170180000000	0.156693333333	0.014628109296	0.014598750752	30000
9	4	0.900000000000	0.400000000000	1	0.163010000000	0.172113333333	0.009035078514	0.010931503302	30000
9	4	0.900000000000	0.400000000000	2	0.151066666667	0.162216666667	0.011854791928	0.010364706912	30000
9	4	0.900000000000	0.400000000000	3	0.158430000000	0.158156666667	0.009352974590	0.009345855916	30000
9	4	0.900000000000	0.400000000000	4	0.156756666667	0.159190000000	0.013294183012	0.012017093357	30000
9	4	0.900000000000	0.400000000000	5	0.151990000000	0.170493333333	0.013257454678	0.011903710369	30000
9	5	0.900000000000	0.500000000000	1	0.175906666667	0.160256666667	0.015231143130	0.011379672777	10000
9	5	0.900000000000	0.500000000000	2	0.161140000000	0.161000000000	0.010765927460	0.015793264545	30000
9	5	0.900000000000	0.500000000000	3	0.164050000000	0.152343333333	0.009506084547	0.012383947313	30000
9	5	0.900000000000	0.500000000000	4	0.150816666667	0.160093333333	0.009936387037	0.014614467124	30000
9	5	0.900000000000	0.500000000000	5	0.142556666667	0.171710000000	0.010860389970	0.012595461753	30000
9	6	0.900000000000	0.600000000000	1	0.175966666667	0.151473333333	0.008829821262	0.010345298593	30000
9	6	0.900000000000	0.600000000000	2	0.153156666667	0.160143333333	0.012899253280	0.011898596039	30000
9	6	0.900000000000	0.600000000000	3	0.158770000000	0.152583333333	0.010512841769	0.008869081410	30000
9	6	0.900000000000	0.600000000000	4	0.154786666667	0.163306666667	0.013798969785	0.012439123702	30000
9	6	0.900000000000	0.600000000000	5	0.156083333333	0.157453333333	0.010516827431	0.011693593028	30000
9	7	0.900000000000	0.700000000000	1	0.155473333333	0.149410000000	0.015411111147	0.013083950337	30000
9	7	0.900000000000	0.700000000000	2	0.162410000000	0.158983333333	0.011912198249	0.013946517080	30000
9	7	0.900000000000	0.700000000000	3	0.157596666667	0.175193333333	0.015387031866	0.010438413269	30000
9	7	0.900000000000	0.700000000000	4	0.166300000000	0.167720000000	0.010668824857	0.010686659608	30000
9	7	0.900000000000	0.700000000000	5	0.159470000000	0.172090000000	0.010981080483	0.011327164212	30000
9	8	0.900000000000	0.800000000000	1	0.152970000000	0.167943333333	0.010831886405	0.011213894471	22000
9	8	0.900000000000	0.800000000000	2	0.164490000000	0.166126666667	0.008278996021	0.011184818587	30000
9	8	0.900000000000	0.800000000000	3	0.162230000000	0.157283333333	0.013358933965	0.010440618109	30000
9	8	0.900000000000	0.800000000000	4	0.160476666667	0.169950000000	0.012377551068	0.014700803162	30000
9	8	0.900000000000	0.800000000000	5	0.156203333333	0.163813333333	0.013917659490	0.011523509889	30000
9	9	0.900000000000	0.900000000000	1	0.156376666667	0.155046666667	0.014587888273	0.009872845237	30000
9	9	0.900000000000	0.900000000000	2	0.177706666667	0.148833333333	0.011632729132	0.009183978254	30000
9	9	0.900000000000	0.900000000000	3	0.163430000000	0.163900000000	0.017327942169	0.014549590354	30000
9	9	0.900000000000	0.900000000000	4	0.153943333333	0.157256666667	0.007785289523	0.008716847997	30000
9	9	0.900000000000	0.900000000000	5	0.165813333333	0.167230000000	0.013191801379	0.011354902535	30000
9	10	0.900000000000	1.000000000000	1	0.000000000000	1.000000000000	0.000000000000	0.000000000000	6000
9	10	0.900000000000	1.000000000000	2	0.000000000000	1.000000000000	0.000000000000	0.000000000000	6000
9	10	0.900000000000	1.000000000000	3	0.000000000000	1.000000000000	0.000000000000	0.000000000000	6000
9	10	0.900000000000	1.000000000000	4	0.000000000000	1.000000000000	0.000000000000	0.000000000000	6000
9	10	0.900000000000	1.000000000000	5	0.000000000000	1.000000000000	0.000000000000	0.000000000000	6000
