# scan initial plane
# b 1.174
# r 0
# e -0.4
# N1 300
# N2 300
# P11 0.9
# p12 0.1
# P22 0.9
# T_MCS 1000
# T_MAX 30000
# W 2000
# UPDATE_RULE 0
# FERMI_BETA 1
# DEGREE_ALPHA 0.5
# DEGREE_FACTOR_MIN 0.5
# DEGREE_FACTOR_MAX 2
# ndiv 10
# n_reps 5
# A:(0,1),	A':(0,0.230),	B:(1,0),	B'=(0.230,0),	C:(1,1),	D:(0,0),	E:(0.173,0.173) 
# columns: ix iy x1_0 x2_0 rep x1_inf x2_inf sigma_1 sigma_2 t_relax
4	0	0.400000000000	0.000000000000	1	0.219820000000	0.000000000000	0.011607090366	0.000000000000	30000
4	0	0.400000000000	0.000000000000	2	0.231436666667	0.000000000000	0.012887628515	0.000000000000	12000
4	0	0.400000000000	0.000000000000	3	0.217136666667	0.000000000000	0.009339860795	0.000000000000	30000
4	0	0.400000000000	0.000000000000	4	0.222873333333	0.000000000000	0.011265669768	0.000000000000	10000
4	0	0.400000000000	0.000000000000	5	0.226303333333	0.000000000000	0.009531990754	0.000000000000	8000
4	1	0.400000000000	0.100000000000	1	0.161140000000	0.155466666667	0.009494530091	0.012353197577	30000
4	1	0.400000000000	0.100000000000	2	0.160066666667	0.151363333333	0.009724031006	0.013100112028	30000
4	1	0.400000000000	0.100000000000	3	0.160786666667	0.161386666667	0.009882134887	0.011528180402	6000
4	1	0.400000000000	0.100000000000	4	0.168843333333	0.151860000000	0.010924657296	0.010554968637	30000
4	1	0.400000000000	0.100000000000	5	0.155013333333	0.165406666667	0.011320344281	0.010535181855	30000
4	2	0.400000000000	0.200000000000	1	0.148200000000	0.162176666667	0.014167437024	0.010809001447	30000
4	2	0.400000000000	0.200000000000	2	0.162646666667	0.157403333333	0.010516398580	0.013865810255	30000
4	2	0.400000000000	0.200000000000	3	0.158006666667	0.163900000000	0.009722198484	0.012627769862	30000
4	2	0.400000000000	0.200000000000	4	0.162280000000	0.156820000000	0.010235870247	0.010290996829	30000
4	2	0.400000000000	0.200000000000	5	0.157426666667	0.158023333333	0.010544098940	0.011504232198	30000
4	3	0.400000000000	0.300000000000	1	0.158990000000	0.177126666667	0.010748430681	0.012758267736	30000
4	3	0.400000000000	0.300000000000	2	0.159683333333	0.160653333333	0.015095431054	0.008434048709	30000
4	3	0.400000000000	0.300000000000	3	0.155173333333	0.170490000000	0.009287422235	0.011644547887	30000
4	3	0.400000000000	0.300000000000	4	0.161856666667	0.162286666667	0.014055655853	0.012024242372	30000
4	3	0.400000000000	0.300000000000	5	0.160693333333	0.169486666667	0.013566011163	0.010643976116	30000
4	4	0.400000000000	0.400000000000	1	0.161956666667	0.151730000000	0.010866389597	0.008947280061	26000
4	4	0.400000000000	0.400000000000	2	0.152413333333	0.160530000000	0.009979304578	0.010524937946	30000
4	4	0.400000000000	0.400000000000	3	0.163463333333	0.161320000000	0.012913596404	0.014305244416	30000
4	4	0.400000000000	0.400000000000	4	0.157403333333	0.164540000000	0.015263291521	0.012557932044	30000
4	4	0.400000000000	0.400000000000	5	0.155470000000	0.167093333333	0.013407418053	0.013366498626	10000
4	5	0.400000000000	0.500000000000	1	0.163073333333	0.161233333333	0.013324953990	0.013748580578	30000
4	5	0.400000000000	0.500000000000	2	0.156556666667	0.161790000000	0.011660068204	0.010963296569	30000
4	5	0.400000000000	0.500000000000	3	0.159406666667	0.169410000000	0.012299924088	0.009174388412	30000
4	5	0.400000000000	0.500000000000	4	0.158890000000	0.163233333333	0.010703281647	0.011739536004	30000
4	5	0.400000000000	0.500000000000	5	0.164876666667	0.163213333333	0.015213101247	0.011215081128	30000
4	6	0.400000000000	0.600000000000	1	0.160486666667	0.152616666667	0.009051738972	0.012394712852	30000
4	6	0.400000000000	0.600000000000	2	0.152276666667	0.171536666667	0.009577036056	0.009759924893	30000
4	6	0.400000000000	0.600000000000	3	0.155966666667	0.162103333333	0.010430559638	0.012444890865	30000
4	6	0.400000000000	0.600000000000	4	0.167453333333	0.155960000000	0.010325749852	0.012916858954	30000
4	6	0.400000000000	0.600000000000	5	0.162060000000	0.164026666667	0.010267296281	0.011758296919	30000
4	7	0.400000000000	0.700000000000	1	0.159076666667	0.160733333333	0.009363143561	0.008378489600	26000
4	7	0.400000000000	0.700000000000	2	0.163750000000	0.160690000000	0.017878647458	0.014173618385	30000
4	7	0.400000000000	0.700000000000	3	0.147493333333	0.156873333333	0.017673145544	0.009515078270	30000
4	7	0.400000000000	0.700000000000	4	0.160846666667	0.157476666667	0.012030752498	0.007149632121	30000
4	7	0.400000000000	0.700000000000	5	0.149763333333	0.167753333333	0.015693638175	0.013767426445	30000
4	8	0.400000000000	0.800000000000	1	0.155946666667	0.160460000000	0.011085728766	0.010489602714	30000
4	8	0.400000000000	0.800000000000	2	0.145963333333	0.171536666667	0.016011645953	0.010768738663	30000
4	8	0.400000000000	0.800000000000	3	0.148873333333	0.166806666667	0.010898749391	0.011632528346	30000
4	8	0.400000000000	0.800000000000	4	0.163206666667	0.159580000000	0.010165221676	0.011216776843	30000
4	8	0.400000000000	0.800000000000	5	0.159563333333	0.153723333333	0.016579296855	0.012993376734	30000
4	9	0.400000000000	0.900000000000	1	0.157576666667	0.155820000000	0.018524865079	0.015825445061	30000
4	9	0.400000000000	0.900000000000	2	0.155386666667	0.154696666667	0.010115858701	0.012433660689	30000
4	9	0.400000000000	0.900000000000	3	0.157330000000	0.163270000000	0.013368072446	0.013556949911	30000
4	9	0.400000000000	0.900000000000	4	0.157523333333	0.155910000000	0.013582486499	0.013674916738	30000
4	9	0.400000000000	0.900000000000	5	0.159630000000	0.150306666667	0.013525754916	0.020331349285	30000
4	10	0.400000000000	1.000000000000	1	0.000000000000	1.000000000000	0.000000000000	0.000000000000	6000
4	10	0.400000000000	1.000000000000	2	0.000000000000	1.000000000000	0.000000000000	0.000000000000	6000
4	10	0.400000000000	1.000000000000	3	0.000000000000	1.000000000000	0.000000000000	0.000000000000	6000
4	10	0.400000000000	1.000000000000	4	0.000000000000	1.000000000000	0.000000000000	0.000000000000	6000
4	10	0.400000000000	1.000000000000	5	0.000000000000	1.000000000000	0.000000000000	0.000000000000	6000
5	0	0.500000000000	0.000000000000	1	0.233060000000	0.000000000000	0.008318322149	0.000000000000	30000
5	0	0.500000000000	0.000000000000	2	0.226626666667	0.000000000000	0.008891300974	0.000000000000	22000
5	0	0.500000000000	0.000000000000	3	0.218290000000	0.000000000000	0.006913861385	0.000000000000	26000
5	0	0.500000000000	0.000000000000	4	0.224140000000	0.000000000000	0.007342636741	0.000000000000	6000
5	0	0.500000000000	0.000000000000	5	0.213736666667	0.000000000000	0.009244849047	0.000000000000	30000
5	1	0.500000000000	0.100000000000	1	0.159116666667	0.160020000000	0.012041513759	0.016382279762	30000
5	1	0.500000000000	0.100000000000	2	0.162026666667	0.160943333333	0.017041280753	0.017553297139	24000
5	1	0.500000000000	0.100000000000	3	0.154406666667	0.156020000000	0.011841046751	0.013574874237	30000
5	1	0.500000000000	0.100000000000	4	0.150146666667	0.176116666667	0.012522058837	0.008908745964	30000
5	1	0.500000000000	0.100000000000	5	0.163590000000	0.158280000000	0.012691014567	0.014706464644	30000
5	2	0.500000000000	0.200000000000	1	0.159070000000	0.156686666667	0.009411063306	0.015319953252	30000
5	2	0.500000000000	0.200000000000	2	0.161580000000	0.158523333333	0.008537423423	0.009825952281	30000
5	2	0.500000000000	0.200000000000	3	0.163606666667	0.166306666667	0.009642293206	0.012540818018	30000
5	2	0.500000000000	0.200000000000	4	0.150660000000	0.164660000000	0.013452419478	0.012714009833	30000
5	2	0.500000000000	0.200000000000	5	0.166406666667	0.158096666667	0.013849660718	0.011904113534	30000
5	3	0.500000000000	0.300000000000	1	0.163683333333	0.154240000000	0.009612660223	0.009497446519	30000
5	3	0.500000000000	0.300000000000	2	0.168070000000	0.162936666667	0.014080562884	0.011493344803	30000
5	3	0.500000000000	0.300000000000	3	0.156440000000	0.159203333333	0.008260695100	0.010388878986	30000
5	3	0.500000000000	0.300000000000	4	0.159210000000	0.151966666667	0.011647145592	0.007157366454	30000
5	3	0.500000000000	0.300000000000	5	0.164466666667	0.154390000000	0.008897893337	0.009649923369	30000
5	4	0.500000000000	0.400000000000	1	0.149176666667	0.175746666667	0.010220563364	0.011580584275	26000
5	4	0.500000000000	0.400000000000	2	0.168473333333	0.157436666667	0.012126862501	0.008341263494	30000
5	4	0.500000000000	0.400000000000	3	0.164866666667	0.159986666667	0.007916256158	0.010644864271	30000
5	4	0.500000000000	0.400000000000	4	0.147873333333	0.164336666667	0.009978820860	0.012734465043	12000
5	4	0.500000000000	0.400000000000	5	0.170936666667	0.148306666667	0.014008608742	0.013987114524	8000
5	5	0.500000000000	0.500000000000	1	0.152256666667	0.166466666667	0.010820355410	0.012169053523	30000
5	5	0.500000000000	0.500000000000	2	0.171333333333	0.156926666667	0.017304768434	0.013992671708	30000
5	5	0.500000000000	0.500000000000	3	0.158473333333	0.168063333333	0.010563184641	0.010481373069	30000
5	5	0.500000000000	0.500000000000	4	0.148733333333	0.165796666667	0.009794689170	0.011677686297	30000
5	5	0.500000000000	0.500000000000	5	0.156876666667	0.171800000000	0.019750707199	0.009485953650	30000
5	6	0.500000000000	0.600000000000	1	0.144570000000	0.172823333333	0.009292248938	0.010374797604	30000
5	6	0.500000000000	0.600000000000	2	0.145076666667	0.166556666667	0.012287780769	0.009639198487	30000
5	6	0.500000000000	0.600000000000	3	0.158223333333	0.164010000000	0.010780316616	0.013105235700	30000
5	6	0.500000000000	0.600000000000	4	0.163476666667	0.151173333333	0.012802735343	0.009935895073	8000
5	6	0.500000000000	0.600000000000	5	0.157340000000	0.163763333333	0.009011415294	0.010651327288	30000
5	7	0.500000000000	0.700000000000	1	0.168586666667	0.146310000000	0.011088176530	0.010668642939	30000
5	7	0.500000000000	0.700000000000	2	0.171596666667	0.151636666667	0.014327919534	0.014157038672	22000
5	7	0.500000000000	0.700000000000	3	0.154156666667	0.164756666667	0.011854037117	0.009455579022	30000
5	7	0.500000000000	0.700000000000	4	0.163046666667	0.154543333333	0.013192703483	0.010575283708	30000
5	7	0.500000000000	0.700000000000	5	0.163543333333	0.150276666667	0.010935057178	0.014667982696	30000
5	8	0.500000000000	0.800000000000	1	0.153316666667	0.164930000000	0.012696229748	0.012456825226	30000
5	8	0.500000000000	0.800000000000	2	0.173240000000	0.151770000000	0.010280903942	0.009780734265	30000
5	8	0.500000000000	0.800000000000	3	0.154026666667	0.167913333333	0.011128482916	0.012391728399	30000
5	8	0.500000000000	0.800000000000	4	0.165330000000	0.160556666667	0.014754958787	0.009910685003	30000
5	8	0.500000000000	0.800000000000	5	0.150953333333	0.159866666667	0.012126847827	0.010435090480	30000
5	9	0.500000000000	0.900000000000	1	0.149396666667	0.172350000000	0.011060062411	0.015274879150	30000
5	9	0.500000000000	0.900000000000	2	0.151383333333	0.160330000000	0.013805767285	0.013168483337	30000
5	9	0.500000000000	0.900000000000	3	0.165483333333	0.164486666667	0.017721687981	0.012992937174	30000
5	9	0.500000000000	0.900000000000	4	0.151800000000	0.160860000000	0.016576130472	0.013918361522	30000
5	9	0.500000000000	0.900000000000	5	0.161970000000	0.180426666667	0.008463099751	0.010763127407	30000
5	10	0.500000000000	1.000000000000	1	0.000000000000	1.000000000000	0.000000000000	0.000000000000	6000
5	10	0.500000000000	1.000000000000	2	0.000000000000	1.000000000000	0.000000000000	0.000000000000	6000
5	10	0.500000000000	1.000000000000	3	0.000000000000	1.000000000000	0.000000000000	0.000000000000	6000
5	10	0.500000000000	1.000000000000	4	0.000000000000	1.000000000000	0.000000000000	0.000000000000	6000
5	10	0.500000000000	1.000000000000	5	0.000000000000	1.000000000000	0.000000000000	0.000000000000	6000
