# scan initial plane
# b 1.3
# r 0
# e -0.4
# N1 350
# N2 350
# P11 0.9
# p12 0.1
# P22 0.9
# T_MCS 1000
# T_MAX 30000
# W 2000
# UPDATE_RULE 0
# FERMI_BETA 1
# DEGREE_ALPHA 0.5
# DEGREE_FACTOR_MIN 0.5
# DEGREE_FACTOR_MAX 2
# ndiv 10
# n_reps 5
# A:(0,1),	A':(0,0.133),	B:(1,0),	B'=(0.133,0),	C:(1,1),	D:(0,0),	E:(0.108,0.108) 
# columns: ix iy x1_0 x2_0 rep x1_inf x2_inf sigma_1 sigma_2 t_relax
6	0	0.600000000000	0.000000000000	1	0.129760000000	0.000000000000	0.005987289486	0.000000000000	26000
6	0	0.600000000000	0.000000000000	2	0.130745714286	0.000000000000	0.008187641803	0.000000000000	30000
6	0	0.600000000000	0.000000000000	3	0.128240000000	0.000000000000	0.007557961901	0.000000000000	30000
6	0	0.600000000000	0.000000000000	4	0.131820000000	0.000000000000	0.006151068177	0.000000000000	18000
6	0	0.600000000000	0.000000000000	5	0.130985714286	0.000000000000	0.006060561350	0.000000000000	30000
6	1	0.600000000000	0.100000000000	1	0.101397142857	0.104885714286	0.006054426190	0.007495730912	30000
6	1	0.600000000000	0.100000000000	2	0.105200000000	0.099817142857	0.008883494104	0.007881527622	30000
6	1	0.600000000000	0.100000000000	3	0.103134285714	0.099705714286	0.008803099679	0.009277990606	30000
6	1	0.600000000000	0.100000000000	4	0.103125714286	0.100100000000	0.006413125700	0.008829137441	14000
6	1	0.600000000000	0.100000000000	5	0.104628571429	0.103722857143	0.008724782870	0.007642173719	30000
6	2	0.600000000000	0.200000000000	1	0.101320000000	0.098982857143	0.006343555615	0.006438622202	30000
6	2	0.600000000000	0.200000000000	2	0.100888571429	0.099368571429	0.008680030334	0.008556715052	26000
6	2	0.600000000000	0.200000000000	3	0.094677142857	0.102900000000	0.009826270104	0.007790213227	30000
6	2	0.600000000000	0.200000000000	4	0.098285714286	0.102385714286	0.007912619561	0.008184595277	30000
6	2	0.600000000000	0.200000000000	5	0.101534285714	0.101191428571	0.006383411296	0.006141016821	30000
6	3	0.600000000000	0.300000000000	1	0.099225714286	0.092825714286	0.006368626884	0.007769786735	30000
6	3	0.600000000000	0.300000000000	2	0.101771428571	0.094234285714	0.006621530109	0.005978228564	30000
6	3	0.600000000000	0.300000000000	3	0.100545714286	0.108462857143	0.005971967090	0.007040772586	30000
6	3	0.600000000000	0.300000000000	4	0.104065714286	0.101937142857	0.006765867927	0.005559402480	30000
6	3	0.600000000000	0.300000000000	5	0.099842857143	0.100011428571	0.006012506288	0.007414667603	14000
6	4	0.600000000000	0.400000000000	1	0.100300000000	0.104097142857	0.006405993368	0.007320203080	30000
6	4	0.600000000000	0.400000000000	2	0.096877142857	0.102208571429	0.011830605931	0.006870970733	30000
6	4	0.600000000000	0.400000000000	3	0.101208571429	0.103048571429	0.007016075478	0.006066986624	30000
6	4	0.600000000000	0.400000000000	4	0.102611428571	0.096102857143	0.006923769456	0.006228477231	30000
6	4	0.600000000000	0.400000000000	5	0.104811428571	0.103491428571	0.006846352156	0.008050176651	30000
6	5	0.600000000000	0.500000000000	1	0.103477142857	0.097368571429	0.008237407569	0.007537508233	30000
6	5	0.600000000000	0.500000000000	2	0.102985714286	0.096305714286	0.006973379078	0.008662536436	30000
6	5	0.600000000000	0.500000000000	3	0.099297142857	0.101262857143	0.007262959393	0.006458499065	30000
6	5	0.600000000000	0.500000000000	4	0.101288571429	0.102885714286	0.007848121649	0.008208583936	30000
6	5	0.600000000000	0.500000000000	5	0.095380000000	0.104642857143	0.007101876435	0.004864930122	30000
6	6	0.600000000000	0.600000000000	1	0.104085714286	0.096237142857	0.006784579598	0.008137905072	30000
6	6	0.600000000000	0.600000000000	2	0.106245714286	0.091305714286	0.007110554155	0.009079805019	30000
6	6	0.600000000000	0.600000000000	3	0.093151428571	0.101125714286	0.007828205361	0.008068451405	10000
6	6	0.600000000000	0.600000000000	4	0.093237142857	0.105351428571	0.007357318690	0.006259471628	30000
6	6	0.600000000000	0.600000000000	5	0.099474285714	0.101640000000	0.006066739468	0.006789048907	8000
6	7	0.600000000000	0.697142857143	1	0.096634285714	0.103091428571	0.006265633590	0.007598253477	24000
6	7	0.600000000000	0.697142857143	2	0.098862857143	0.097534285714	0.010553358780	0.008553884042	30000
6	7	0.600000000000	0.697142857143	3	0.106065714286	0.096560000000	0.008223488090	0.008500293025	30000
6	7	0.600000000000	0.697142857143	4	0.100522857143	0.103188571429	0.005355160794	0.006313850940	30000
6	7	0.600000000000	0.697142857143	5	0.102120000000	0.095548571429	0.008583068506	0.006749280364	30000
6	8	0.600000000000	0.800000000000	1	0.098802857143	0.096565714286	0.008308291848	0.009773306794	30000
6	8	0.600000000000	0.800000000000	2	0.102488571429	0.100505714286	0.006704165543	0.010499825529	30000
6	8	0.600000000000	0.800000000000	3	0.101340000000	0.096962857143	0.005450090939	0.005891039396	14000
6	8	0.600000000000	0.800000000000	4	0.099862857143	0.095268571429	0.005873442075	0.007199781184	30000
6	8	0.600000000000	0.800000000000	5	0.100525714286	0.097248571429	0.006729582388	0.010145166433	12000
6	9	0.600000000000	0.900000000000	1	0.101291428571	0.102351428571	0.007760219370	0.007339170430	30000
6	9	0.600000000000	0.900000000000	2	0.098151428571	0.102260000000	0.006921282917	0.009189907803	30000
6	9	0.600000000000	0.900000000000	3	0.097002857143	0.103551428571	0.005413655590	0.007141828040	30000
6	9	0.600000000000	0.900000000000	4	0.101485714286	0.103728571429	0.007523858397	0.007218093681	30000
6	9	0.600000000000	0.900000000000	5	0.095485714286	0.106705714286	0.005980909754	0.006264508645	30000
6	10	0.600000000000	1.000000000000	1	0.000000000000	1.000000000000	0.000000000000	0.000000000000	6000
6	10	0.600000000000	1.000000000000	2	0.000000000000	1.000000000000	0.000000000000	0.000000000000	6000
6	10	0.600000000000	1.000000000000	3	0.000000000000	1.000000000000	0.000000000000	0.000000000000	8000
6	10	0.600000000000	1.000000000000	4	0.000000000000	1.000000000000	0.000000000000	0.000000000000	6000
6	10	0.600000000000	1.000000000000	5	0.000000000000	1.000000000000	0.000000000000	0.000000000000	6000
7	0	0.697142857143	0.000000000000	1	0.132422857143	0.000000000000	0.006042954656	0.000000000000	6000
7	0	0.697142857143	0.000000000000	2	0.125925714286	0.000000000000	0.006008800992	0.000000000000	8000
7	0	0.697142857143	0.000000000000	3	0.133082857143	0.000000000000	0.005985115652	0.000000000000	8000
7	0	0.697142857143	0.000000000000	4	0.128908571429	0.000000000000	0.005560695790	0.000000000000	16000
7	0	0.697142857143	0.000000000000	5	0.125942857143	0.000000000000	0.006300283416	0.000000000000	18000
7	1	0.697142857143	0.100000000000	1	0.102225714286	0.093205714286	0.006549911615	0.008236021144	30000
7	1	0.697142857143	0.100000000000	2	0.102602857143	0.096700000000	0.005932539388	0.006961651172	30000
7	1	0.697142857143	0.100000000000	3	0.100777142857	0.097905714286	0.007551186419	0.009718184209	18000
7	1	0.697142857143	0.100000000000	4	0.094834285714	0.102648571429	0.010099760204	0.008634436892	30000
7	1	0.697142857143	0.100000000000	5	0.103631428571	0.099231428571	0.006524536905	0.005541974452	30000
7	2	0.697142857143	0.200000000000	1	0.100960000000	0.098851428571	0.009704465894	0.007490548749	30000
7	2	0.697142857143	0.200000000000	2	0.098865714286	0.098997142857	0.006756997271	0.006312074390	30000
7	2	0.697142857143	0.200000000000	3	0.101008571429	0.100105714286	0.008665950536	0.005978197810	30000
7	2	0.697142857143	0.200000000000	4	0.102140000000	0.101557142857	0.006646410976	0.006008427685	30000
7	2	0.697142857143	0.200000000000	5	0.096374285714	0.100280000000	0.005726170252	0.005629570816	30000
7	3	0.697142857143	0.300000000000	1	0.103220000000	0.094288571429	0.006862283573	0.006602621211	30000
7	3	0.697142857143	0.300000000000	2	0.100045714286	0.097874285714	0.006925622123	0.005085097580	30000
7	3	0.697142857143	0.300000000000	3	0.100814285714	0.099480000000	0.008308457079	0.007064131293	30000
7	3	0.697142857143	0.300000000000	4	0.103754285714	0.093768571429	0.008578291737	0.012200526410	30000
7	3	0.697142857143	0.300000000000	5	0.103751428571	0.098100000000	0.005874370662	0.009336106103	30000
7	4	0.697142857143	0.400000000000	1	0.103062857143	0.094628571429	0.006767525353	0.010208586369	30000
7	4	0.697142857143	0.400000000000	2	0.096534285714	0.100080000000	0.007475935531	0.005367129545	20000
7	4	0.697142857143	0.400000000000	3	0.102657142857	0.096080000000	0.007110379475	0.004931030107	30000
7	4	0.697142857143	0.400000000000	4	0.102960000000	0.103297142857	0.008597939839	0.006869075370	30000
7	4	0.697142857143	0.400000000000	5	0.102120000000	0.092574285714	0.006808826873	0.006768360252	30000
7	5	0.697142857143	0.500000000000	1	0.100914285714	0.095922857143	0.006282099243	0.007745977769	6000
7	5	0.697142857143	0.500000000000	2	0.095831428571	0.097225714286	0.006594770127	0.009936226547	30000
7	5	0.697142857143	0.500000000000	3	0.095954285714	0.105788571429	0.007558178132	0.006336317248	30000
7	5	0.697142857143	0.500000000000	4	0.102248571429	0.097605714286	0.005566244054	0.006363618991	30000
7	5	0.697142857143	0.500000000000	5	0.094920000000	0.097854285714	0.006496395161	0.007864451445	30000
7	6	0.697142857143	0.600000000000	1	0.100077142857	0.100291428571	0.007949849447	0.007946418180	30000
7	6	0.697142857143	0.600000000000	2	0.102168571429	0.101951428571	0.008760915674	0.006251398732	30000
7	6	0.697142857143	0.600000000000	3	0.099842857143	0.100725714286	0.007140697514	0.006663285286	30000
7	6	0.697142857143	0.600000000000	4	0.100468571429	0.093925714286	0.007259369489	0.004949644494	30000
7	6	0.697142857143	0.600000000000	5	0.098988571429	0.099871428571	0.007902639360	0.009164823730	30000
7	7	0.697142857143	0.697142857143	1	0.095714285714	0.101377142857	0.010759022860	0.005499819204	22000
7	7	0.697142857143	0.697142857143	2	0.101302857143	0.091611428571	0.009642361237	0.007782409953	30000
7	7	0.697142857143	0.697142857143	3	0.103860000000	0.096828571429	0.007031041874	0.007184008444	30000
7	7	0.697142857143	0.697142857143	4	0.097351428571	0.104428571429	0.007468302271	0.006396754606	30000
7	7	0.697142857143	0.697142857143	5	0.094400000000	0.104717142857	0.006502482778	0.008236062319	30000
7	8	0.697142857143	0.800000000000	1	0.104991428571	0.101002857143	0.006414289552	0.008863326147	30000
7	8	0.697142857143	0.800000000000	2	0.095040000000	0.099162857143	0.006198756301	0.006535543875	30000
7	8	0.697142857143	0.800000000000	3	0.101091428571	0.097862857143	0.006480880024	0.007840255111	30000
7	8	0.697142857143	0.800000000000	4	0.097468571429	0.101451428571	0.007544142735	0.008447038692	30000
7	8	0.697142857143	0.800000000000	5	0.109077142857	0.096908571429	0.007992596828	0.006237504761	30000
7	9	0.697142857143	0.900000000000	1	0.097051428571	0.096040000000	0.010063221126	0.006434648604	30000
7	9	0.697142857143	0.900000000000	2	0.098691428571	0.103114285714	0.007067230705	0.008240377551	30000
7	9	0.697142857143	0.900000000000	3	0.101445714286	0.096625714286	0.006650076803	0.006574865272	30000
7	9	0.697142857143	0.900000000000	4	0.095188571429	0.104617142857	0.007266704956	0.008013463370	30000
7	9	0.697142857143	0.900000000000	5	0.105294285714	0.104160000000	0.006546936745	0.005664060701	30000
7	10	0.697142857143	1.000000000000	1	0.000000000000	1.000000000000	0.000000000000	0.000000000000	8000
7	10	0.697142857143	1.000000000000	2	0.000000000000	1.000000000000	0.000000000000	0.000000000000	6000
7	10	0.697142857143	1.000000000000	3	0.000000000000	1.000000000000	0.000000000000	0.000000000000	6000
7	10	0.697142857143	1.000000000000	4	0.000000000000	1.000000000000	0.000000000000	0.000000000000	6000
7	10	0.697142857143	1.000000000000	5	0.000000000000	1.000000000000	0.000000000000	0.000000000000	6000
