# scan initial plane
# b 1.3
# r 0
# e -0.4
# N1 350
# N2 350
# P11 0.9
# p12 0.1
# P22 0.9
# T_MCS 1000
# T_MAX 30000
# W 2000
# UPDATE_RULE 0
# FERMI_BETA 1
# DEGREE_ALPHA 0.5
# DEGREE_FACTOR_MIN 0.5
# DEGREE_FACTOR_MAX 2
# ndiv 10
# n_reps 5
# A:(0,1),	A':(0,0.133),	B:(1,0),	B'=(0.133,0),	C:(1,1),	D:(0,0),	E:(0.108,0.108) 
# columns: ix iy x1_0 x2_0 rep x1_inf x2_inf sigma_1 sigma_2 t_relax
4	0	0.400000000000	0.000000000000	1	0.131965714286	0.000000000000	0.006164620128	0.000000000000	16000
4	0	0.400000000000	0.000000000000	2	0.131117142857	0.000000000000	0.007139063199	0.000000000000	22000
4	0	0.400000000000	0.000000000000	3	0.129125714286	0.000000000000	0.007498163721	0.000000000000	6000
4	0	0.400000000000	0.000000000000	4	0.129345714286	0.000000000000	0.005961723428	0.000000000000	30000
4	0	0.400000000000	0.000000000000	5	0.127977142857	0.000000000000	0.006214839034	0.000000000000	6000
4	1	0.400000000000	0.100000000000	1	0.107525714286	0.092217142857	0.005901442446	0.008426645069	30000
4	1	0.400000000000	0.100000000000	2	0.105417142857	0.098862857143	0.008022961471	0.006509513783	30000
4	1	0.400000000000	0.100000000000	3	0.100945714286	0.100160000000	0.008987671526	0.004676946102	30000
4	1	0.400000000000	0.100000000000	4	0.095700000000	0.101885714286	0.007349353209	0.006089765883	12000
4	1	0.400000000000	0.100000000000	5	0.101517142857	0.101537142857	0.006584055787	0.006322911660	30000
4	2	0.400000000000	0.200000000000	1	0.098520000000	0.101960000000	0.007659521412	0.007854264907	30000
4	2	0.400000000000	0.200000000000	2	0.096357142857	0.097317142857	0.006580540068	0.006894601320	30000
4	2	0.400000000000	0.200000000000	3	0.102294285714	0.098180000000	0.004785177792	0.006047236313	30000
4	2	0.400000000000	0.200000000000	4	0.096734285714	0.097611428571	0.011089843346	0.006612579515	30000
4	2	0.400000000000	0.200000000000	5	0.104362857143	0.101962857143	0.009788376284	0.007949212140	30000
4	3	0.400000000000	0.300000000000	1	0.104548571429	0.100471428571	0.006814884805	0.007534806163	30000
4	3	0.400000000000	0.300000000000	2	0.105168571429	0.099628571429	0.008241675994	0.007859307061	30000
4	3	0.400000000000	0.300000000000	3	0.096865714286	0.098651428571	0.006709789440	0.007994408783	30000
4	3	0.400000000000	0.300000000000	4	0.096200000000	0.106337142857	0.006889752766	0.007553599205	30000
4	3	0.400000000000	0.300000000000	5	0.098160000000	0.101268571429	0.006413189408	0.008792545235	30000
4	4	0.400000000000	0.400000000000	1	0.094185714286	0.103474285714	0.006663463715	0.009136412715	30000
4	4	0.400000000000	0.400000000000	2	0.095720000000	0.096080000000	0.004946235834	0.006203573908	30000
4	4	0.400000000000	0.400000000000	3	0.105314285714	0.098808571429	0.008199868907	0.007258247702	30000
4	4	0.400000000000	0.400000000000	4	0.096114285714	0.099605714286	0.008660295318	0.010557755873	30000
4	4	0.400000000000	0.400000000000	5	0.108114285714	0.101794285714	0.006566259881	0.006437576355	30000
4	5	0.400000000000	0.500000000000	1	0.102022857143	0.098545714286	0.005704794062	0.007107401780	30000
4	5	0.400000000000	0.500000000000	2	0.102025714286	0.099282857143	0.006342114658	0.007939424089	30000
4	5	0.400000000000	0.500000000000	3	0.098237142857	0.103620000000	0.007175137127	0.007594184550	30000
4	5	0.400000000000	0.500000000000	4	0.102157142857	0.098842857143	0.005075858131	0.006218939284	30000
4	5	0.400000000000	0.500000000000	5	0.099388571429	0.096742857143	0.007641646023	0.007246579958	30000
4	6	0.400000000000	0.600000000000	1	0.100565714286	0.099137142857	0.006407792339	0.007309675635	30000
4	6	0.400000000000	0.600000000000	2	0.099417142857	0.098785714286	0.005407452126	0.007255581285	30000
4	6	0.400000000000	0.600000000000	3	0.102288571429	0.097128571429	0.008621996315	0.008224036578	24000
4	6	0.400000000000	0.600000000000	4	0.098491428571	0.099845714286	0.007625059833	0.005940801435	30000
4	6	0.400000000000	0.600000000000	5	0.096880000000	0.101145714286	0.006190334949	0.005970379652	30000
4	7	0.400000000000	0.697142857143	1	0.098225714286	0.102874285714	0.008998538783	0.009048618789	30000
4	7	0.400000000000	0.697142857143	2	0.103585714286	0.102888571429	0.009081975457	0.006176685957	30000
4	7	0.400000000000	0.697142857143	3	0.102160000000	0.096168571429	0.007020961329	0.007375293772	30000
4	7	0.400000000000	0.697142857143	4	0.098005714286	0.097680000000	0.008079600310	0.007850753873	14000
4	7	0.400000000000	0.697142857143	5	0.096882857143	0.098697142857	0.006301009043	0.009613504696	30000
4	8	0.400000000000	0.800000000000	1	0.098917142857	0.095102857143	0.007583227143	0.005587177761	30000
4	8	0.400000000000	0.800000000000	2	0.100577142857	0.104397142857	0.008137244836	0.008555912836	30000
4	8	0.400000000000	0.800000000000	3	0.105334285714	0.103348571429	0.006297501396	0.006926018553	30000
4	8	0.400000000000	0.800000000000	4	0.100611428571	0.102745714286	0.006615729904	0.007256202936	30000
4	8	0.400000000000	0.800000000000	5	0.104348571429	0.097380000000	0.006143946840	0.005060651122	30000
4	9	0.400000000000	0.900000000000	1	0.102254285714	0.096468571429	0.007283740897	0.006776869381	30000
4	9	0.400000000000	0.900000000000	2	0.103774285714	0.094577142857	0.007250840570	0.005939777992	30000
4	9	0.400000000000	0.900000000000	3	0.095762857143	0.103822857143	0.006572050903	0.006062435867	30000
4	9	0.400000000000	0.900000000000	4	0.103400000000	0.096968571429	0.006662313956	0.009063649012	30000
4	9	0.400000000000	0.900000000000	5	0.101845714286	0.097082857143	0.005780174969	0.008057199347	30000
4	10	0.400000000000	1.000000000000	1	0.000000000000	1.000000000000	0.000000000000	0.000000000000	6000
4	10	0.400000000000	1.000000000000	2	0.000000000000	1.000000000000	0.000000000000	0.000000000000	6000
4	10	0.400000000000	1.000000000000	3	0.000000000000	1.000000000000	0.000000000000	0.000000000000	6000
4	10	0.400000000000	1.000000000000	4	0.000000000000	1.000000000000	0.000000000000	0.000000000000	6000
4	10	0.400000000000	1.000000000000	5	0.000000000000	1.000000000000	0.000000000000	0.000000000000	6000
5	0	0.500000000000	0.000000000000	1	0.129974285714	0.000000000000	0.009086447874	0.000000000000	26000
5	0	0.500000000000	0.000000000000	2	0.126340000000	0.000000000000	0.006343866695	0.000000000000	8000
5	0	0.500000000000	0.000000000000	3	0.131562857143	0.000000000000	0.006756634462	0.000000000000	12000
5	0	0.500000000000	0.000000000000	4	0.130940000000	0.000000000000	0.007220235253	0.000000000000	6000
5	0	0.500000000000	0.000000000000	5	0.129025714286	0.000000000000	0.006583236614	0.000000000000	30000
5	1	0.500000000000	0.100000000000	1	0.097305714286	0.098631428571	0.006193116290	0.005165685705	30000
5	1	0.500000000000	0.100000000000	2	0.101482857143	0.100505714286	0.006555822403	0.006846069877	6000
5	1	0.500000000000	0.100000000000	3	0.101042857143	0.100354285714	0.005975561898	0.006670112488	30000
5	1	0.500000000000	0.100000000000	4	0.109568571429	0.090425714286	0.008732084652	0.008993288521	30000
5	1	0.500000000000	0.100000000000	5	0.098988571429	0.099542857143	0.005721919683	0.007260098868	30000
5	2	0.500000000000	0.200000000000	1	0.099891428571	0.101177142857	0.007680232661	0.008403549739	28000
5	2	0.500000000000	0.200000000000	2	0.100717142857	0.104291428571	0.006451766471	0.008035587126	30000
5	2	0.500000000000	0.200000000000	3	0.095551428571	0.099091428571	0.006452242673	0.007193656625	30000
5	2	0.500000000000	0.200000000000	4	0.096328571429	0.100502857143	0.009651556366	0.006319336000	30000
5	2	0.500000000000	0.200000000000	5	0.104105714286	0.099188571429	0.008201677913	0.007236957169	30000
5	3	0.500000000000	0.300000000000	1	0.100534285714	0.095394285714	0.008044751849	0.006823225139	16000
5	3	0.500000000000	0.300000000000	2	0.096882857143	0.105342857143	0.007385258566	0.007438387952	8000
5	3	0.500000000000	0.300000000000	3	0.096782857143	0.099682857143	0.010606083700	0.006704360558	30000
5	3	0.500000000000	0.300000000000	4	0.098082857143	0.105634285714	0.008242786374	0.005327397567	30000
5	3	0.500000000000	0.300000000000	5	0.104482857143	0.096317142857	0.009909495866	0.006415874141	30000
5	4	0.500000000000	0.400000000000	1	0.101097142857	0.099505714286	0.007837152788	0.007821772629	30000
5	4	0.500000000000	0.400000000000	2	0.099471428571	0.095660000000	0.008321723849	0.007724304578	30000
5	4	0.500000000000	0.400000000000	3	0.099537142857	0.107857142857	0.005832998266	0.006967825443	30000
5	4	0.500000000000	0.400000000000	4	0.096962857143	0.105725714286	0.007760922210	0.007994801277	30000
5	4	0.500000000000	0.400000000000	5	0.103940000000	0.102057142857	0.008082918427	0.006891235141	30000
5	5	0.500000000000	0.500000000000	1	0.101600000000	0.097925714286	0.005750208834	0.007822740488	30000
5	5	0.500000000000	0.500000000000	2	0.099560000000	0.095131428571	0.008516571682	0.009716785372	30000
5	5	0.500000000000	0.500000000000	3	0.099797142857	0.091094285714	0.007761410738	0.007591816954	12000
5	5	0.500000000000	0.500000000000	4	0.099862857143	0.098174285714	0.005461067661	0.005651506277	30000
5	5	0.500000000000	0.500000000000	5	0.096280000000	0.101380000000	0.006906157347	0.006339145396	30000
5	6	0.500000000000	0.600000000000	1	0.099102857143	0.099511428571	0.005262727466	0.007917657063	30000
5	6	0.500000000000	0.600000000000	2	0.101171428571	0.101791428571	0.006811505023	0.006574636587	30000
5	6	0.500000000000	0.600000000000	3	0.094925714286	0.105897142857	0.006218183054	0.006389343746	30000
5	6	0.500000000000	0.600000000000	4	0.107725714286	0.093685714286	0.007311680860	0.007903268015	30000
5	6	0.500000000000	0.600000000000	5	0.104108571429	0.097894285714	0.006541170960	0.006815061663	30000
5	7	0.500000000000	0.697142857143	1	0.100380000000	0.100271428571	0.006586706232	0.008922215670	30000
5	7	0.500000000000	0.697142857143	2	0.108740000000	0.095168571429	0.009400105663	0.006082461271	30000
5	7	0.500000000000	0.697142857143	3	0.103662857143	0.106171428571	0.007906666851	0.007140940684	30000
5	7	0.500000000000	0.697142857143	4	0.093242857143	0.109082857143	0.006717204413	0.007601308715	30000
5	7	0.500000000000	0.697142857143	5	0.100988571429	0.099657142857	0.006225052106	0.007046018810	30000
5	8	0.500000000000	0.800000000000	1	0.097968571429	0.102365714286	0.006165165562	0.009110919479	16000
5	8	0.500000000000	0.800000000000	2	0.097582857143	0.100422857143	0.007660912438	0.006928189077	30000
5	8	0.500000000000	0.800000000000	3	0.104622857143	0.097980000000	0.007206821280	0.005861921647	30000
5	8	0.500000000000	0.800000000000	4	0.100677142857	0.098614285714	0.006836012417	0.006062448672	20000
5	8	0.500000000000	0.800000000000	5	0.107174285714	0.100757142857	0.008461509321	0.008305014086	30000
5	9	0.500000000000	0.900000000000	1	0.098205714286	0.105725714286	0.006848423839	0.005870859344	30000
5	9	0.500000000000	0.900000000000	2	0.104294285714	0.096811428571	0.007881572722	0.006173817800	30000
5	9	0.500000000000	0.900000000000	3	0.094308571429	0.103774285714	0.006059860869	0.006620517477	8000
5	9	0.500000000000	0.900000000000	4	0.100848571429	0.099720000000	0.005296303853	0.006625722155	30000
5	9	0.500000000000	0.900000000000	5	0.106660000000	0.096420000000	0.007935017792	0.007848846289	30000
5	10	0.500000000000	1.000000000000	1	0.000000000000	1.000000000000	0.000000000000	0.000000000000	6000
5	10	0.500000000000	1.000000000000	2	0.000000000000	1.000000000000	0.000000000000	0.000000000000	6000
5	10	0.500000000000	1.000000000000	3	0.000000000000	1.000000000000	0.000000000000	0.000000000000	6000
5	10	0.500000000000	1.000000000000	4	0.000000000000	1.000000000000	0.000000000000	0.000000000000	6000
5	10	0.500000000000	1.000000000000	5	0.000000000000	1.000000000000	0.000000000000	0.000000000000	6000
