# scan initial plane
# b 1.15
# r 0
# e -0.4
# p12 0.3
# ndiv 8
# n_reps 3
# A:(0,1),	A':(0,0.800),	B:(1,0),	B'=(0.800,0),	C:(1,1),	D:(0,0),	E:(0.381,0.381) 
# columns: ix iy x1_0 x2_0 rep x1_inf x2_inf sigma_1 sigma_2 t_relax
5	0	0.624000000000	0.000000000000	1	1.000000000000	0.000000000000	0.000000000000	0.000000000000	50000
5	0	0.624000000000	0.000000000000	2	1.000000000000	0.000000000000	0.000000000000	0.000000000000	50000
5	0	0.624000000000	0.000000000000	3	1.000000000000	0.000000000000	0.000000000000	0.000000000000	26000
5	1	0.624000000000	0.124000000000	1	1.000000000000	0.000000000000	0.000000000000	0.000000000000	36000
5	1	0.624000000000	0.124000000000	2	0.956140000000	0.000000000000	0.006196999500	0.000000000000	110000
5	1	0.624000000000	0.124000000000	3	0.983300000000	0.000000000000	0.006983320612	0.000000000000	24000
5	2	0.624000000000	0.250000000000	1	0.959990000000	0.000000000000	0.007614057648	0.000000000000	18000
5	2	0.624000000000	0.250000000000	2	0.956838000000	0.000000000000	0.011641188654	0.000000000000	10000
5	2	0.624000000000	0.250000000000	3	0.962408000000	0.000000000000	0.007852591878	0.000000000000	16000
5	3	0.624000000000	0.374000000000	1	0.957566000000	0.000000000000	0.007623238010	0.000000000000	60000
5	3	0.624000000000	0.374000000000	2	0.962232000000	0.000000000000	0.006612556382	0.000000000000	30000
5	3	0.624000000000	0.374000000000	3	0.947510000000	0.000000000000	0.006642893047	0.000000000000	14000
5	4	0.624000000000	0.500000000000	1	0.982116000000	0.000000000000	0.004729578513	0.000000000000	10000
5	4	0.624000000000	0.500000000000	2	0.963440000000	0.000000000000	0.007358569735	0.000000000000	14000
5	4	0.624000000000	0.500000000000	3	0.968716000000	0.000000000000	0.004798162812	0.000000000000	10000
5	5	0.624000000000	0.624000000000	1	1.000000000000	0.000000000000	0.000000000000	0.000000000000	30000
5	5	0.624000000000	0.624000000000	2	0.000000000000	1.000000000000	0.000000000000	0.000000000000	40000
5	5	0.624000000000	0.624000000000	3	0.000000000000	0.943190000000	0.000000000000	0.008662501887	54000
5	6	0.624000000000	0.750000000000	1	0.000000000000	0.961922000000	0.000000000000	0.006812071661	10000
5	6	0.624000000000	0.750000000000	2	0.000000000000	0.945380000000	0.000000000000	0.005589171570	40000
5	6	0.624000000000	0.750000000000	3	0.000000000000	0.974664000000	0.000000000000	0.005648983538	18000
5	7	0.624000000000	0.874000000000	1	0.000000000000	1.000000000000	0.000000000000	0.000000000000	38000
5	7	0.624000000000	0.874000000000	2	0.000000000000	0.982436000000	0.000000000000	0.006353130430	18000
5	7	0.624000000000	0.874000000000	3	0.000000000000	1.000000000000	0.000000000000	0.000000000000	30000
5	8	0.624000000000	1.000000000000	1	0.000000000000	1.000000000000	0.000000000000	0.000000000000	6000
5	8	0.624000000000	1.000000000000	2	0.000000000000	1.000000000000	0.000000000000	0.000000000000	6000
5	8	0.624000000000	1.000000000000	3	0.000000000000	1.000000000000	0.000000000000	0.000000000000	6000
