# scan initial plane
# b 1.15
# r 0
# e -0.4
# p12 0.3
# ndiv 8
# n_reps 3
# A:(0,1),	A':(0,0.800),	B:(1,0),	B'=(0.800,0),	C:(1,1),	D:(0,0),	E:(0.381,0.381) 
# columns: ix iy x1_0 x2_0 rep x1_inf x2_inf sigma_1 sigma_2 t_relax
4	0	0.500000000000	0.000000000000	1	0.933356000000	0.000000000000	0.008507034362	0.000000000000	8000
4	0	0.500000000000	0.000000000000	2	1.000000000000	0.000000000000	0.000000000000	0.000000000000	42000
4	0	0.500000000000	0.000000000000	3	0.984376000000	0.000000000000	0.006650026079	0.000000000000	18000
4	1	0.500000000000	0.124000000000	1	1.000000000000	0.000000000000	0.000000000000	0.000000000000	38000
4	1	0.500000000000	0.124000000000	2	0.938936000000	0.000000000000	0.007664375163	0.000000000000	6000
4	1	0.500000000000	0.124000000000	3	1.000000000000	0.000000000000	0.000000000000	0.000000000000	12000
4	2	0.500000000000	0.250000000000	1	0.938034000000	0.000000000000	0.011386505017	0.000000000000	6000
4	2	0.500000000000	0.250000000000	2	0.986920000000	0.000000000000	0.005085219706	0.000000000000	28000
4	2	0.500000000000	0.250000000000	3	0.950150000000	0.000000000000	0.006776682332	0.000000000000	8000
4	3	0.500000000000	0.374000000000	1	0.989446000000	0.000000000000	0.004282455303	0.000000000000	24000
4	3	0.500000000000	0.374000000000	2	1.000000000000	0.000000000000	0.000000000000	0.000000000000	44000
4	3	0.500000000000	0.374000000000	3	0.990416000000	0.000000000000	0.005184382492	0.000000000000	18000
4	4	0.500000000000	0.500000000000	1	0.000000000000	0.943342000000	0.000000000000	0.011408645546	24000
4	4	0.500000000000	0.500000000000	2	0.979450000000	0.000000000000	0.005342100527	0.000000000000	28000
4	4	0.500000000000	0.500000000000	3	0.955202000000	0.000000000000	0.007532325798	0.000000000000	8000
4	5	0.500000000000	0.624000000000	1	0.000000000000	0.944060000000	0.000000000000	0.010308378275	12000
4	5	0.500000000000	0.624000000000	2	0.000000000000	1.000000000000	0.000000000000	0.000000000000	18000
4	5	0.500000000000	0.624000000000	3	0.000000000000	1.000000000000	0.000000000000	0.000000000000	10000
4	6	0.500000000000	0.750000000000	1	0.000000000000	0.974242000000	0.000000000000	0.004504856239	10000
4	6	0.500000000000	0.750000000000	2	0.000000000000	1.000000000000	0.000000000000	0.000000000000	20000
4	6	0.500000000000	0.750000000000	3	0.000000000000	1.000000000000	0.000000000000	0.000000000000	18000
4	7	0.500000000000	0.874000000000	1	0.000000000000	1.000000000000	0.000000000000	0.000000000000	16000
4	7	0.500000000000	0.874000000000	2	0.000000000000	0.967996000000	0.000000000000	0.006542383876	22000
4	7	0.500000000000	0.874000000000	3	0.000000000000	1.000000000000	0.000000000000	0.000000000000	8000
4	8	0.500000000000	1.000000000000	1	0.000000000000	1.000000000000	0.000000000000	0.000000000000	6000
4	8	0.500000000000	1.000000000000	2	0.000000000000	1.000000000000	0.000000000000	0.000000000000	6000
4	8	0.500000000000	1.000000000000	3	0.000000000000	1.000000000000	0.000000000000	0.000000000000	6000
