# scan initial plane
# b 1.15
# r 0
# e -0.4
# p12 0.22
# ndiv 8
# n_reps 3
# A:(0,1),	A':(0,0.587),	B:(1,0),	B'=(0.587,0),	C:(1,1),	D:(0,0),	E:(0.325,0.325) 
# columns: ix iy x1_0 x2_0 rep x1_inf x2_inf sigma_1 sigma_2 t_relax
0	0	0.000000000000	0.000000000000	1	0.000000000000	0.000000000000	0.000000000000	0.000000000000	4000
0	0	0.000000000000	0.000000000000	2	0.000000000000	0.000000000000	0.000000000000	0.000000000000	4000
0	0	0.000000000000	0.000000000000	3	0.000000000000	0.000000000000	0.000000000000	0.000000000000	4000
0	1	0.000000000000	0.124000000000	1	0.000000000000	0.700846000000	0.000000000000	0.015398616867	48000
0	1	0.000000000000	0.124000000000	2	0.000000000000	0.703532000000	0.000000000000	0.009834108281	16000
0	1	0.000000000000	0.124000000000	3	0.000000000000	0.719820000000	0.000000000000	0.012892704209	14000
0	2	0.000000000000	0.250000000000	1	0.000000000000	0.699854000000	0.000000000000	0.009310067742	14000
0	2	0.000000000000	0.250000000000	2	0.000000000000	0.707056000000	0.000000000000	0.011707344956	256000
0	2	0.000000000000	0.250000000000	3	0.000000000000	0.711844000000	0.000000000000	0.013265279177	30000
0	3	0.000000000000	0.374000000000	1	0.000000000000	0.703584000000	0.000000000000	0.010013951429	6000
0	3	0.000000000000	0.374000000000	2	0.000000000000	0.710256000000	0.000000000000	0.012874945756	60000
0	3	0.000000000000	0.374000000000	3	0.000000000000	0.702724000000	0.000000000000	0.015603310139	12000
0	4	0.000000000000	0.500000000000	1	0.000000000000	0.707418000000	0.000000000000	0.009296004071	50000
0	4	0.000000000000	0.500000000000	2	0.000000000000	0.707040000000	0.000000000000	0.011239783482	24000
0	4	0.000000000000	0.500000000000	3	0.000000000000	0.698742000000	0.000000000000	0.011146015865	24000
0	5	0.000000000000	0.624000000000	1	0.000000000000	0.710360000000	0.000000000000	0.013833501573	48000
0	5	0.000000000000	0.624000000000	2	0.000000000000	0.705024000000	0.000000000000	0.008313635820	22000
0	5	0.000000000000	0.624000000000	3	0.000000000000	0.701206000000	0.000000000000	0.009810494881	14000
0	6	0.000000000000	0.750000000000	1	0.000000000000	0.708426000000	0.000000000000	0.010068361133	26000
0	6	0.000000000000	0.750000000000	2	0.000000000000	0.718616000000	0.000000000000	0.012851836978	6000
0	6	0.000000000000	0.750000000000	3	0.000000000000	0.749908000000	0.000000000000	0.012404894897	10000
0	7	0.000000000000	0.874000000000	1	0.000000000000	0.711034000000	0.000000000000	0.014011822693	10000
0	7	0.000000000000	0.874000000000	2	0.000000000000	0.717110000000	0.000000000000	0.015890135191	12000
0	7	0.000000000000	0.874000000000	3	0.000000000000	0.713990000000	0.000000000000	0.010489324379	8000
0	8	0.000000000000	1.000000000000	1	0.000000000000	1.000000000000	0.000000000000	0.000000000000	4000
0	8	0.000000000000	1.000000000000	2	0.000000000000	1.000000000000	0.000000000000	0.000000000000	4000
0	8	0.000000000000	1.000000000000	3	0.000000000000	1.000000000000	0.000000000000	0.000000000000	4000
1	0	0.124000000000	0.000000000000	1	0.709734000000	0.000000000000	0.012466300680	0.000000000000	30000
1	0	0.124000000000	0.000000000000	2	0.706884000000	0.000000000000	0.012363956139	0.000000000000	50000
1	0	0.124000000000	0.000000000000	3	0.704764000000	0.000000000000	0.009451435533	0.000000000000	6000
1	1	0.124000000000	0.124000000000	1	0.710994000000	0.000000000000	0.010116833216	0.000000000000	42000
1	1	0.124000000000	0.124000000000	2	0.000000000000	0.712602000000	0.000000000000	0.010035452471	16000
1	1	0.124000000000	0.124000000000	3	0.699498000000	0.000000000000	0.009157939936	0.000000000000	56000
1	2	0.124000000000	0.250000000000	1	0.000000000000	0.717366000000	0.000000000000	0.014831791059	64000
1	2	0.124000000000	0.250000000000	2	0.000000000000	0.708058000000	0.000000000000	0.011836077422	62000
1	2	0.124000000000	0.250000000000	3	0.000000000000	0.726638000000	0.000000000000	0.013590498801	28000
1	3	0.124000000000	0.374000000000	1	0.000000000000	0.708502000000	0.000000000000	0.010471181483	12000
1	3	0.124000000000	0.374000000000	2	0.000000000000	0.707100000000	0.000000000000	0.008877658070	14000
1	3	0.124000000000	0.374000000000	3	0.000000000000	0.713484000000	0.000000000000	0.016130528136	34000
1	4	0.124000000000	0.500000000000	1	0.000000000000	0.691868000000	0.000000000000	0.010767474844	16000
1	4	0.124000000000	0.500000000000	2	0.000000000000	0.708398000000	0.000000000000	0.014895484936	54000
1	4	0.124000000000	0.500000000000	3	0.000000000000	0.738056000000	0.000000000000	0.011425208943	16000
1	5	0.124000000000	0.624000000000	1	0.000000000000	0.709760000000	0.000000000000	0.009344823472	34000
1	5	0.124000000000	0.624000000000	2	0.000000000000	0.696354000000	0.000000000000	0.010914110216	18000
1	5	0.124000000000	0.624000000000	3	0.000000000000	0.710926000000	0.000000000000	0.010784378834	38000
1	6	0.124000000000	0.750000000000	1	0.000000000000	0.709064000000	0.000000000000	0.009564485526	38000
1	6	0.124000000000	0.750000000000	2	0.000000000000	0.718960000000	0.000000000000	0.012280277082	84000
1	6	0.124000000000	0.750000000000	3	0.000000000000	0.707776000000	0.000000000000	0.010834537886	34000
1	7	0.124000000000	0.874000000000	1	0.000000000000	0.707142000000	0.000000000000	0.012429896956	42000
1	7	0.124000000000	0.874000000000	2	0.000000000000	0.719324000000	0.000000000000	0.010613937991	36000
1	7	0.124000000000	0.874000000000	3	0.000000000000	0.707088000000	0.000000000000	0.009890302021	70000
1	8	0.124000000000	1.000000000000	1	0.000000000000	1.000000000000	0.000000000000	0.000000000000	6000
1	8	0.124000000000	1.000000000000	2	0.000000000000	1.000000000000	0.000000000000	0.000000000000	6000
1	8	0.124000000000	1.000000000000	3	0.000000000000	1.000000000000	0.000000000000	0.000000000000	6000
2	0	0.250000000000	0.000000000000	1	0.707076000000	0.000000000000	0.010348590113	0.000000000000	6000
2	0	0.250000000000	0.000000000000	2	0.705094000000	0.000000000000	0.010622617568	0.000000000000	38000
2	0	0.250000000000	0.000000000000	3	0.710190000000	0.000000000000	0.011855988549	0.000000000000	26000
2	1	0.250000000000	0.124000000000	1	0.693564000000	0.000000000000	0.012544611244	0.000000000000	68000
2	1	0.250000000000	0.124000000000	2	0.714986000000	0.000000000000	0.010659522946	0.000000000000	36000
2	1	0.250000000000	0.124000000000	3	0.703422000000	0.000000000000	0.012157372978	0.000000000000	16000
2	2	0.250000000000	0.250000000000	1	0.000000000000	0.716328000000	0.000000000000	0.010218259579	36000
2	2	0.250000000000	0.250000000000	2	0.000000000000	0.722890000000	0.000000000000	0.010232331142	30000
2	2	0.250000000000	0.250000000000	3	0.000000000000	0.698260000000	0.000000000000	0.012935367166	20000
2	3	0.250000000000	0.374000000000	1	0.000000000000	0.686154000000	0.000000000000	0.010996235774	34000
2	3	0.250000000000	0.374000000000	2	0.000000000000	0.706156000000	0.000000000000	0.012064543805	26000
2	3	0.250000000000	0.374000000000	3	0.000000000000	0.704680000000	0.000000000000	0.011622421464	48000
2	4	0.250000000000	0.500000000000	1	0.000000000000	0.714718000000	0.000000000000	0.009992613689	14000
2	4	0.250000000000	0.500000000000	2	0.000000000000	0.711888000000	0.000000000000	0.012722158202	14000
2	4	0.250000000000	0.500000000000	3	0.000000000000	0.709084000000	0.000000000000	0.009882236721	24000
2	5	0.250000000000	0.624000000000	1	0.000000000000	0.709840000000	0.000000000000	0.010664714536	68000
2	5	0.250000000000	0.624000000000	2	0.000000000000	0.725616000000	0.000000000000	0.009934547762	54000
2	5	0.250000000000	0.624000000000	3	0.000000000000	0.718650000000	0.000000000000	0.011917194281	18000
2	6	0.250000000000	0.750000000000	1	0.000000000000	0.718566000000	0.000000000000	0.010808536833	40000
2	6	0.250000000000	0.750000000000	2	0.000000000000	0.696624000000	0.000000000000	0.009796049540	8000
2	6	0.250000000000	0.750000000000	3	0.000000000000	0.724634000000	0.000000000000	0.013475891200	26000
2	7	0.250000000000	0.874000000000	1	0.000000000000	0.712778000000	0.000000000000	0.010737318381	14000
2	7	0.250000000000	0.874000000000	2	0.000000000000	0.707080000000	0.000000000000	0.013954365780	36000
2	7	0.250000000000	0.874000000000	3	0.000000000000	0.702166000000	0.000000000000	0.011566426684	34000
2	8	0.250000000000	1.000000000000	1	0.000000000000	1.000000000000	0.000000000000	0.000000000000	6000
2	8	0.250000000000	1.000000000000	2	0.000000000000	1.000000000000	0.000000000000	0.000000000000	6000
2	8	0.250000000000	1.000000000000	3	0.000000000000	1.000000000000	0.000000000000	0.000000000000	6000
3	0	0.374000000000	0.000000000000	1	0.699186000000	0.000000000000	0.009613002331	0.000000000000	60000
3	0	0.374000000000	0.000000000000	2	0.719576000000	0.000000000000	0.013283549099	0.000000000000	12000
3	0	0.374000000000	0.000000000000	3	0.703718000000	0.000000000000	0.010180182322	0.000000000000	46000
3	1	0.374000000000	0.124000000000	1	0.697670000000	0.000000000000	0.012921534973	0.000000000000	114000
3	1	0.374000000000	0.124000000000	2	0.714052000000	0.000000000000	0.012129320526	0.000000000000	56000
3	1	0.374000000000	0.124000000000	3	0.000000000000	0.702524000000	0.000000000000	0.012720661903	36000
3	2	0.374000000000	0.250000000000	1	0.722984000000	0.000000000000	0.009295490850	0.000000000000	68000
3	2	0.374000000000	0.250000000000	2	0.707992000000	0.000000000000	0.012424262485	0.000000000000	52000
3	2	0.374000000000	0.250000000000	3	0.000000000000	0.711456000000	0.000000000000	0.015653405160	16000
3	3	0.374000000000	0.374000000000	1	0.725074000000	0.000000000000	0.010723689734	0.000000000000	30000
3	3	0.374000000000	0.374000000000	2	0.715714000000	0.000000000000	0.008457051834	0.000000000000	20000
3	3	0.374000000000	0.374000000000	3	0.000000000000	0.720352000000	0.000000000000	0.010510307444	56000
3	4	0.374000000000	0.500000000000	1	0.000000000000	0.716472000000	0.000000000000	0.014327822671	28000
3	4	0.374000000000	0.500000000000	2	0.000000000000	0.693196000000	0.000000000000	0.010663737586	20000
3	4	0.374000000000	0.500000000000	3	0.704550000000	0.000000000000	0.011716944430	0.000000000000	20000
3	5	0.374000000000	0.624000000000	1	0.000000000000	0.727836000000	0.000000000000	0.008190249336	24000
3	5	0.374000000000	0.624000000000	2	0.000000000000	0.719728000000	0.000000000000	0.015537033675	40000
3	5	0.374000000000	0.624000000000	3	0.000000000000	0.717052000000	0.000000000000	0.008627846529	82000
3	6	0.374000000000	0.750000000000	1	0.000000000000	0.718972000000	0.000000000000	0.012494291630	56000
3	6	0.374000000000	0.750000000000	2	0.000000000000	0.705958000000	0.000000000000	0.012801488746	18000
3	6	0.374000000000	0.750000000000	3	0.000000000000	0.701786000000	0.000000000000	0.009986888502	20000
3	7	0.374000000000	0.874000000000	1	0.000000000000	0.717140000000	0.000000000000	0.011141298332	26000
3	7	0.374000000000	0.874000000000	2	0.000000000000	0.718886000000	0.000000000000	0.012297733053	14000
3	7	0.374000000000	0.874000000000	3	0.000000000000	0.708150000000	0.000000000000	0.011880178393	26000
3	8	0.374000000000	1.000000000000	1	0.000000000000	1.000000000000	0.000000000000	0.000000000000	6000
3	8	0.374000000000	1.000000000000	2	0.000000000000	1.000000000000	0.000000000000	0.000000000000	6000
3	8	0.374000000000	1.000000000000	3	0.000000000000	1.000000000000	0.000000000000	0.000000000000	6000
4	0	0.500000000000	0.000000000000	1	0.700336000000	0.000000000000	0.012261380242	0.000000000000	48000
4	0	0.500000000000	0.000000000000	2	0.709020000000	0.000000000000	0.009115848765	0.000000000000	12000
4	0	0.500000000000	0.000000000000	3	0.704874000000	0.000000000000	0.015590098626	0.000000000000	12000
4	1	0.500000000000	0.124000000000	1	0.704442000000	0.000000000000	0.011042942660	0.000000000000	8000
4	1	0.500000000000	0.124000000000	2	0.704544000000	0.000000000000	0.012475403789	0.000000000000	8000
4	1	0.500000000000	0.124000000000	3	0.696120000000	0.000000000000	0.012321421079	0.000000000000	18000
4	2	0.500000000000	0.250000000000	1	0.721942000000	0.000000000000	0.013256559598	0.000000000000	22000
4	2	0.500000000000	0.250000000000	2	0.686112000000	0.000000000000	0.010563097795	0.000000000000	24000
4	2	0.500000000000	0.250000000000	3	0.710694000000	0.000000000000	0.012305518672	0.000000000000	10000
4	3	0.500000000000	0.374000000000	1	0.722076000000	0.000000000000	0.012403712189	0.000000000000	62000
4	3	0.500000000000	0.374000000000	2	0.726564000000	0.000000000000	0.017210290471	0.000000000000	20000
4	3	0.500000000000	0.374000000000	3	0.000000000000	0.690950000000	0.000000000000	0.011535795359	42000
4	4	0.500000000000	0.500000000000	1	0.681592000000	0.000000000000	0.015466633530	0.000000000000	78000
4	4	0.500000000000	0.500000000000	2	0.707698000000	0.000000000000	0.010625332639	0.000000000000	26000
4	4	0.500000000000	0.500000000000	3	0.000000000000	0.713948000000	0.000000000000	0.012995313547	32000
4	5	0.500000000000	0.624000000000	1	0.000000000000	0.700998000000	0.000000000000	0.008220679751	18000
4	5	0.500000000000	0.624000000000	2	0.695476000000	0.000000000000	0.010604427277	0.000000000000	48000
4	5	0.500000000000	0.624000000000	3	0.000000000000	0.704090000000	0.000000000000	0.011458760980	26000
4	6	0.500000000000	0.750000000000	1	0.000000000000	0.733698000000	0.000000000000	0.013967243102	34000
4	6	0.500000000000	0.750000000000	2	0.000000000000	0.707600000000	0.000000000000	0.011925360129	32000
4	6	0.500000000000	0.750000000000	3	0.000000000000	0.692270000000	0.000000000000	0.010657423736	66000
4	7	0.500000000000	0.874000000000	1	0.000000000000	0.723684000000	0.000000000000	0.011759525094	20000
4	7	0.500000000000	0.874000000000	2	0.000000000000	0.704892000000	0.000000000000	0.009027393302	56000
4	7	0.500000000000	0.874000000000	3	0.000000000000	0.713630000000	0.000000000000	0.011837534677	46000
4	8	0.500000000000	1.000000000000	1	0.000000000000	1.000000000000	0.000000000000	0.000000000000	6000
4	8	0.500000000000	1.000000000000	2	0.000000000000	1.000000000000	0.000000000000	0.000000000000	6000
4	8	0.500000000000	1.000000000000	3	0.000000000000	1.000000000000	0.000000000000	0.000000000000	6000
5	0	0.624000000000	0.000000000000	1	0.709644000000	0.000000000000	0.013841707151	0.000000000000	14000
5	0	0.624000000000	0.000000000000	2	0.704270000000	0.000000000000	0.011029993688	0.000000000000	12000
5	0	0.624000000000	0.000000000000	3	0.710072000000	0.000000000000	0.014116447502	0.000000000000	4000
5	1	0.624000000000	0.124000000000	1	0.708870000000	0.000000000000	0.011390559461	0.000000000000	24000
5	1	0.624000000000	0.124000000000	2	0.712094000000	0.000000000000	0.012842745038	0.000000000000	20000
5	1	0.624000000000	0.124000000000	3	0.711798000000	0.000000000000	0.012724036195	0.000000000000	24000
5	2	0.624000000000	0.250000000000	1	0.727448000000	0.000000000000	0.011191628503	0.000000000000	38000
5	2	0.624000000000	0.250000000000	2	0.701408000000	0.000000000000	0.011514430864	0.000000000000	22000
5	2	0.624000000000	0.250000000000	3	0.720284000000	0.000000000000	0.011580909354	0.000000000000	30000
5	3	0.624000000000	0.374000000000	1	0.700188000000	0.000000000000	0.012573095830	0.000000000000	12000
5	3	0.624000000000	0.374000000000	2	0.712886000000	0.000000000000	0.009260278438	0.000000000000	24000
5	3	0.624000000000	0.374000000000	3	0.706912000000	0.000000000000	0.015620892045	0.000000000000	16000
5	4	0.624000000000	0.500000000000	1	0.687030000000	0.000000000000	0.014861896783	0.000000000000	18000
5	4	0.624000000000	0.500000000000	2	0.703018000000	0.000000000000	0.010738108911	0.000000000000	32000
5	4	0.624000000000	0.500000000000	3	0.721286000000	0.000000000000	0.012474366269	0.000000000000	50000
5	5	0.624000000000	0.624000000000	1	0.718220000000	0.000000000000	0.011406388811	0.000000000000	14000
5	5	0.624000000000	0.624000000000	2	0.000000000000	0.700326000000	0.000000000000	0.011030294257	50000
5	5	0.624000000000	0.624000000000	3	0.702614000000	0.000000000000	0.018474423085	0.000000000000	28000
5	6	0.624000000000	0.750000000000	1	0.703544000000	0.000000000000	0.017482382495	0.000000000000	72000
5	6	0.624000000000	0.750000000000	2	0.000000000000	0.709290000000	0.000000000000	0.011754065597	122000
5	6	0.624000000000	0.750000000000	3	0.000000000000	0.707220000000	0.000000000000	0.011176964012	30000
5	7	0.624000000000	0.874000000000	1	0.000000000000	0.715708000000	0.000000000000	0.010510623636	12000
5	7	0.624000000000	0.874000000000	2	0.000000000000	0.692340000000	0.000000000000	0.011785384817	28000
5	7	0.624000000000	0.874000000000	3	0.000000000000	0.712570000000	0.000000000000	0.015150334407	12000
5	8	0.624000000000	1.000000000000	1	0.000000000000	1.000000000000	0.000000000000	0.000000000000	6000
5	8	0.624000000000	1.000000000000	2	0.000000000000	1.000000000000	0.000000000000	0.000000000000	6000
5	8	0.624000000000	1.000000000000	3	0.000000000000	1.000000000000	0.000000000000	0.000000000000	6000
6	0	0.750000000000	0.000000000000	1	0.712866000000	0.000000000000	0.014667418900	0.000000000000	46000
6	0	0.750000000000	0.000000000000	2	0.708154000000	0.000000000000	0.012316329647	0.000000000000	8000
6	0	0.750000000000	0.000000000000	3	0.711088000000	0.000000000000	0.011294947181	0.000000000000	70000
6	1	0.750000000000	0.124000000000	1	0.703938000000	0.000000000000	0.014440799586	0.000000000000	50000
6	1	0.750000000000	0.124000000000	2	0.712014000000	0.000000000000	0.008904105069	0.000000000000	46000
6	1	0.750000000000	0.124000000000	3	0.696706000000	0.000000000000	0.015876700968	0.000000000000	12000
6	2	0.750000000000	0.250000000000	1	0.702436000000	0.000000000000	0.011803950069	0.000000000000	46000
6	2	0.750000000000	0.250000000000	2	0.700314000000	0.000000000000	0.014616670313	0.000000000000	28000
6	2	0.750000000000	0.250000000000	3	0.699586000000	0.000000000000	0.012789846918	0.000000000000	68000
6	3	0.750000000000	0.374000000000	1	0.701738000000	0.000000000000	0.010624134234	0.000000000000	16000
6	3	0.750000000000	0.374000000000	2	0.704758000000	0.000000000000	0.011805795730	0.000000000000	74000
6	3	0.750000000000	0.374000000000	3	0.696946000000	0.000000000000	0.015305925498	0.000000000000	18000
6	4	0.750000000000	0.500000000000	1	0.697212000000	0.000000000000	0.009443952787	0.000000000000	62000
6	4	0.750000000000	0.500000000000	2	0.712564000000	0.000000000000	0.012053347551	0.000000000000	98000
6	4	0.750000000000	0.500000000000	3	0.707114000000	0.000000000000	0.008419138073	0.000000000000	30000
6	5	0.750000000000	0.624000000000	1	0.711848000000	0.000000000000	0.015354890708	0.000000000000	152000
6	5	0.750000000000	0.624000000000	2	0.700024000000	0.000000000000	0.011097864055	0.000000000000	26000
6	5	0.750000000000	0.624000000000	3	0.000000000000	0.701888000000	0.000000000000	0.013007253540	30000
6	6	0.750000000000	0.750000000000	1	0.708268000000	0.000000000000	0.011303802544	0.000000000000	30000
6	6	0.750000000000	0.750000000000	2	0.000000000000	0.716720000000	0.000000000000	0.011323330686	52000
6	6	0.750000000000	0.750000000000	3	0.700318000000	0.000000000000	0.008845174567	0.000000000000	30000
6	7	0.750000000000	0.874000000000	1	0.000000000000	0.724126000000	0.000000000000	0.013370673091	30000
6	7	0.750000000000	0.874000000000	2	0.000000000000	0.684410000000	0.000000000000	0.010059477774	36000
6	7	0.750000000000	0.874000000000	3	0.000000000000	0.714392000000	0.000000000000	0.008448296261	16000
6	8	0.750000000000	1.000000000000	1	0.000000000000	1.000000000000	0.000000000000	0.000000000000	6000
6	8	0.750000000000	1.000000000000	2	0.000000000000	1.000000000000	0.000000000000	0.000000000000	6000
6	8	0.750000000000	1.000000000000	3	0.000000000000	1.000000000000	0.000000000000	0.000000000000	6000
7	0	0.874000000000	0.000000000000	1	0.707412000000	0.000000000000	0.012585891334	0.000000000000	42000
7	0	0.874000000000	0.000000000000	2	0.712996000000	0.000000000000	0.015521369041	0.000000000000	24000
7	0	0.874000000000	0.000000000000	3	0.711164000000	0.000000000000	0.014961716377	0.000000000000	112000
7	1	0.874000000000	0.124000000000	1	0.702622000000	0.000000000000	0.011229212404	0.000000000000	14000
7	1	0.874000000000	0.124000000000	2	0.703484000000	0.000000000000	0.009564163174	0.000000000000	18000
7	1	0.874000000000	0.124000000000	3	0.710496000000	0.000000000000	0.009095312458	0.000000000000	20000
7	2	0.874000000000	0.250000000000	1	0.719514000000	0.000000000000	0.010448204103	0.000000000000	14000
7	2	0.874000000000	0.250000000000	2	0.705814000000	0.000000000000	0.012172328026	0.000000000000	30000
7	2	0.874000000000	0.250000000000	3	0.715672000000	0.000000000000	0.011513512799	0.000000000000	26000
7	3	0.874000000000	0.374000000000	1	0.698416000000	0.000000000000	0.015161293111	0.000000000000	34000
7	3	0.874000000000	0.374000000000	2	0.706318000000	0.000000000000	0.010636164911	0.000000000000	18000
7	3	0.874000000000	0.374000000000	3	0.714948000000	0.000000000000	0.013190727474	0.000000000000	28000
7	4	0.874000000000	0.500000000000	1	0.718680000000	0.000000000000	0.009322258552	0.000000000000	20000
7	4	0.874000000000	0.500000000000	2	0.699588000000	0.000000000000	0.010998510046	0.000000000000	22000
7	4	0.874000000000	0.500000000000	3	0.713552000000	0.000000000000	0.011124524756	0.000000000000	36000
7	5	0.874000000000	0.624000000000	1	0.694810000000	0.000000000000	0.012423133028	0.000000000000	22000
7	5	0.874000000000	0.624000000000	2	0.705516000000	0.000000000000	0.008855063871	0.000000000000	32000
7	5	0.874000000000	0.624000000000	3	0.713010000000	0.000000000000	0.011730707971	0.000000000000	34000
7	6	0.874000000000	0.750000000000	1	0.718680000000	0.000000000000	0.012438179461	0.000000000000	60000
7	6	0.874000000000	0.750000000000	2	0.718352000000	0.000000000000	0.012043801275	0.000000000000	76000
7	6	0.874000000000	0.750000000000	3	0.717328000000	0.000000000000	0.011524635926	0.000000000000	14000
7	7	0.874000000000	0.874000000000	1	0.000000000000	0.727018000000	0.000000000000	0.011343383461	20000
7	7	0.874000000000	0.874000000000	2	0.696094000000	0.000000000000	0.011772755063	0.000000000000	34000
7	7	0.874000000000	0.874000000000	3	0.702964000000	0.000000000000	0.013011379635	0.000000000000	30000
7	8	0.874000000000	1.000000000000	1	0.000000000000	1.000000000000	0.000000000000	0.000000000000	8000
7	8	0.874000000000	1.000000000000	2	0.000000000000	1.000000000000	0.000000000000	0.000000000000	6000
7	8	0.874000000000	1.000000000000	3	0.000000000000	1.000000000000	0.000000000000	0.000000000000	6000
8	0	1.000000000000	0.000000000000	1	1.000000000000	0.000000000000	0.000000000000	0.000000000000	4000
8	0	1.000000000000	0.000000000000	2	1.000000000000	0.000000000000	0.000000000000	0.000000000000	4000
8	0	1.000000000000	0.000000000000	3	1.000000000000	0.000000000000	0.000000000000	0.000000000000	4000
8	1	1.000000000000	0.124000000000	1	1.000000000000	0.000000000000	0.000000000000	0.000000000000	6000
8	1	1.000000000000	0.124000000000	2	1.000000000000	0.000000000000	0.000000000000	0.000000000000	6000
8	1	1.000000000000	0.124000000000	3	1.000000000000	0.000000000000	0.000000000000	0.000000000000	6000
8	2	1.000000000000	0.250000000000	1	1.000000000000	0.000000000000	0.000000000000	0.000000000000	6000
8	2	1.000000000000	0.250000000000	2	1.000000000000	0.000000000000	0.000000000000	0.000000000000	6000
8	2	1.000000000000	0.250000000000	3	1.000000000000	0.000000000000	0.000000000000	0.000000000000	6000
8	3	1.000000000000	0.374000000000	1	1.000000000000	0.000000000000	0.000000000000	0.000000000000	6000
8	3	1.000000000000	0.374000000000	2	1.000000000000	0.000000000000	0.000000000000	0.000000000000	6000
8	3	1.000000000000	0.374000000000	3	1.000000000000	0.000000000000	0.000000000000	0.000000000000	6000
8	4	1.000000000000	0.500000000000	1	1.000000000000	0.000000000000	0.000000000000	0.000000000000	6000
8	4	1.000000000000	0.500000000000	2	1.000000000000	0.000000000000	0.000000000000	0.000000000000	6000
8	4	1.000000000000	0.500000000000	3	1.000000000000	0.000000000000	0.000000000000	0.000000000000	6000
8	5	1.000000000000	0.624000000000	1	1.000000000000	0.000000000000	0.000000000000	0.000000000000	6000
8	5	1.000000000000	0.624000000000	2	1.000000000000	0.000000000000	0.000000000000	0.000000000000	6000
8	5	1.000000000000	0.624000000000	3	1.000000000000	0.000000000000	0.000000000000	0.000000000000	6000
8	6	1.000000000000	0.750000000000	1	1.000000000000	0.000000000000	0.000000000000	0.000000000000	6000
8	6	1.000000000000	0.750000000000	2	1.000000000000	0.000000000000	0.000000000000	0.000000000000	6000
8	6	1.000000000000	0.750000000000	3	1.000000000000	0.000000000000	0.000000000000	0.000000000000	6000
8	7	1.000000000000	0.874000000000	1	1.000000000000	0.000000000000	0.000000000000	0.000000000000	8000
8	7	1.000000000000	0.874000000000	2	1.000000000000	0.000000000000	0.000000000000	0.000000000000	6000
8	7	1.000000000000	0.874000000000	3	1.000000000000	0.000000000000	0.000000000000	0.000000000000	8000
8	8	1.000000000000	1.000000000000	1	1.000000000000	1.000000000000	0.000000000000	0.000000000000	4000
8	8	1.000000000000	1.000000000000	2	1.000000000000	1.000000000000	0.000000000000	0.000000000000	4000
8	8	1.000000000000	1.000000000000	3	1.000000000000	1.000000000000	0.000000000000	0.000000000000	4000
