# scan initial plane
# b 1.15
# r 0
# e -0.4
# p12 0.2
# ndiv 8
# n_reps 3
# A:(0,1),	A':(0,0.533),	B:(1,0),	B'=(0.533,0),	C:(1,1),	D:(0,0),	E:(0.308,0.308) 
# columns: ix iy x1_0 x2_0 rep x1_inf x2_inf sigma_1 sigma_2 t_relax
4	0	0.500000000000	0.000000000000	1	0.744390000000	0.000000000000	0.011447224071	0.000000000000	38000
4	0	0.500000000000	0.000000000000	2	0.783112000000	0.000000000000	0.017996647892	0.000000000000	50000
4	0	0.500000000000	0.000000000000	3	0.763396000000	0.000000000000	0.014932453320	0.000000000000	56000
4	1	0.500000000000	0.124000000000	1	0.772188000000	0.000000000000	0.013879960710	0.000000000000	8000
4	1	0.500000000000	0.124000000000	2	0.732430000000	0.000000000000	0.012255990752	0.000000000000	28000
4	1	0.500000000000	0.124000000000	3	0.787668000000	0.000000000000	0.019794989710	0.000000000000	48000
4	2	0.500000000000	0.250000000000	1	0.742714000000	0.000000000000	0.009853288349	0.000000000000	24000
4	2	0.500000000000	0.250000000000	2	0.756686000000	0.000000000000	0.017676817414	0.000000000000	68000
4	2	0.500000000000	0.250000000000	3	0.761738000000	0.000000000000	0.014353444791	0.000000000000	28000
4	3	0.500000000000	0.374000000000	1	0.777590000000	0.000000000000	0.012225602863	0.000000000000	90000
4	3	0.500000000000	0.374000000000	2	0.771908000000	0.000000000000	0.018578500927	0.000000000000	22000
4	3	0.500000000000	0.374000000000	3	0.749848000000	0.000000000000	0.014886453658	0.000000000000	38000
4	4	0.500000000000	0.500000000000	1	0.755282000000	0.000000000000	0.009664257544	0.000000000000	38000
4	4	0.500000000000	0.500000000000	2	0.757484000000	0.000000000000	0.014550651720	0.000000000000	22000
4	4	0.500000000000	0.500000000000	3	0.752424000000	0.000000000000	0.012731312199	0.000000000000	24000
4	5	0.500000000000	0.624000000000	1	0.000000000000	0.764220000000	0.000000000000	0.019021919815	16000
4	5	0.500000000000	0.624000000000	2	0.000000000000	0.749392000000	0.000000000000	0.012427098164	28000
4	5	0.500000000000	0.624000000000	3	0.000000000000	0.749136000000	0.000000000000	0.009867465271	72000
4	6	0.500000000000	0.750000000000	1	0.000000000000	0.785764000000	0.000000000000	0.014746177598	10000
4	6	0.500000000000	0.750000000000	2	0.000000000000	0.738564000000	0.000000000000	0.011856748563	20000
4	6	0.500000000000	0.750000000000	3	0.000000000000	0.758744000000	0.000000000000	0.010100122597	30000
4	7	0.500000000000	0.874000000000	1	0.000000000000	0.762314000000	0.000000000000	0.012354514885	10000
4	7	0.500000000000	0.874000000000	2	0.000000000000	0.754646000000	0.000000000000	0.011843265890	12000
4	7	0.500000000000	0.874000000000	3	0.000000000000	0.766806000000	0.000000000000	0.010458285698	90000
4	8	0.500000000000	1.000000000000	1	0.000000000000	1.000000000000	0.000000000000	0.000000000000	6000
4	8	0.500000000000	1.000000000000	2	0.000000000000	1.000000000000	0.000000000000	0.000000000000	6000
4	8	0.500000000000	1.000000000000	3	0.000000000000	1.000000000000	0.000000000000	0.000000000000	6000
