# scan initial plane
# b 1.15
# r 0
# e -0.4
# p12 0.23
# ndiv 8
# n_reps 3
# A:(0,1),	A':(0,0.613),	B:(1,0),	B'=(0.613,0),	C:(1,1),	D:(0,0),	E:(0.333,0.333) 
# columns: ix iy x1_0 x2_0 rep x1_inf x2_inf sigma_1 sigma_2 t_relax
5	0	0.624000000000	0.000000000000	1	0.673700000000	0.000000000000	0.010747721317	0.000000000000	32000
5	0	0.624000000000	0.000000000000	2	0.674962000000	0.000000000000	0.011290971705	0.000000000000	48000
5	0	0.624000000000	0.000000000000	3	0.681542000000	0.000000000000	0.011888463802	0.000000000000	54000
5	1	0.624000000000	0.124000000000	1	0.694772000000	0.000000000000	0.012971826559	0.000000000000	20000
5	1	0.624000000000	0.124000000000	2	0.680182000000	0.000000000000	0.012270347894	0.000000000000	64000
5	1	0.624000000000	0.124000000000	3	0.673502000000	0.000000000000	0.009517908730	0.000000000000	210000
5	2	0.624000000000	0.250000000000	1	0.665250000000	0.000000000000	0.009172002269	0.000000000000	66000
5	2	0.624000000000	0.250000000000	2	0.681408000000	0.000000000000	0.009850612700	0.000000000000	32000
5	2	0.624000000000	0.250000000000	3	0.673486000000	0.000000000000	0.010400383261	0.000000000000	94000
5	3	0.624000000000	0.374000000000	1	0.668112000000	0.000000000000	0.009650730159	0.000000000000	104000
5	3	0.624000000000	0.374000000000	2	0.673948000000	0.000000000000	0.011482906999	0.000000000000	104000
5	3	0.624000000000	0.374000000000	3	0.673356000000	0.000000000000	0.009979020235	0.000000000000	124000
5	4	0.624000000000	0.500000000000	1	0.680942000000	0.000000000000	0.009184824277	0.000000000000	20000
5	4	0.624000000000	0.500000000000	2	0.684580000000	0.000000000000	0.011636107554	0.000000000000	92000
5	4	0.624000000000	0.500000000000	3	0.000000000000	0.669774000000	0.000000000000	0.008259124478	82000
5	5	0.624000000000	0.624000000000	1	0.662954000000	0.000000000000	0.012058826614	0.000000000000	150000
5	5	0.624000000000	0.624000000000	2	0.659550000000	0.019136000000	0.013537531709	0.008264248411	20000
5	5	0.624000000000	0.624000000000	3	0.000000000000	0.672752000000	0.000000000000	0.011086451434	86000
5	6	0.624000000000	0.750000000000	1	0.673580000000	0.000000000000	0.009955637333	0.000000000000	22000
5	6	0.624000000000	0.750000000000	2	0.000000000000	0.671240000000	0.000000000000	0.012533614462	62000
5	6	0.624000000000	0.750000000000	3	0.000000000000	0.684040000000	0.000000000000	0.011067469850	52000
5	7	0.624000000000	0.874000000000	1	0.391478000000	0.299224000000	0.026069966612	0.027210038776	12000
5	7	0.624000000000	0.874000000000	2	0.435842000000	0.261516000000	0.015147028371	0.012350801038	8000
5	7	0.624000000000	0.874000000000	3	0.670914000000	0.000000000000	0.009559287839	0.000000000000	104000
5	8	0.624000000000	1.000000000000	1	0.000000000000	1.000000000000	0.000000000000	0.000000000000	6000
5	8	0.624000000000	1.000000000000	2	0.000000000000	1.000000000000	0.000000000000	0.000000000000	6000
5	8	0.624000000000	1.000000000000	3	0.000000000000	1.000000000000	0.000000000000	0.000000000000	6000
