# scan initial plane
# b 1.15
# r 0
# e -0.4
# p12 0.23
# ndiv 8
# n_reps 3
# A:(0,1),	A':(0,0.613),	B:(1,0),	B'=(0.613,0),	C:(1,1),	D:(0,0),	E:(0.333,0.333) 
# columns: ix iy x1_0 x2_0 rep x1_inf x2_inf sigma_1 sigma_2 t_relax
6	0	0.750000000000	0.000000000000	1	0.673714000000	0.000000000000	0.009117748480	0.000000000000	14000
6	0	0.750000000000	0.000000000000	2	0.667116000000	0.000000000000	0.009480739867	0.000000000000	16000
6	0	0.750000000000	0.000000000000	3	0.683062000000	0.000000000000	0.011095912548	0.000000000000	32000
6	1	0.750000000000	0.124000000000	1	0.679120000000	0.000000000000	0.008920604081	0.000000000000	34000
6	1	0.750000000000	0.124000000000	2	0.000000000000	0.664502000000	0.000000000000	0.010735140392	96000
6	1	0.750000000000	0.124000000000	3	0.678942000000	0.000000000000	0.008128388937	0.000000000000	20000
6	2	0.750000000000	0.250000000000	1	0.565006000000	0.117136000000	0.018358676559	0.012123715952	18000
6	2	0.750000000000	0.250000000000	2	0.521994000000	0.158558000000	0.020574237854	0.014447607739	64000
6	2	0.750000000000	0.250000000000	3	0.678058000000	0.000000000000	0.011842841251	0.000000000000	52000
6	3	0.750000000000	0.374000000000	1	0.673070000000	0.000000000000	0.012222622161	0.000000000000	212000
6	3	0.750000000000	0.374000000000	2	0.397518000000	0.298452000000	0.021668253026	0.027633155580	20000
6	3	0.750000000000	0.374000000000	3	0.697646000000	0.000000000000	0.012261036539	0.000000000000	34000
6	4	0.750000000000	0.500000000000	1	0.673596000000	0.000000000000	0.010861802924	0.000000000000	30000
6	4	0.750000000000	0.500000000000	2	0.661110000000	0.000000000000	0.012685299240	0.000000000000	76000
6	4	0.750000000000	0.500000000000	3	0.329398000000	0.360654000000	0.014815299156	0.012599326451	18000
6	5	0.750000000000	0.624000000000	1	0.686152000000	0.000000000000	0.009189414635	0.000000000000	42000
6	5	0.750000000000	0.624000000000	2	0.665194000000	0.000000000000	0.014063859931	0.000000000000	44000
6	5	0.750000000000	0.624000000000	3	0.680378000000	0.000000000000	0.010387348700	0.000000000000	66000
6	6	0.750000000000	0.750000000000	1	0.679926000000	0.000000000000	0.009232321472	0.000000000000	78000
6	6	0.750000000000	0.750000000000	2	0.665062000000	0.000000000000	0.012116392325	0.000000000000	116000
6	6	0.750000000000	0.750000000000	3	0.680246000000	0.000000000000	0.013624430598	0.000000000000	176000
6	7	0.750000000000	0.874000000000	1	0.681884000000	0.000000000000	0.010624284419	0.000000000000	74000
6	7	0.750000000000	0.874000000000	2	0.673116000000	0.000000000000	0.011267008897	0.000000000000	106000
6	7	0.750000000000	0.874000000000	3	0.674642000000	0.000000000000	0.009839138410	0.000000000000	46000
6	8	0.750000000000	1.000000000000	1	0.000000000000	1.000000000000	0.000000000000	0.000000000000	6000
6	8	0.750000000000	1.000000000000	2	0.000000000000	1.000000000000	0.000000000000	0.000000000000	6000
6	8	0.750000000000	1.000000000000	3	0.000000000000	1.000000000000	0.000000000000	0.000000000000	6000
