# scan initial plane
# b 1.15
# r 0
# e -0.4
# p12 0.24
# ndiv 8
# n_reps 3
# A:(0,1),	A':(0,0.640),	B:(1,0),	B'=(0.640,0),	C:(1,1),	D:(0,0),	E:(0.340,0.340) 
# columns: ix iy x1_0 x2_0 rep x1_inf x2_inf sigma_1 sigma_2 t_relax
7	0	0.874000000000	0.000000000000	1	1.000000000000	0.000000000000	0.000000000000	0.000000000000	26000
7	0	0.874000000000	0.000000000000	2	0.888440000000	0.000000000000	0.010325551657	0.000000000000	52000
7	0	0.874000000000	0.000000000000	3	1.000000000000	0.000000000000	0.000000000000	0.000000000000	30000
7	1	0.874000000000	0.124000000000	1	0.941610000000	0.000000000000	0.017692623574	0.000000000000	22000
7	1	0.874000000000	0.124000000000	2	0.946198000000	0.000000000000	0.010453040805	0.000000000000	22000
7	1	0.874000000000	0.124000000000	3	0.957098000000	0.000000000000	0.009284212007	0.000000000000	14000
7	2	0.874000000000	0.250000000000	1	1.000000000000	0.000000000000	0.000000000000	0.000000000000	12000
7	2	0.874000000000	0.250000000000	2	0.938682000000	0.000000000000	0.007724671291	0.000000000000	22000
7	2	0.874000000000	0.250000000000	3	1.000000000000	0.000000000000	0.000000000000	0.000000000000	42000
7	3	0.874000000000	0.374000000000	1	1.000000000000	0.000000000000	0.000000000000	0.000000000000	18000
7	3	0.874000000000	0.374000000000	2	1.000000000000	0.000000000000	0.000000000000	0.000000000000	72000
7	3	0.874000000000	0.374000000000	3	1.000000000000	0.000000000000	0.000000000000	0.000000000000	34000
7	4	0.874000000000	0.500000000000	1	0.904452000000	0.000000000000	0.009042868432	0.000000000000	6000
7	4	0.874000000000	0.500000000000	2	0.898950000000	0.000000000000	0.011446944244	0.000000000000	20000
7	4	0.874000000000	0.500000000000	3	1.000000000000	0.000000000000	0.000000000000	0.000000000000	38000
7	5	0.874000000000	0.624000000000	1	0.905986000000	0.000000000000	0.009442296382	0.000000000000	60000
7	5	0.874000000000	0.624000000000	2	0.907962000000	0.000000000000	0.010627676298	0.000000000000	26000
7	5	0.874000000000	0.624000000000	3	1.000000000000	0.000000000000	0.000000000000	0.000000000000	32000
7	6	0.874000000000	0.750000000000	1	0.926710000000	0.000000000000	0.010363749674	0.000000000000	46000
7	6	0.874000000000	0.750000000000	2	0.851148000000	0.000000000000	0.011026680538	0.000000000000	98000
7	6	0.874000000000	0.750000000000	3	1.000000000000	0.000000000000	0.000000000000	0.000000000000	38000
7	7	0.874000000000	0.874000000000	1	1.000000000000	0.000000000000	0.000000000000	0.000000000000	66000
7	7	0.874000000000	0.874000000000	2	0.000000000000	0.893890000000	0.000000000000	0.009629362628	32000
7	7	0.874000000000	0.874000000000	3	0.000000000000	0.887384000000	0.000000000000	0.012347185793	16000
7	8	0.874000000000	1.000000000000	1	0.000000000000	1.000000000000	0.000000000000	0.000000000000	6000
7	8	0.874000000000	1.000000000000	2	0.000000000000	1.000000000000	0.000000000000	0.000000000000	6000
7	8	0.874000000000	1.000000000000	3	0.000000000000	1.000000000000	0.000000000000	0.000000000000	6000
