# scan initial plane
# b 1.15
# r 0
# e -0.4
# p12 0.05
# ndiv 8
# n_reps 3
# A:(0,1),	A':(0,0.133),	B:(1,0),	B'=(0.133,0),	C:(1,1),	D:(0,0),	E:(0.113,0.113) 
# columns: ix iy x1_0 x2_0 rep x1_inf x2_inf sigma_1 sigma_2 t_relax
1	0	0.124000000000	0.000000000000	1	0.153758000000	0.000000000000	0.008762089375	0.000000000000	14000
1	0	0.124000000000	0.000000000000	2	0.157872000000	0.000000000000	0.007849409483	0.000000000000	36000
1	0	0.124000000000	0.000000000000	3	0.158414000000	0.000000000000	0.007301912210	0.000000000000	6000
1	1	0.124000000000	0.124000000000	1	0.137972000000	0.122132000000	0.008372652944	0.009346975016	60000
1	1	0.124000000000	0.124000000000	2	0.122980000000	0.125722000000	0.007331394775	0.007842207356	400000
1	1	0.124000000000	0.124000000000	3	0.128456000000	0.119552000000	0.009634775186	0.007933109745	144000
1	2	0.124000000000	0.250000000000	1	0.120072000000	0.120800000000	0.007830206136	0.011033482575	54000
1	2	0.124000000000	0.250000000000	2	0.126644000000	0.123010000000	0.009142256004	0.006064707798	400000
1	2	0.124000000000	0.250000000000	3	0.126488000000	0.123562000000	0.010490753639	0.008320660394	132000
1	3	0.124000000000	0.374000000000	1	0.130114000000	0.126498000000	0.010867433234	0.008133274012	400000
1	3	0.124000000000	0.374000000000	2	0.129978000000	0.122530000000	0.006157388199	0.006060348821	100000
1	3	0.124000000000	0.374000000000	3	0.138566000000	0.125414000000	0.010980538066	0.008013789667	400000
1	4	0.124000000000	0.500000000000	1	0.124782000000	0.123104000000	0.008406613298	0.012401248928	192000
1	4	0.124000000000	0.500000000000	2	0.133932000000	0.121138000000	0.009221736085	0.009716551207	12000
1	4	0.124000000000	0.500000000000	3	0.114804000000	0.122930000000	0.008151320631	0.008799575702	112000
1	5	0.124000000000	0.624000000000	1	0.117096000000	0.127602000000	0.010371226849	0.006262652538	156000
1	5	0.124000000000	0.624000000000	2	0.122338000000	0.129400000000	0.005819589644	0.008717568239	86000
1	5	0.124000000000	0.624000000000	3	0.127552000000	0.122374000000	0.007900741593	0.007521748514	28000
1	6	0.124000000000	0.750000000000	1	0.130654000000	0.116818000000	0.010447077363	0.007396051486	400000
1	6	0.124000000000	0.750000000000	2	0.111378000000	0.132774000000	0.010924122503	0.009455068605	400000
1	6	0.124000000000	0.750000000000	3	0.126468000000	0.122032000000	0.007888929662	0.006971339583	10000
1	7	0.124000000000	0.874000000000	1	0.128206000000	0.130846000000	0.011715067512	0.008111848500	400000
1	7	0.124000000000	0.874000000000	2	0.125482000000	0.122904000000	0.010574284443	0.008860095106	400000
1	7	0.124000000000	0.874000000000	3	0.141464000000	0.125230000000	0.014326686915	0.008152396063	174000
1	8	0.124000000000	1.000000000000	1	0.000000000000	1.000000000000	0.000000000000	0.000000000000	6000
1	8	0.124000000000	1.000000000000	2	0.000000000000	1.000000000000	0.000000000000	0.000000000000	8000
1	8	0.124000000000	1.000000000000	3	0.000000000000	1.000000000000	0.000000000000	0.000000000000	6000
