# scan initial plane
# b 1.3
# r 0
# e -0.4
# p12 0.3
# ndiv 10
# n_reps 5
# A:(0,1),	A':(0,0.400),	B:(1,0),	B'=(0.400,0),	C:(1,1),	D:(0,0),	E:(0.235,0.235) 
# columns: ix iy x1_0 x2_0 rep x1_inf x2_inf sigma_1 sigma_2 t_relax
0	0	0.000000000000	0.000000000000	1	0.000000000000	0.000000000000	0.000000000000	0.000000000000	4000
0	0	0.000000000000	0.000000000000	2	0.000000000000	0.000000000000	0.000000000000	0.000000000000	4000
0	0	0.000000000000	0.000000000000	3	0.000000000000	0.000000000000	0.000000000000	0.000000000000	4000
0	0	0.000000000000	0.000000000000	4	0.000000000000	0.000000000000	0.000000000000	0.000000000000	4000
0	0	0.000000000000	0.000000000000	5	0.000000000000	0.000000000000	0.000000000000	0.000000000000	4000
0	1	0.000000000000	0.100000000000	1	0.000000000000	0.412473333333	0.000000000000	0.006837333137	10000
0	1	0.000000000000	0.100000000000	2	0.000000000000	0.414813333333	0.000000000000	0.006884601548	12000
0	1	0.000000000000	0.100000000000	3	0.000000000000	0.409475555556	0.000000000000	0.007984309679	12000
0	1	0.000000000000	0.100000000000	4	0.000000000000	0.418653333333	0.000000000000	0.007374891597	24000
0	1	0.000000000000	0.100000000000	5	0.000000000000	0.412757777778	0.000000000000	0.007841129098	30000
0	2	0.000000000000	0.200000000000	1	0.000000000000	0.411882222222	0.000000000000	0.007306821573	6000
0	2	0.000000000000	0.200000000000	2	0.000000000000	0.414417777778	0.000000000000	0.006759029482	4000
0	2	0.000000000000	0.200000000000	3	0.000000000000	0.412920000000	0.000000000000	0.006304790831	30000
0	2	0.000000000000	0.200000000000	4	0.000000000000	0.412308888889	0.000000000000	0.007487877555	20000
0	2	0.000000000000	0.200000000000	5	0.000000000000	0.417902222222	0.000000000000	0.006050110203	4000
0	3	0.000000000000	0.300000000000	1	0.000000000000	0.419388888889	0.000000000000	0.007611916619	30000
0	3	0.000000000000	0.300000000000	2	0.000000000000	0.412111111111	0.000000000000	0.006685362877	6000
0	3	0.000000000000	0.300000000000	3	0.000000000000	0.416197777778	0.000000000000	0.006640842357	14000
0	3	0.000000000000	0.300000000000	4	0.000000000000	0.416742222222	0.000000000000	0.007759673226	4000
0	3	0.000000000000	0.300000000000	5	0.000000000000	0.413575555556	0.000000000000	0.007415117442	8000
0	4	0.000000000000	0.400000000000	1	0.000000000000	0.412577777778	0.000000000000	0.006890327453	6000
0	4	0.000000000000	0.400000000000	2	0.000000000000	0.416762222222	0.000000000000	0.008284463832	28000
0	4	0.000000000000	0.400000000000	3	0.000000000000	0.417240000000	0.000000000000	0.007389178772	6000
0	4	0.000000000000	0.400000000000	4	0.000000000000	0.418484444444	0.000000000000	0.007114973648	6000
0	4	0.000000000000	0.400000000000	5	0.000000000000	0.415362222222	0.000000000000	0.006912900129	30000
0	5	0.000000000000	0.500000000000	1	0.000000000000	0.416113333333	0.000000000000	0.005388547013	14000
0	5	0.000000000000	0.500000000000	2	0.000000000000	0.411566666667	0.000000000000	0.006708051947	12000
0	5	0.000000000000	0.500000000000	3	0.000000000000	0.418464444444	0.000000000000	0.006395910268	24000
0	5	0.000000000000	0.500000000000	4	0.000000000000	0.417035555556	0.000000000000	0.007525401236	8000
0	5	0.000000000000	0.500000000000	5	0.000000000000	0.413693333333	0.000000000000	0.007712039585	6000
0	6	0.000000000000	0.600000000000	1	0.000000000000	0.415868888889	0.000000000000	0.006975432009	30000
0	6	0.000000000000	0.600000000000	2	0.000000000000	0.415657777778	0.000000000000	0.006998342591	22000
0	6	0.000000000000	0.600000000000	3	0.000000000000	0.413808888889	0.000000000000	0.007143169590	10000
0	6	0.000000000000	0.600000000000	4	0.000000000000	0.410302222222	0.000000000000	0.007204255949	22000
0	6	0.000000000000	0.600000000000	5	0.000000000000	0.415431111111	0.000000000000	0.008336425186	22000
0	7	0.000000000000	0.700000000000	1	0.000000000000	0.415286666667	0.000000000000	0.007501029642	12000
0	7	0.000000000000	0.700000000000	2	0.000000000000	0.414313333333	0.000000000000	0.008009719562	12000
0	7	0.000000000000	0.700000000000	3	0.000000000000	0.412822222222	0.000000000000	0.008124484095	8000
0	7	0.000000000000	0.700000000000	4	0.000000000000	0.415400000000	0.000000000000	0.007673273489	8000
0	7	0.000000000000	0.700000000000	5	0.000000000000	0.418862222222	0.000000000000	0.006697314346	30000
0	8	0.000000000000	0.800000000000	1	0.000000000000	0.413506666667	0.000000000000	0.008082031019	30000
0	8	0.000000000000	0.800000000000	2	0.000000000000	0.413177777778	0.000000000000	0.008703749849	6000
0	8	0.000000000000	0.800000000000	3	0.000000000000	0.415955555556	0.000000000000	0.007418610147	16000
0	8	0.000000000000	0.800000000000	4	0.000000000000	0.416691111111	0.000000000000	0.007582149446	14000
0	8	0.000000000000	0.800000000000	5	0.000000000000	0.411362222222	0.000000000000	0.008874482542	6000
0	9	0.000000000000	0.900000000000	1	0.000000000000	0.414328888889	0.000000000000	0.006628107822	8000
0	9	0.000000000000	0.900000000000	2	0.000000000000	0.417453333333	0.000000000000	0.006818311618	30000
0	9	0.000000000000	0.900000000000	3	0.000000000000	0.415682222222	0.000000000000	0.006158174505	30000
0	9	0.000000000000	0.900000000000	4	0.000000000000	0.412282222222	0.000000000000	0.007759172179	8000
0	9	0.000000000000	0.900000000000	5	0.000000000000	0.416048888889	0.000000000000	0.006732230894	20000
0	10	0.000000000000	1.000000000000	1	0.000000000000	1.000000000000	0.000000000000	0.000000000000	4000
0	10	0.000000000000	1.000000000000	2	0.000000000000	1.000000000000	0.000000000000	0.000000000000	4000
0	10	0.000000000000	1.000000000000	3	0.000000000000	1.000000000000	0.000000000000	0.000000000000	4000
0	10	0.000000000000	1.000000000000	4	0.000000000000	1.000000000000	0.000000000000	0.000000000000	4000
0	10	0.000000000000	1.000000000000	5	0.000000000000	1.000000000000	0.000000000000	0.000000000000	4000
1	0	0.100000000000	0.000000000000	1	0.414431111111	0.000000000000	0.007575002289	0.000000000000	10000
1	0	0.100000000000	0.000000000000	2	0.414964444444	0.000000000000	0.006388844255	0.000000000000	14000
1	0	0.100000000000	0.000000000000	3	0.409248888889	0.000000000000	0.006919448865	0.000000000000	30000
1	0	0.100000000000	0.000000000000	4	0.418186666667	0.000000000000	0.005465127241	0.000000000000	30000
1	0	0.100000000000	0.000000000000	5	0.413622222222	0.000000000000	0.006716199041	0.000000000000	22000
1	1	0.100000000000	0.100000000000	1	0.230704444444	0.239788888889	0.008303345294	0.011951527595	30000
1	1	0.100000000000	0.100000000000	2	0.249686666667	0.216980000000	0.012022486830	0.012023309130	30000
1	1	0.100000000000	0.100000000000	3	0.247206666667	0.223417777778	0.010788544570	0.010551953328	14000
1	1	0.100000000000	0.100000000000	4	0.235746666667	0.229557777778	0.024313620865	0.022659734820	30000
1	1	0.100000000000	0.100000000000	5	0.227591111111	0.244417777778	0.010760327314	0.010069484126	30000
1	2	0.100000000000	0.200000000000	1	0.237082222222	0.229113333333	0.014942564152	0.010497528013	30000
1	2	0.100000000000	0.200000000000	2	0.242262222222	0.225228888889	0.012384126186	0.009194606715	30000
1	2	0.100000000000	0.200000000000	3	0.236946666667	0.232802222222	0.015077111449	0.012891864510	30000
1	2	0.100000000000	0.200000000000	4	0.240495555556	0.224166666667	0.009830876490	0.009332013137	18000
1	2	0.100000000000	0.200000000000	5	0.227951111111	0.238704444444	0.015335513458	0.012721884495	30000
1	3	0.100000000000	0.300000000000	1	0.228922222222	0.238584444444	0.007207435905	0.008947430128	30000
1	3	0.100000000000	0.300000000000	2	0.236200000000	0.237815555556	0.011165454914	0.011138152169	30000
1	3	0.100000000000	0.300000000000	3	0.233371111111	0.232177777778	0.008329854611	0.012856870781	30000
1	3	0.100000000000	0.300000000000	4	0.238282222222	0.229524444444	0.008108762456	0.008683594145	30000
1	3	0.100000000000	0.300000000000	5	0.234588888889	0.233006666667	0.008600532213	0.008488767592	18000
1	4	0.100000000000	0.400000000000	1	0.237837777778	0.234940000000	0.010128811380	0.008328537084	30000
1	4	0.100000000000	0.400000000000	2	0.249648888889	0.212906666667	0.008008027461	0.011025391962	20000
1	4	0.100000000000	0.400000000000	3	0.222331111111	0.240137777778	0.014629572442	0.013555075285	30000
1	4	0.100000000000	0.400000000000	4	0.223873333333	0.247857777778	0.009272916455	0.008466993642	18000
1	4	0.100000000000	0.400000000000	5	0.225988888889	0.246013333333	0.008005847848	0.008932039630	30000
1	5	0.100000000000	0.500000000000	1	0.237171111111	0.227791111111	0.014663638242	0.016195576149	30000
1	5	0.100000000000	0.500000000000	2	0.234108888889	0.231151111111	0.009724183256	0.011323665079	30000
1	5	0.100000000000	0.500000000000	3	0.251126666667	0.221291111111	0.016659725096	0.012427511041	30000
1	5	0.100000000000	0.500000000000	4	0.234480000000	0.233251111111	0.007723564655	0.008734515069	30000
1	5	0.100000000000	0.500000000000	5	0.240473333333	0.228788888889	0.009919567035	0.009913920349	30000
1	6	0.100000000000	0.600000000000	1	0.242500000000	0.224355555556	0.014211849564	0.012972616645	30000
1	6	0.100000000000	0.600000000000	2	0.247615555556	0.220682222222	0.014810922245	0.019809240045	10000
1	6	0.100000000000	0.600000000000	3	0.235231111111	0.234402222222	0.011211576499	0.009620035517	30000
1	6	0.100000000000	0.600000000000	4	0.240433333333	0.230693333333	0.011369256825	0.011079848356	30000
1	6	0.100000000000	0.600000000000	5	0.239657777778	0.230237777778	0.008399462232	0.008538457465	30000
1	7	0.100000000000	0.700000000000	1	0.229326666667	0.236751111111	0.011459598119	0.009354017893	30000
1	7	0.100000000000	0.700000000000	2	0.247742222222	0.217986666667	0.010397444044	0.011728412061	30000
1	7	0.100000000000	0.700000000000	3	0.245833333333	0.219222222222	0.013844495842	0.012379300232	30000
1	7	0.100000000000	0.700000000000	4	0.235342222222	0.233748888889	0.010146003198	0.012000657224	30000
1	7	0.100000000000	0.700000000000	5	0.230326666667	0.234713333333	0.009159054989	0.011866723861	30000
1	8	0.100000000000	0.800000000000	1	0.230731111111	0.236986666667	0.007043359469	0.008561212014	14000
1	8	0.100000000000	0.800000000000	2	0.235124444444	0.229631111111	0.011827712320	0.013585362097	18000
1	8	0.100000000000	0.800000000000	3	0.253208888889	0.212884444444	0.012374779983	0.013814259915	30000
1	8	0.100000000000	0.800000000000	4	0.229382222222	0.239671111111	0.016286695385	0.014124402226	30000
1	8	0.100000000000	0.800000000000	5	0.227002222222	0.245228888889	0.018908042001	0.019485642486	30000
1	9	0.100000000000	0.900000000000	1	0.225624444444	0.236302222222	0.008976610583	0.008056666053	30000
1	9	0.100000000000	0.900000000000	2	0.243571111111	0.230395555556	0.009207006649	0.008627658478	30000
1	9	0.100000000000	0.900000000000	3	0.252400000000	0.212148888889	0.010729194258	0.009085499674	26000
1	9	0.100000000000	0.900000000000	4	0.223455555556	0.244742222222	0.007575332155	0.008793291972	30000
1	9	0.100000000000	0.900000000000	5	0.231344444444	0.237826666667	0.013673048705	0.014530048604	30000
1	10	0.100000000000	1.000000000000	1	0.000000000000	1.000000000000	0.000000000000	0.000000000000	6000
1	10	0.100000000000	1.000000000000	2	0.000000000000	1.000000000000	0.000000000000	0.000000000000	6000
1	10	0.100000000000	1.000000000000	3	0.000000000000	1.000000000000	0.000000000000	0.000000000000	6000
1	10	0.100000000000	1.000000000000	4	0.000000000000	1.000000000000	0.000000000000	0.000000000000	6000
1	10	0.100000000000	1.000000000000	5	0.000000000000	1.000000000000	0.000000000000	0.000000000000	6000
2	0	0.200000000000	0.000000000000	1	0.411631111111	0.000000000000	0.007879906566	0.000000000000	4000
2	0	0.200000000000	0.000000000000	2	0.415871111111	0.000000000000	0.007589303551	0.000000000000	30000
2	0	0.200000000000	0.000000000000	3	0.414713333333	0.000000000000	0.006315740257	0.000000000000	4000
2	0	0.200000000000	0.000000000000	4	0.414382222222	0.000000000000	0.008087319891	0.000000000000	30000
2	0	0.200000000000	0.000000000000	5	0.414231111111	0.000000000000	0.007015591367	0.000000000000	14000
2	1	0.200000000000	0.100000000000	1	0.234297777778	0.238224444444	0.010218063595	0.008856184693	30000
2	1	0.200000000000	0.100000000000	2	0.239284444444	0.223075555556	0.008888420631	0.010142046296	30000
2	1	0.200000000000	0.100000000000	3	0.232006666667	0.232251111111	0.011944207849	0.012298441025	30000
2	1	0.200000000000	0.100000000000	4	0.223660000000	0.249406666667	0.010432719526	0.010114267255	8000
2	1	0.200000000000	0.100000000000	5	0.220084444444	0.241893333333	0.012940980646	0.012891906113	30000
2	2	0.200000000000	0.200000000000	1	0.247204444444	0.217982222222	0.014103272313	0.013691395062	30000
2	2	0.200000000000	0.200000000000	2	0.233968888889	0.234617777778	0.011675405787	0.012590024272	30000
2	2	0.200000000000	0.200000000000	3	0.233715555556	0.235928888889	0.014756712222	0.013803266452	30000
2	2	0.200000000000	0.200000000000	4	0.239386666667	0.226237777778	0.010275514515	0.010223893080	30000
2	2	0.200000000000	0.200000000000	5	0.223906666667	0.242051111111	0.012010828170	0.012016924960	30000
2	3	0.200000000000	0.300000000000	1	0.228560000000	0.240066666667	0.008795554927	0.011431721852	30000
2	3	0.200000000000	0.300000000000	2	0.245633333333	0.222308888889	0.009137004042	0.008149506666	30000
2	3	0.200000000000	0.300000000000	3	0.256331111111	0.212237777778	0.015827453400	0.015342286696	30000
2	3	0.200000000000	0.300000000000	4	0.235875555556	0.233795555556	0.008757584309	0.009680759514	30000
2	3	0.200000000000	0.300000000000	5	0.247360000000	0.221755555556	0.013269907349	0.013185683802	22000
2	4	0.200000000000	0.400000000000	1	0.231555555556	0.238464444444	0.008081445056	0.007676628778	30000
2	4	0.200000000000	0.400000000000	2	0.223560000000	0.249780000000	0.011322337925	0.014260604524	30000
2	4	0.200000000000	0.400000000000	3	0.219644444444	0.248704444444	0.015007818540	0.017404902737	20000
2	4	0.200000000000	0.400000000000	4	0.249304444444	0.217233333333	0.012085622232	0.010147998362	30000
2	4	0.200000000000	0.400000000000	5	0.220166666667	0.252748888889	0.011387155994	0.011571558565	30000
2	5	0.200000000000	0.500000000000	1	0.238873333333	0.232151111111	0.013673767408	0.014539819447	30000
2	5	0.200000000000	0.500000000000	2	0.234057777778	0.232642222222	0.006379738748	0.008191494193	30000
2	5	0.200000000000	0.500000000000	3	0.217608888889	0.247673333333	0.011231298369	0.010062593067	30000
2	5	0.200000000000	0.500000000000	4	0.235215555556	0.229780000000	0.010549853227	0.010767504079	30000
2	5	0.200000000000	0.500000000000	5	0.249688888889	0.221095555556	0.009649475200	0.009104804793	30000
2	6	0.200000000000	0.600000000000	1	0.245935555556	0.223088888889	0.011271396221	0.012359398450	30000
2	6	0.200000000000	0.600000000000	2	0.232006666667	0.235031111111	0.010768053132	0.007573807992	30000
2	6	0.200000000000	0.600000000000	3	0.235657777778	0.232524444444	0.010608795483	0.010024131834	10000
2	6	0.200000000000	0.600000000000	4	0.246375555556	0.227908888889	0.010994570448	0.007860207653	30000
2	6	0.200000000000	0.600000000000	5	0.243004444444	0.222686666667	0.009836613311	0.011095600118	30000
2	7	0.200000000000	0.700000000000	1	0.235711111111	0.233455555556	0.008154242875	0.007325531824	30000
2	7	0.200000000000	0.700000000000	2	0.215857777778	0.253548888889	0.010036945063	0.010279787189	30000
2	7	0.200000000000	0.700000000000	3	0.236097777778	0.231080000000	0.011915591035	0.012694401689	30000
2	7	0.200000000000	0.700000000000	4	0.253904444444	0.217968888889	0.011486044494	0.010578633314	30000
2	7	0.200000000000	0.700000000000	5	0.228917777778	0.241048888889	0.012514198069	0.010873267061	30000
2	8	0.200000000000	0.800000000000	1	0.229931111111	0.235362222222	0.009840869592	0.009911540679	30000
2	8	0.200000000000	0.800000000000	2	0.252362222222	0.211915555556	0.009805894549	0.012083766179	30000
2	8	0.200000000000	0.800000000000	3	0.226277777778	0.243806666667	0.010290068763	0.008974295238	30000
2	8	0.200000000000	0.800000000000	4	0.228622222222	0.236333333333	0.009874607752	0.008751439814	20000
2	8	0.200000000000	0.800000000000	5	0.243808888889	0.222500000000	0.015340716396	0.015872079592	30000
2	9	0.200000000000	0.900000000000	1	0.219900000000	0.247675555556	0.013739229263	0.015391814059	30000
2	9	0.200000000000	0.900000000000	2	0.234497777778	0.233980000000	0.013569885452	0.014347366602	30000
2	9	0.200000000000	0.900000000000	3	0.246228888889	0.225031111111	0.009900252906	0.010289090889	30000
2	9	0.200000000000	0.900000000000	4	0.233240000000	0.233873333333	0.011812630297	0.012909887244	10000
2	9	0.200000000000	0.900000000000	5	0.224944444444	0.238053333333	0.016693135102	0.014590667359	8000
2	10	0.200000000000	1.000000000000	1	0.000000000000	1.000000000000	0.000000000000	0.000000000000	6000
2	10	0.200000000000	1.000000000000	2	0.000000000000	1.000000000000	0.000000000000	0.000000000000	6000
2	10	0.200000000000	1.000000000000	3	0.000000000000	1.000000000000	0.000000000000	0.000000000000	6000
2	10	0.200000000000	1.000000000000	4	0.000000000000	1.000000000000	0.000000000000	0.000000000000	6000
2	10	0.200000000000	1.000000000000	5	0.000000000000	1.000000000000	0.000000000000	0.000000000000	6000
3	0	0.300000000000	0.000000000000	1	0.414551111111	0.000000000000	0.007092992154	0.000000000000	22000
3	0	0.300000000000	0.000000000000	2	0.415877777778	0.000000000000	0.008455680669	0.000000000000	14000
3	0	0.300000000000	0.000000000000	3	0.414177777778	0.000000000000	0.007817035520	0.000000000000	24000
3	0	0.300000000000	0.000000000000	4	0.415657777778	0.000000000000	0.008618362517	0.000000000000	18000
3	0	0.300000000000	0.000000000000	5	0.417706666667	0.000000000000	0.008289481924	0.000000000000	22000
3	1	0.300000000000	0.100000000000	1	0.223962222222	0.242891111111	0.009760895578	0.007513553459	30000
3	1	0.300000000000	0.100000000000	2	0.244246666667	0.221886666667	0.007542668618	0.009585690417	12000
3	1	0.300000000000	0.100000000000	3	0.224404444444	0.242537777778	0.013345131769	0.011811291121	8000
3	1	0.300000000000	0.100000000000	4	0.227002222222	0.242664444444	0.013396616772	0.012990323192	30000
3	1	0.300000000000	0.100000000000	5	0.230693333333	0.238340000000	0.011862411045	0.009355718055	30000
3	2	0.300000000000	0.200000000000	1	0.232108888889	0.236946666667	0.007931851446	0.010622355409	30000
3	2	0.300000000000	0.200000000000	2	0.244120000000	0.225686666667	0.011420816407	0.012275244994	30000
3	2	0.300000000000	0.200000000000	3	0.246142222222	0.221515555556	0.013251575982	0.012449257058	30000
3	2	0.300000000000	0.200000000000	4	0.236751111111	0.229700000000	0.009593514577	0.008568862276	30000
3	2	0.300000000000	0.200000000000	5	0.248097777778	0.215968888889	0.008006245785	0.006754474564	30000
3	3	0.300000000000	0.300000000000	1	0.237300000000	0.230062222222	0.007240964533	0.009739425903	8000
3	3	0.300000000000	0.300000000000	2	0.244453333333	0.222760000000	0.016212052704	0.017572420305	30000
3	3	0.300000000000	0.300000000000	3	0.237046666667	0.231637777778	0.010088342709	0.009218885887	30000
3	3	0.300000000000	0.300000000000	4	0.234328888889	0.234471111111	0.013939666228	0.012940846952	30000
3	3	0.300000000000	0.300000000000	5	0.246355555556	0.220284444444	0.010510140610	0.010857434726	30000
3	4	0.300000000000	0.400000000000	1	0.245788888889	0.221653333333	0.012004146435	0.011658513127	12000
3	4	0.300000000000	0.400000000000	2	0.235088888889	0.232186666667	0.011459966711	0.008554419135	30000
3	4	0.300000000000	0.400000000000	3	0.225491111111	0.244264444444	0.008143948625	0.008336892133	30000
3	4	0.300000000000	0.400000000000	4	0.253453333333	0.218331111111	0.015573354293	0.014343348725	30000
3	4	0.300000000000	0.400000000000	5	0.228182222222	0.239620000000	0.010439465703	0.011004439347	30000
3	5	0.300000000000	0.500000000000	1	0.220266666667	0.247524444444	0.009449457933	0.008677557901	30000
3	5	0.300000000000	0.500000000000	2	0.246297777778	0.223580000000	0.010108335427	0.009213213235	30000
3	5	0.300000000000	0.500000000000	3	0.248048888889	0.223926666667	0.011275859248	0.012171756766	30000
3	5	0.300000000000	0.500000000000	4	0.244360000000	0.216146666667	0.012667651239	0.012143403453	30000
3	5	0.300000000000	0.500000000000	5	0.242115555556	0.227946666667	0.009458371904	0.008430578270	30000
3	6	0.300000000000	0.600000000000	1	0.233515555556	0.231628888889	0.012000089801	0.011349617016	30000
3	6	0.300000000000	0.600000000000	2	0.231531111111	0.236686666667	0.012709088220	0.014860776053	28000
3	6	0.300000000000	0.600000000000	3	0.256366666667	0.213151111111	0.012033512484	0.009945855221	26000
3	6	0.300000000000	0.600000000000	4	0.256242222222	0.208017777778	0.013417507445	0.012993545316	30000
3	6	0.300000000000	0.600000000000	5	0.234457777778	0.236931111111	0.010328808464	0.009293387621	30000
3	7	0.300000000000	0.700000000000	1	0.242486666667	0.226060000000	0.011899894079	0.011351742253	20000
3	7	0.300000000000	0.700000000000	2	0.228535555556	0.239140000000	0.011160986713	0.012740157004	30000
3	7	0.300000000000	0.700000000000	3	0.232417777778	0.233673333333	0.012264314331	0.011971697821	30000
3	7	0.300000000000	0.700000000000	4	0.244000000000	0.223151111111	0.010898873892	0.011098263287	30000
3	7	0.300000000000	0.700000000000	5	0.213657777778	0.250488888889	0.008925706201	0.007369807810	30000
3	8	0.300000000000	0.800000000000	1	0.239440000000	0.227586666667	0.008636299962	0.008704744824	30000
3	8	0.300000000000	0.800000000000	2	0.230815555556	0.232204444444	0.008708352077	0.010876158066	30000
3	8	0.300000000000	0.800000000000	3	0.233302222222	0.229588888889	0.011440086831	0.012629981394	30000
3	8	0.300000000000	0.800000000000	4	0.225326666667	0.238793333333	0.014561971670	0.014649418917	30000
3	8	0.300000000000	0.800000000000	5	0.230846666667	0.237844444444	0.015189919101	0.015826813289	30000
3	9	0.300000000000	0.900000000000	1	0.232135555556	0.237388888889	0.011978485762	0.011249362342	30000
3	9	0.300000000000	0.900000000000	2	0.231828888889	0.235395555556	0.009056006336	0.010670340079	8000
3	9	0.300000000000	0.900000000000	3	0.232026666667	0.233155555556	0.014473932069	0.014740487554	30000
3	9	0.300000000000	0.900000000000	4	0.229488888889	0.241931111111	0.009425232509	0.010429271453	30000
3	9	0.300000000000	0.900000000000	5	0.226791111111	0.241313333333	0.010254094312	0.011996061053	30000
3	10	0.300000000000	1.000000000000	1	0.000000000000	1.000000000000	0.000000000000	0.000000000000	6000
3	10	0.300000000000	1.000000000000	2	0.000000000000	1.000000000000	0.000000000000	0.000000000000	6000
3	10	0.300000000000	1.000000000000	3	0.000000000000	1.000000000000	0.000000000000	0.000000000000	6000
3	10	0.300000000000	1.000000000000	4	0.000000000000	1.000000000000	0.000000000000	0.000000000000	6000
3	10	0.300000000000	1.000000000000	5	0.000000000000	1.000000000000	0.000000000000	0.000000000000	6000
4	0	0.400000000000	0.000000000000	1	0.412166666667	0.000000000000	0.006353982148	0.000000000000	12000
4	0	0.400000000000	0.000000000000	2	0.415844444444	0.000000000000	0.006562829043	0.000000000000	14000
4	0	0.400000000000	0.000000000000	3	0.417306666667	0.000000000000	0.007841487484	0.000000000000	12000
4	0	0.400000000000	0.000000000000	4	0.415262222222	0.000000000000	0.007426260958	0.000000000000	16000
4	0	0.400000000000	0.000000000000	5	0.414688888889	0.000000000000	0.007943839504	0.000000000000	8000
4	1	0.400000000000	0.100000000000	1	0.241353333333	0.224068888889	0.011311969195	0.013571527337	30000
4	1	0.400000000000	0.100000000000	2	0.237615555556	0.231300000000	0.013807544418	0.012465307955	30000
4	1	0.400000000000	0.100000000000	3	0.222333333333	0.248120000000	0.008062920668	0.008240830605	30000
4	1	0.400000000000	0.100000000000	4	0.241957777778	0.228104444444	0.010814375782	0.009574904430	30000
4	1	0.400000000000	0.100000000000	5	0.213637777778	0.253477777778	0.014092892780	0.013634092602	30000
4	2	0.400000000000	0.200000000000	1	0.245422222222	0.223544444444	0.013300370778	0.012465149331	30000
4	2	0.400000000000	0.200000000000	2	0.256382222222	0.208853333333	0.012395684381	0.011879710335	30000
4	2	0.400000000000	0.200000000000	3	0.257148888889	0.213642222222	0.012592575124	0.010915116894	30000
4	2	0.400000000000	0.200000000000	4	0.236700000000	0.229800000000	0.010976557101	0.008796061848	30000
4	2	0.400000000000	0.200000000000	5	0.241884444444	0.224300000000	0.008533924645	0.008999636804	30000
4	3	0.400000000000	0.300000000000	1	0.241535555556	0.229546666667	0.008977844015	0.010452126373	30000
4	3	0.400000000000	0.300000000000	2	0.236026666667	0.233582222222	0.010440928754	0.008507400442	30000
4	3	0.400000000000	0.300000000000	3	0.227413333333	0.240422222222	0.015838053862	0.015404657618	30000
4	3	0.400000000000	0.300000000000	4	0.237784444444	0.230582222222	0.010617437048	0.009878550680	30000
4	3	0.400000000000	0.300000000000	5	0.233851111111	0.230462222222	0.011962428567	0.012121705965	30000
4	4	0.400000000000	0.400000000000	1	0.231633333333	0.232097777778	0.013338481007	0.012859804801	30000
4	4	0.400000000000	0.400000000000	2	0.229206666667	0.234908888889	0.009728592635	0.012525941692	30000
4	4	0.400000000000	0.400000000000	3	0.234691111111	0.235797777778	0.010135009481	0.013947079788	30000
4	4	0.400000000000	0.400000000000	4	0.219237777778	0.243166666667	0.010217992722	0.010477160016	30000
4	4	0.400000000000	0.400000000000	5	0.247026666667	0.216422222222	0.012466097279	0.010641830538	18000
4	5	0.400000000000	0.500000000000	1	0.225395555556	0.244842222222	0.012027563018	0.013473287466	30000
4	5	0.400000000000	0.500000000000	2	0.236580000000	0.226280000000	0.008485007274	0.008748678411	30000
4	5	0.400000000000	0.500000000000	3	0.225820000000	0.242644444444	0.009575278201	0.013067437331	14000
4	5	0.400000000000	0.500000000000	4	0.225026666667	0.240902222222	0.010987265761	0.009469723899	30000
4	5	0.400000000000	0.500000000000	5	0.227924444444	0.238620000000	0.010925972639	0.009541020675	30000
4	6	0.400000000000	0.600000000000	1	0.220731111111	0.246073333333	0.012297421667	0.013009395082	30000
4	6	0.400000000000	0.600000000000	2	0.240484444444	0.227942222222	0.009949134963	0.009520576515	30000
4	6	0.400000000000	0.600000000000	3	0.221500000000	0.242977777778	0.014466607741	0.013940216579	8000
4	6	0.400000000000	0.600000000000	4	0.232446666667	0.240915555556	0.012630377472	0.011325974132	24000
4	6	0.400000000000	0.600000000000	5	0.220680000000	0.248275555556	0.011545584877	0.012977459648	30000
4	7	0.400000000000	0.700000000000	1	0.243884444444	0.227724444444	0.013473569419	0.012143847152	30000
4	7	0.400000000000	0.700000000000	2	0.228866666667	0.239880000000	0.011480222089	0.007806747770	30000
4	7	0.400000000000	0.700000000000	3	0.249495555556	0.219491111111	0.013174539347	0.014714468130	30000
4	7	0.400000000000	0.700000000000	4	0.240466666667	0.227662222222	0.008271251343	0.008195420852	30000
4	7	0.400000000000	0.700000000000	5	0.231433333333	0.237888888889	0.010340290759	0.009698809536	30000
4	8	0.400000000000	0.800000000000	1	0.235222222222	0.232684444444	0.009530689583	0.011173163619	30000
4	8	0.400000000000	0.800000000000	2	0.258488888889	0.210637777778	0.009944941670	0.007984720452	28000
4	8	0.400000000000	0.800000000000	3	0.226977777778	0.243000000000	0.009377727280	0.009839478332	30000
4	8	0.400000000000	0.800000000000	4	0.238460000000	0.231042222222	0.009270197343	0.008571822319	30000
4	8	0.400000000000	0.800000000000	5	0.229782222222	0.239031111111	0.010569702571	0.011320222014	30000
4	9	0.400000000000	0.900000000000	1	0.241586666667	0.222971111111	0.008710875725	0.011070201856	24000
4	9	0.400000000000	0.900000000000	2	0.236046666667	0.227944444444	0.010532166279	0.012945910897	30000
4	9	0.400000000000	0.900000000000	3	0.254377777778	0.214128888889	0.009397394696	0.007336273732	30000
4	9	0.400000000000	0.900000000000	4	0.237197777778	0.223904444444	0.012875558135	0.009738089694	12000
4	9	0.400000000000	0.900000000000	5	0.225657777778	0.245042222222	0.013700841805	0.014676134193	30000
4	10	0.400000000000	1.000000000000	1	0.000000000000	1.000000000000	0.000000000000	0.000000000000	6000
4	10	0.400000000000	1.000000000000	2	0.000000000000	1.000000000000	0.000000000000	0.000000000000	6000
4	10	0.400000000000	1.000000000000	3	0.000000000000	1.000000000000	0.000000000000	0.000000000000	6000
4	10	0.400000000000	1.000000000000	4	0.000000000000	1.000000000000	0.000000000000	0.000000000000	6000
4	10	0.400000000000	1.000000000000	5	0.000000000000	1.000000000000	0.000000000000	0.000000000000	6000
5	0	0.500000000000	0.000000000000	1	0.412248888889	0.000000000000	0.006747317739	0.000000000000	12000
5	0	0.500000000000	0.000000000000	2	0.416826666667	0.000000000000	0.007553061147	0.000000000000	6000
5	0	0.500000000000	0.000000000000	3	0.414235555556	0.000000000000	0.008795855037	0.000000000000	18000
5	0	0.500000000000	0.000000000000	4	0.417591111111	0.000000000000	0.006314012251	0.000000000000	6000
5	0	0.500000000000	0.000000000000	5	0.413522222222	0.000000000000	0.006853416301	0.000000000000	10000
5	1	0.500000000000	0.100000000000	1	0.232342222222	0.239166666667	0.015661347048	0.014021885749	30000
5	1	0.500000000000	0.100000000000	2	0.222393333333	0.246344444444	0.010936244032	0.009792764876	22000
5	1	0.500000000000	0.100000000000	3	0.230304444444	0.233875555556	0.010306594255	0.012060735174	8000
5	1	0.500000000000	0.100000000000	4	0.243453333333	0.227446666667	0.016706264309	0.014354510544	18000
5	1	0.500000000000	0.100000000000	5	0.236755555556	0.231173333333	0.008455220282	0.009559617153	30000
5	2	0.500000000000	0.200000000000	1	0.240168888889	0.223851111111	0.015229794255	0.014646982440	30000
5	2	0.500000000000	0.200000000000	2	0.247766666667	0.220673333333	0.017158029555	0.014906819914	30000
5	2	0.500000000000	0.200000000000	3	0.244411111111	0.223853333333	0.016270306421	0.013887786676	30000
5	2	0.500000000000	0.200000000000	4	0.229982222222	0.238497777778	0.012114200147	0.010912703921	30000
5	2	0.500000000000	0.200000000000	5	0.232008888889	0.237213333333	0.010263711964	0.011953493919	30000
5	3	0.500000000000	0.300000000000	1	0.246748888889	0.220077777778	0.009241058120	0.008208221840	30000
5	3	0.500000000000	0.300000000000	2	0.233882222222	0.230702222222	0.016374971762	0.015066291393	30000
5	3	0.500000000000	0.300000000000	3	0.237771111111	0.229746666667	0.011544862784	0.012417874459	28000
5	3	0.500000000000	0.300000000000	4	0.242302222222	0.222920000000	0.012693798103	0.010860117837	30000
5	3	0.500000000000	0.300000000000	5	0.236062222222	0.229291111111	0.011134890803	0.012476102343	30000
5	4	0.500000000000	0.400000000000	1	0.231966666667	0.236724444444	0.009086550771	0.010214599199	30000
5	4	0.500000000000	0.400000000000	2	0.258555555556	0.214351111111	0.010166133181	0.012321411451	30000
5	4	0.500000000000	0.400000000000	3	0.234302222222	0.234553333333	0.010645082526	0.011331067006	30000
5	4	0.500000000000	0.400000000000	4	0.235488888889	0.232300000000	0.012466363746	0.011972355153	30000
5	4	0.500000000000	0.400000000000	5	0.262391111111	0.203368888889	0.009254579799	0.010059633608	30000
5	5	0.500000000000	0.500000000000	1	0.248400000000	0.218168888889	0.009836991208	0.008495645839	30000
5	5	0.500000000000	0.500000000000	2	0.246122222222	0.216433333333	0.012265668325	0.013609815536	30000
5	5	0.500000000000	0.500000000000	3	0.238897777778	0.231224444444	0.011770656136	0.008293483185	30000
5	5	0.500000000000	0.500000000000	4	0.229624444444	0.242966666667	0.007254831373	0.008417830612	30000
5	5	0.500000000000	0.500000000000	5	0.256555555556	0.212400000000	0.013523922387	0.015794688608	28000
5	6	0.500000000000	0.600000000000	1	0.237642222222	0.230960000000	0.013664605100	0.012878340695	30000
5	6	0.500000000000	0.600000000000	2	0.229660000000	0.236931111111	0.009350855852	0.009486068033	30000
5	6	0.500000000000	0.600000000000	3	0.236044444444	0.235215555556	0.008686837178	0.008421592751	22000
5	6	0.500000000000	0.600000000000	4	0.224382222222	0.242853333333	0.011962119675	0.010982763099	30000
5	6	0.500000000000	0.600000000000	5	0.254182222222	0.206566666667	0.018386056248	0.017836763312	14000
5	7	0.500000000000	0.700000000000	1	0.241104444444	0.228040000000	0.011701158899	0.012138279804	30000
5	7	0.500000000000	0.700000000000	2	0.229204444444	0.238713333333	0.010945001473	0.011960578814	30000
5	7	0.500000000000	0.700000000000	3	0.237844444444	0.228520000000	0.008514847390	0.009834187792	30000
5	7	0.500000000000	0.700000000000	4	0.244108888889	0.221966666667	0.012746551235	0.013352186093	30000
5	7	0.500000000000	0.700000000000	5	0.242433333333	0.223975555556	0.014511062722	0.013993319593	30000
5	8	0.500000000000	0.800000000000	1	0.227531111111	0.238235555556	0.014367569875	0.014596584872	30000
5	8	0.500000000000	0.800000000000	2	0.207733333333	0.259491111111	0.014280591490	0.010095640961	30000
5	8	0.500000000000	0.800000000000	3	0.222700000000	0.242393333333	0.010774979083	0.011417437058	30000
5	8	0.500000000000	0.800000000000	4	0.220791111111	0.246393333333	0.009713009824	0.008160536280	16000
5	8	0.500000000000	0.800000000000	5	0.244217777778	0.219786666667	0.011080504169	0.010807047183	30000
5	9	0.500000000000	0.900000000000	1	0.237808888889	0.231982222222	0.013911713689	0.013212355924	30000
5	9	0.500000000000	0.900000000000	2	0.252386666667	0.220028888889	0.013360466960	0.010833555006	30000
5	9	0.500000000000	0.900000000000	3	0.247948888889	0.215182222222	0.011885602386	0.015789394825	28000
5	9	0.500000000000	0.900000000000	4	0.257911111111	0.212931111111	0.012499884452	0.013340049286	30000
5	9	0.500000000000	0.900000000000	5	0.232126666667	0.237720000000	0.014247418004	0.013892071529	30000
5	10	0.500000000000	1.000000000000	1	0.000000000000	1.000000000000	0.000000000000	0.000000000000	6000
5	10	0.500000000000	1.000000000000	2	0.000000000000	1.000000000000	0.000000000000	0.000000000000	6000
5	10	0.500000000000	1.000000000000	3	0.000000000000	1.000000000000	0.000000000000	0.000000000000	6000
5	10	0.500000000000	1.000000000000	4	0.000000000000	1.000000000000	0.000000000000	0.000000000000	6000
5	10	0.500000000000	1.000000000000	5	0.000000000000	1.000000000000	0.000000000000	0.000000000000	6000
6	0	0.600000000000	0.000000000000	1	0.413566666667	0.000000000000	0.008200449428	0.000000000000	12000
6	0	0.600000000000	0.000000000000	2	0.411673333333	0.000000000000	0.007395716834	0.000000000000	26000
6	0	0.600000000000	0.000000000000	3	0.417471111111	0.000000000000	0.006740390931	0.000000000000	28000
6	0	0.600000000000	0.000000000000	4	0.417180000000	0.000000000000	0.007953397736	0.000000000000	14000
6	0	0.600000000000	0.000000000000	5	0.414042222222	0.000000000000	0.006707412281	0.000000000000	22000
6	1	0.600000000000	0.100000000000	1	0.243953333333	0.219982222222	0.015831975133	0.016847817812	30000
6	1	0.600000000000	0.100000000000	2	0.235735555556	0.229355555556	0.018220550962	0.017978774228	26000
6	1	0.600000000000	0.100000000000	3	0.247595555556	0.216991111111	0.013999464357	0.011066015483	20000
6	1	0.600000000000	0.100000000000	4	0.232184444444	0.240575555556	0.015287053190	0.012547155262	30000
6	1	0.600000000000	0.100000000000	5	0.235235555556	0.235382222222	0.010038855788	0.014020394620	30000
6	2	0.600000000000	0.200000000000	1	0.215244444444	0.251768888889	0.010694768898	0.012189141185	8000
6	2	0.600000000000	0.200000000000	2	0.251175555556	0.220373333333	0.019726896092	0.019330708052	6000
6	2	0.600000000000	0.200000000000	3	0.226244444444	0.246104444444	0.011156596920	0.010407719340	26000
6	2	0.600000000000	0.200000000000	4	0.246557777778	0.220128888889	0.025002438023	0.027857821367	30000
6	2	0.600000000000	0.200000000000	5	0.239084444444	0.225408888889	0.009848706852	0.009118284569	30000
6	3	0.600000000000	0.300000000000	1	0.237644444444	0.232822222222	0.013702017229	0.013166400223	30000
6	3	0.600000000000	0.300000000000	2	0.255191111111	0.217973333333	0.012774617996	0.013800128971	30000
6	3	0.600000000000	0.300000000000	3	0.228300000000	0.236982222222	0.010397213697	0.010992771206	18000
6	3	0.600000000000	0.300000000000	4	0.234286666667	0.229048888889	0.013707528437	0.011995462919	30000
6	3	0.600000000000	0.300000000000	5	0.242937777778	0.227926666667	0.013396638358	0.014052370917	30000
6	4	0.600000000000	0.400000000000	1	0.221551111111	0.245948888889	0.011137283379	0.010303102054	30000
6	4	0.600000000000	0.400000000000	2	0.232257777778	0.237673333333	0.010829656013	0.008841714157	8000
6	4	0.600000000000	0.400000000000	3	0.234348888889	0.235186666667	0.010611653030	0.013243019677	30000
6	4	0.600000000000	0.400000000000	4	0.246291111111	0.221351111111	0.013114739285	0.010961812202	30000
6	4	0.600000000000	0.400000000000	5	0.227135555556	0.242220000000	0.011505722953	0.010522972500	30000
6	5	0.600000000000	0.500000000000	1	0.229731111111	0.242966666667	0.008706094845	0.008373672432	30000
6	5	0.600000000000	0.500000000000	2	0.244635555556	0.220188888889	0.012829737050	0.015125173375	30000
6	5	0.600000000000	0.500000000000	3	0.246120000000	0.226826666667	0.014449189265	0.012480970277	26000
6	5	0.600000000000	0.500000000000	4	0.250080000000	0.217348888889	0.009116945432	0.008198573306	30000
6	5	0.600000000000	0.500000000000	5	0.246706666667	0.220775555556	0.013873975042	0.016926451827	30000
6	6	0.600000000000	0.600000000000	1	0.224137777778	0.243093333333	0.011914448476	0.013729036456	30000
6	6	0.600000000000	0.600000000000	2	0.214075555556	0.245828888889	0.011557583902	0.013573062862	30000
6	6	0.600000000000	0.600000000000	3	0.234957777778	0.229797777778	0.010904006675	0.010226785913	30000
6	6	0.600000000000	0.600000000000	4	0.237568888889	0.235284444444	0.008254280135	0.008791344443	30000
6	6	0.600000000000	0.600000000000	5	0.241762222222	0.224833333333	0.021707092608	0.021920809289	30000
6	7	0.600000000000	0.700000000000	1	0.242046666667	0.223133333333	0.008766468473	0.006386776524	30000
6	7	0.600000000000	0.700000000000	2	0.235833333333	0.232408888889	0.009858017744	0.009295277027	30000
6	7	0.600000000000	0.700000000000	3	0.250866666667	0.210793333333	0.007761283494	0.008231307674	30000
6	7	0.600000000000	0.700000000000	4	0.243937777778	0.227586666667	0.010202176745	0.009981904809	30000
6	7	0.600000000000	0.700000000000	5	0.224855555556	0.242231111111	0.011423000016	0.010708068540	30000
6	8	0.600000000000	0.800000000000	1	0.221764444444	0.249788888889	0.012207615867	0.011135991496	30000
6	8	0.600000000000	0.800000000000	2	0.246968888889	0.223208888889	0.016049870992	0.022296047319	30000
6	8	0.600000000000	0.800000000000	3	0.225984444444	0.244635555556	0.016068223996	0.013993341672	30000
6	8	0.600000000000	0.800000000000	4	0.228417777778	0.235120000000	0.008154835730	0.009649266188	30000
6	8	0.600000000000	0.800000000000	5	0.235975555556	0.231282222222	0.011029010211	0.012802056019	30000
6	9	0.600000000000	0.900000000000	1	0.232602222222	0.234848888889	0.011210711194	0.010365811477	30000
6	9	0.600000000000	0.900000000000	2	0.237048888889	0.230980000000	0.012737670634	0.012506036111	28000
6	9	0.600000000000	0.900000000000	3	0.229055555556	0.241744444444	0.013007811260	0.012419819090	30000
6	9	0.600000000000	0.900000000000	4	0.230162222222	0.235686666667	0.012043140774	0.012677590819	30000
6	9	0.600000000000	0.900000000000	5	0.216811111111	0.246600000000	0.008211834408	0.006771175066	30000
6	10	0.600000000000	1.000000000000	1	0.000000000000	1.000000000000	0.000000000000	0.000000000000	6000
6	10	0.600000000000	1.000000000000	2	0.000000000000	1.000000000000	0.000000000000	0.000000000000	6000
6	10	0.600000000000	1.000000000000	3	0.000000000000	1.000000000000	0.000000000000	0.000000000000	6000
6	10	0.600000000000	1.000000000000	4	0.000000000000	1.000000000000	0.000000000000	0.000000000000	6000
6	10	0.600000000000	1.000000000000	5	0.000000000000	1.000000000000	0.000000000000	0.000000000000	6000
7	0	0.700000000000	0.000000000000	1	0.409037777778	0.000000000000	0.007187427972	0.000000000000	16000
7	0	0.700000000000	0.000000000000	2	0.412815555556	0.000000000000	0.007501804592	0.000000000000	10000
7	0	0.700000000000	0.000000000000	3	0.415302222222	0.000000000000	0.007540677678	0.000000000000	12000
7	0	0.700000000000	0.000000000000	4	0.410415555556	0.000000000000	0.006516694849	0.000000000000	12000
7	0	0.700000000000	0.000000000000	5	0.417388888889	0.000000000000	0.007123132079	0.000000000000	30000
7	1	0.700000000000	0.100000000000	1	0.218406666667	0.248051111111	0.012417059777	0.014107378714	30000
7	1	0.700000000000	0.100000000000	2	0.227804444444	0.235057777778	0.010154056475	0.010379857427	30000
7	1	0.700000000000	0.100000000000	3	0.225802222222	0.244431111111	0.010405982754	0.012024510615	30000
7	1	0.700000000000	0.100000000000	4	0.220695555556	0.246697777778	0.007755272268	0.012215355651	30000
7	1	0.700000000000	0.100000000000	5	0.227226666667	0.238875555556	0.010437481499	0.011349454340	30000
7	2	0.700000000000	0.200000000000	1	0.238613333333	0.233797777778	0.009779795749	0.009232947333	30000
7	2	0.700000000000	0.200000000000	2	0.249144444444	0.222682222222	0.015672183822	0.013281728445	30000
7	2	0.700000000000	0.200000000000	3	0.230568888889	0.239326666667	0.011091399265	0.010117805091	30000
7	2	0.700000000000	0.200000000000	4	0.225906666667	0.237944444444	0.014737709928	0.015827168562	30000
7	2	0.700000000000	0.200000000000	5	0.224735555556	0.243895555556	0.009732475868	0.010551820986	22000
7	3	0.700000000000	0.300000000000	1	0.248682222222	0.219120000000	0.009132560184	0.010102157171	30000
7	3	0.700000000000	0.300000000000	2	0.242448888889	0.228202222222	0.013768452755	0.013583738260	30000
7	3	0.700000000000	0.300000000000	3	0.229168888889	0.243808888889	0.007800109035	0.007641998973	30000
7	3	0.700000000000	0.300000000000	4	0.228926666667	0.237508888889	0.009524258846	0.011390407841	30000
7	3	0.700000000000	0.300000000000	5	0.233566666667	0.235700000000	0.012374202951	0.012101306822	30000
7	4	0.700000000000	0.400000000000	1	0.243395555556	0.223671111111	0.012943398363	0.012946392192	8000
7	4	0.700000000000	0.400000000000	2	0.241600000000	0.226306666667	0.010644083163	0.011822568930	24000
7	4	0.700000000000	0.400000000000	3	0.230820000000	0.235964444444	0.010266373777	0.009885750796	30000
7	4	0.700000000000	0.400000000000	4	0.240311111111	0.230713333333	0.017843333696	0.014926333524	12000
7	4	0.700000000000	0.400000000000	5	0.226102222222	0.243168888889	0.015176024321	0.016989899247	30000
7	5	0.700000000000	0.500000000000	1	0.228922222222	0.244331111111	0.018382923666	0.014610266072	30000
7	5	0.700000000000	0.500000000000	2	0.229231111111	0.226373333333	0.009059720897	0.008487947931	30000
7	5	0.700000000000	0.500000000000	3	0.226746666667	0.240300000000	0.009553277554	0.009322844735	30000
7	5	0.700000000000	0.500000000000	4	0.236364444444	0.239002222222	0.012344912355	0.015198143677	6000
7	5	0.700000000000	0.500000000000	5	0.232226666667	0.238104444444	0.006483600778	0.009157165816	30000
7	6	0.700000000000	0.600000000000	1	0.225533333333	0.241053333333	0.008889973241	0.009794114824	30000
7	6	0.700000000000	0.600000000000	2	0.223864444444	0.242977777778	0.013967932832	0.013202636792	30000
7	6	0.700000000000	0.600000000000	3	0.232084444444	0.234526666667	0.010694712509	0.010117179707	30000
7	6	0.700000000000	0.600000000000	4	0.234075555556	0.237366666667	0.012976434965	0.010174705684	30000
7	6	0.700000000000	0.600000000000	5	0.232082222222	0.231991111111	0.008456281619	0.008272830152	30000
7	7	0.700000000000	0.700000000000	1	0.247860000000	0.217588888889	0.011857404230	0.013006747163	30000
7	7	0.700000000000	0.700000000000	2	0.246031111111	0.225397777778	0.012141156219	0.017193283187	30000
7	7	0.700000000000	0.700000000000	3	0.237711111111	0.227731111111	0.011698435648	0.012658478251	12000
7	7	0.700000000000	0.700000000000	4	0.226340000000	0.245384444444	0.014744140902	0.014125447743	30000
7	7	0.700000000000	0.700000000000	5	0.233864444444	0.233164444444	0.014500141414	0.014089032670	30000
7	8	0.700000000000	0.800000000000	1	0.246424444444	0.219695555556	0.010859142589	0.009707146995	30000
7	8	0.700000000000	0.800000000000	2	0.228868888889	0.240415555556	0.012158389646	0.011471204459	30000
7	8	0.700000000000	0.800000000000	3	0.236311111111	0.232806666667	0.010934284198	0.010654580843	30000
7	8	0.700000000000	0.800000000000	4	0.249608888889	0.218737777778	0.010110922031	0.010402109778	10000
7	8	0.700000000000	0.800000000000	5	0.237324444444	0.233315555556	0.014866839584	0.015619446464	30000
7	9	0.700000000000	0.900000000000	1	0.239297777778	0.227797777778	0.013600944703	0.013297307761	30000
7	9	0.700000000000	0.900000000000	2	0.245082222222	0.226671111111	0.011124367801	0.011550214794	30000
7	9	0.700000000000	0.900000000000	3	0.244315555556	0.226782222222	0.011234909483	0.012432652468	14000
7	9	0.700000000000	0.900000000000	4	0.217946666667	0.245906666667	0.011330330805	0.011208567375	8000
7	9	0.700000000000	0.900000000000	5	0.231208888889	0.234893333333	0.011625734212	0.009284702048	30000
7	10	0.700000000000	1.000000000000	1	0.000000000000	1.000000000000	0.000000000000	0.000000000000	6000
7	10	0.700000000000	1.000000000000	2	0.000000000000	1.000000000000	0.000000000000	0.000000000000	6000
7	10	0.700000000000	1.000000000000	3	0.000000000000	1.000000000000	0.000000000000	0.000000000000	6000
7	10	0.700000000000	1.000000000000	4	0.000000000000	1.000000000000	0.000000000000	0.000000000000	6000
7	10	0.700000000000	1.000000000000	5	0.000000000000	1.000000000000	0.000000000000	0.000000000000	6000
8	0	0.800000000000	0.000000000000	1	0.415280000000	0.000000000000	0.006228758662	0.000000000000	10000
8	0	0.800000000000	0.000000000000	2	0.417068888889	0.000000000000	0.008084270193	0.000000000000	30000
8	0	0.800000000000	0.000000000000	3	0.414288888889	0.000000000000	0.007272410170	0.000000000000	10000
8	0	0.800000000000	0.000000000000	4	0.412728888889	0.000000000000	0.006212624277	0.000000000000	8000
8	0	0.800000000000	0.000000000000	5	0.412404444444	0.000000000000	0.006758085975	0.000000000000	12000
8	1	0.800000000000	0.100000000000	1	0.241564444444	0.224577777778	0.010844854318	0.007854508147	30000
8	1	0.800000000000	0.100000000000	2	0.260875555556	0.206333333333	0.012192867551	0.012295560599	30000
8	1	0.800000000000	0.100000000000	3	0.247375555556	0.219413333333	0.012849109432	0.011542574607	12000
8	1	0.800000000000	0.100000000000	4	0.223544444444	0.243635555556	0.012615335015	0.013272300158	30000
8	1	0.800000000000	0.100000000000	5	0.233891111111	0.233528888889	0.008489526908	0.011632576152	30000
8	2	0.800000000000	0.200000000000	1	0.235040000000	0.233348888889	0.010594409172	0.011706007680	30000
8	2	0.800000000000	0.200000000000	2	0.246100000000	0.222188888889	0.013242558868	0.015479384346	18000
8	2	0.800000000000	0.200000000000	3	0.245606666667	0.225384444444	0.009398544242	0.010207034168	30000
8	2	0.800000000000	0.200000000000	4	0.233082222222	0.235593333333	0.009562981546	0.010897674406	30000
8	2	0.800000000000	0.200000000000	5	0.235102222222	0.231873333333	0.007212101256	0.010547922592	30000
8	3	0.800000000000	0.300000000000	1	0.226535555556	0.244308888889	0.008432130471	0.011108058529	8000
8	3	0.800000000000	0.300000000000	2	0.227044444444	0.239306666667	0.013053281807	0.011312523503	30000
8	3	0.800000000000	0.300000000000	3	0.242151111111	0.227080000000	0.012324367859	0.014494945897	30000
8	3	0.800000000000	0.300000000000	4	0.226522222222	0.240911111111	0.011456272712	0.008901642502	30000
8	3	0.800000000000	0.300000000000	5	0.236244444444	0.233897777778	0.010465245971	0.011745747099	30000
8	4	0.800000000000	0.400000000000	1	0.226424444444	0.238315555556	0.014692709847	0.013838256904	30000
8	4	0.800000000000	0.400000000000	2	0.222386666667	0.245522222222	0.012779148447	0.012489474554	30000
8	4	0.800000000000	0.400000000000	3	0.237008888889	0.233397777778	0.012602654325	0.010229791968	30000
8	4	0.800000000000	0.400000000000	4	0.245524444444	0.219388888889	0.011793274494	0.013601531838	6000
8	4	0.800000000000	0.400000000000	5	0.247677777778	0.218764444444	0.011767294079	0.012828631210	30000
8	5	0.800000000000	0.500000000000	1	0.210042222222	0.254733333333	0.008357382419	0.007568844751	30000
8	5	0.800000000000	0.500000000000	2	0.215911111111	0.251940000000	0.008500117946	0.010385581818	30000
8	5	0.800000000000	0.500000000000	3	0.236860000000	0.229862222222	0.009091895773	0.012424471157	30000
8	5	0.800000000000	0.500000000000	4	0.233022222222	0.235788888889	0.014341177535	0.014219951541	30000
8	5	0.800000000000	0.500000000000	5	0.231222222222	0.235424444444	0.008792014658	0.008879296069	8000
8	6	0.800000000000	0.600000000000	1	0.231715555556	0.236993333333	0.009623728589	0.010212921497	8000
8	6	0.800000000000	0.600000000000	2	0.221255555556	0.238751111111	0.019256150130	0.017269189941	30000
8	6	0.800000000000	0.600000000000	3	0.240122222222	0.228535555556	0.014514468837	0.014465641386	8000
8	6	0.800000000000	0.600000000000	4	0.231486666667	0.239566666667	0.012113894717	0.010733656610	14000
8	6	0.800000000000	0.600000000000	5	0.222535555556	0.242775555556	0.014885902021	0.013694547167	30000
8	7	0.800000000000	0.700000000000	1	0.240653333333	0.228602222222	0.007974788187	0.007966972631	18000
8	7	0.800000000000	0.700000000000	2	0.240144444444	0.228137777778	0.011495470828	0.012425982938	30000
8	7	0.800000000000	0.700000000000	3	0.232208888889	0.237806666667	0.015587136698	0.014445656033	10000
8	7	0.800000000000	0.700000000000	4	0.230768888889	0.237615555556	0.009270606061	0.011437897407	30000
8	7	0.800000000000	0.700000000000	5	0.231273333333	0.239728888889	0.010428757651	0.009663991463	30000
8	8	0.800000000000	0.800000000000	1	0.221448888889	0.241911111111	0.011172756587	0.009307355897	30000
8	8	0.800000000000	0.800000000000	2	0.226791111111	0.238566666667	0.006673286299	0.008619822410	30000
8	8	0.800000000000	0.800000000000	3	0.225026666667	0.242017777778	0.012068702683	0.010061056576	30000
8	8	0.800000000000	0.800000000000	4	0.231095555556	0.235008888889	0.013884886711	0.010881962301	30000
8	8	0.800000000000	0.800000000000	5	0.242660000000	0.224046666667	0.012002337707	0.010591791995	30000
8	9	0.800000000000	0.900000000000	1	0.224282222222	0.244033333333	0.013751222251	0.015206496435	30000
8	9	0.800000000000	0.900000000000	2	0.235133333333	0.235984444444	0.009188020917	0.009234668982	30000
8	9	0.800000000000	0.900000000000	3	0.253902222222	0.212402222222	0.014369769069	0.009490131763	30000
8	9	0.800000000000	0.900000000000	4	0.237315555556	0.227602222222	0.014412065726	0.010324929999	30000
8	9	0.800000000000	0.900000000000	5	0.240080000000	0.230411111111	0.011796815826	0.013002565941	22000
8	10	0.800000000000	1.000000000000	1	0.000000000000	1.000000000000	0.000000000000	0.000000000000	6000
8	10	0.800000000000	1.000000000000	2	0.000000000000	1.000000000000	0.000000000000	0.000000000000	6000
8	10	0.800000000000	1.000000000000	3	0.000000000000	1.000000000000	0.000000000000	0.000000000000	6000
8	10	0.800000000000	1.000000000000	4	0.000000000000	1.000000000000	0.000000000000	0.000000000000	6000
8	10	0.800000000000	1.000000000000	5	0.000000000000	1.000000000000	0.000000000000	0.000000000000	6000
9	0	0.900000000000	0.000000000000	1	0.414017777778	0.000000000000	0.006588402053	0.000000000000	12000
9	0	0.900000000000	0.000000000000	2	0.418986666667	0.000000000000	0.006676692865	0.000000000000	6000
9	0	0.900000000000	0.000000000000	3	0.414722222222	0.000000000000	0.006496693146	0.000000000000	18000
9	0	0.900000000000	0.000000000000	4	0.410668888889	0.000000000000	0.007619064508	0.000000000000	30000
9	0	0.900000000000	0.000000000000	5	0.417551111111	0.000000000000	0.007287516927	0.000000000000	30000
9	1	0.900000000000	0.100000000000	1	0.233777777778	0.232135555556	0.013056102782	0.013341205365	30000
9	1	0.900000000000	0.100000000000	2	0.242246666667	0.227877777778	0.010943430326	0.014994897322	30000
9	1	0.900000000000	0.100000000000	3	0.230173333333	0.236793333333	0.010074406754	0.014781870444	6000
9	1	0.900000000000	0.100000000000	4	0.238937777778	0.230295555556	0.012445015637	0.009809997118	30000
9	1	0.900000000000	0.100000000000	5	0.241340000000	0.226771111111	0.008466026486	0.009835782842	30000
9	2	0.900000000000	0.200000000000	1	0.219991111111	0.249237777778	0.019284906821	0.019345607488	12000
9	2	0.900000000000	0.200000000000	2	0.218973333333	0.247373333333	0.009651051863	0.009712402146	30000
9	2	0.900000000000	0.200000000000	3	0.227015555556	0.234966666667	0.009857761003	0.013109147607	30000
9	2	0.900000000000	0.200000000000	4	0.235511111111	0.233548888889	0.007985329917	0.007871228162	30000
9	2	0.900000000000	0.200000000000	5	0.248735555556	0.218037777778	0.010282827744	0.010942624453	6000
9	3	0.900000000000	0.300000000000	1	0.246440000000	0.219051111111	0.009976206199	0.009625437603	30000
9	3	0.900000000000	0.300000000000	2	0.244622222222	0.219753333333	0.011191920579	0.011652621212	30000
9	3	0.900000000000	0.300000000000	3	0.230695555556	0.232944444444	0.010193940121	0.008947746137	30000
9	3	0.900000000000	0.300000000000	4	0.226304444444	0.238564444444	0.007259937116	0.009274977383	14000
9	3	0.900000000000	0.300000000000	5	0.239902222222	0.226833333333	0.006589500386	0.006595990247	30000
9	4	0.900000000000	0.400000000000	1	0.262366666667	0.205868888889	0.007622753963	0.007857565866	30000
9	4	0.900000000000	0.400000000000	2	0.222755555556	0.246420000000	0.008674537064	0.008863460180	30000
9	4	0.900000000000	0.400000000000	3	0.235053333333	0.236022222222	0.014594105702	0.014061230815	22000
9	4	0.900000000000	0.400000000000	4	0.228337777778	0.234364444444	0.022250954176	0.020065354237	30000
9	4	0.900000000000	0.400000000000	5	0.249804444444	0.219346666667	0.013961096870	0.013051097311	30000
9	5	0.900000000000	0.500000000000	1	0.242644444444	0.223915555556	0.010904292501	0.010866932346	30000
9	5	0.900000000000	0.500000000000	2	0.234940000000	0.230166666667	0.008907296867	0.010557999237	30000
9	5	0.900000000000	0.500000000000	3	0.233608888889	0.228031111111	0.013995817769	0.012449679532	30000
9	5	0.900000000000	0.500000000000	4	0.228177777778	0.236335555556	0.013174000722	0.015379591527	30000
9	5	0.900000000000	0.500000000000	5	0.208675555556	0.254948888889	0.011756957441	0.010292013186	30000
9	6	0.900000000000	0.600000000000	1	0.217975555556	0.250562222222	0.011884564256	0.011902210123	30000
9	6	0.900000000000	0.600000000000	2	0.235997777778	0.228457777778	0.011473222729	0.009703615574	30000
9	6	0.900000000000	0.600000000000	3	0.233524444444	0.233933333333	0.014046229942	0.011400545670	30000
9	6	0.900000000000	0.600000000000	4	0.222162222222	0.247480000000	0.011725273139	0.011200848612	30000
9	6	0.900000000000	0.600000000000	5	0.220440000000	0.242573333333	0.012309482339	0.015681842112	30000
9	7	0.900000000000	0.700000000000	1	0.249691111111	0.217820000000	0.011586254705	0.011468318630	22000
9	7	0.900000000000	0.700000000000	2	0.240440000000	0.226611111111	0.017416640577	0.014193577085	30000
9	7	0.900000000000	0.700000000000	3	0.236542222222	0.233477777778	0.010314177323	0.010372461537	30000
9	7	0.900000000000	0.700000000000	4	0.247422222222	0.215975555556	0.015771950845	0.015451337331	30000
9	7	0.900000000000	0.700000000000	5	0.227024444444	0.242977777778	0.018969754868	0.016928087322	30000
9	8	0.900000000000	0.800000000000	1	0.227031111111	0.242344444444	0.011997170500	0.015611222036	30000
9	8	0.900000000000	0.800000000000	2	0.232815555556	0.239200000000	0.012017262266	0.011279208921	10000
9	8	0.900000000000	0.800000000000	3	0.232022222222	0.236204444444	0.009816945645	0.011488149871	20000
9	8	0.900000000000	0.800000000000	4	0.233460000000	0.229386666667	0.009578868546	0.008005801231	30000
9	8	0.900000000000	0.800000000000	5	0.239026666667	0.230253333333	0.010893919062	0.010116782226	30000
9	9	0.900000000000	0.900000000000	1	0.224771111111	0.240977777778	0.009626136016	0.009061389267	30000
9	9	0.900000000000	0.900000000000	2	0.226560000000	0.237591111111	0.011009814307	0.009592068631	30000
9	9	0.900000000000	0.900000000000	3	0.228217777778	0.243668888889	0.008024602859	0.008275821713	30000
9	9	0.900000000000	0.900000000000	4	0.250797777778	0.219440000000	0.011251283330	0.010380017440	30000
9	9	0.900000000000	0.900000000000	5	0.239753333333	0.227684444444	0.014701044465	0.014328045158	30000
9	10	0.900000000000	1.000000000000	1	0.000000000000	1.000000000000	0.000000000000	0.000000000000	6000
9	10	0.900000000000	1.000000000000	2	0.000000000000	1.000000000000	0.000000000000	0.000000000000	6000
9	10	0.900000000000	1.000000000000	3	0.000000000000	1.000000000000	0.000000000000	0.000000000000	6000
9	10	0.900000000000	1.000000000000	4	0.000000000000	1.000000000000	0.000000000000	0.000000000000	6000
9	10	0.900000000000	1.000000000000	5	0.000000000000	1.000000000000	0.000000000000	0.000000000000	6000
10	0	1.000000000000	0.000000000000	1	1.000000000000	0.000000000000	0.000000000000	0.000000000000	4000
10	0	1.000000000000	0.000000000000	2	1.000000000000	0.000000000000	0.000000000000	0.000000000000	4000
10	0	1.000000000000	0.000000000000	3	1.000000000000	0.000000000000	0.000000000000	0.000000000000	4000
10	0	1.000000000000	0.000000000000	4	1.000000000000	0.000000000000	0.000000000000	0.000000000000	4000
10	0	1.000000000000	0.000000000000	5	1.000000000000	0.000000000000	0.000000000000	0.000000000000	4000
10	1	1.000000000000	0.100000000000	1	1.000000000000	0.000000000000	0.000000000000	0.000000000000	6000
10	1	1.000000000000	0.100000000000	2	1.000000000000	0.000000000000	0.000000000000	0.000000000000	6000
10	1	1.000000000000	0.100000000000	3	1.000000000000	0.000000000000	0.000000000000	0.000000000000	6000
10	1	1.000000000000	0.100000000000	4	1.000000000000	0.000000000000	0.000000000000	0.000000000000	6000
10	1	1.000000000000	0.100000000000	5	1.000000000000	0.000000000000	0.000000000000	0.000000000000	6000
10	2	1.000000000000	0.200000000000	1	1.000000000000	0.000000000000	0.000000000000	0.000000000000	6000
10	2	1.000000000000	0.200000000000	2	1.000000000000	0.000000000000	0.000000000000	0.000000000000	6000
10	2	1.000000000000	0.200000000000	3	1.000000000000	0.000000000000	0.000000000000	0.000000000000	6000
10	2	1.000000000000	0.200000000000	4	1.000000000000	0.000000000000	0.000000000000	0.000000000000	6000
10	2	1.000000000000	0.200000000000	5	1.000000000000	0.000000000000	0.000000000000	0.000000000000	6000
10	3	1.000000000000	0.300000000000	1	1.000000000000	0.000000000000	0.000000000000	0.000000000000	6000
10	3	1.000000000000	0.300000000000	2	1.000000000000	0.000000000000	0.000000000000	0.000000000000	6000
10	3	1.000000000000	0.300000000000	3	1.000000000000	0.000000000000	0.000000000000	0.000000000000	6000
10	3	1.000000000000	0.300000000000	4	1.000000000000	0.000000000000	0.000000000000	0.000000000000	6000
10	3	1.000000000000	0.300000000000	5	1.000000000000	0.000000000000	0.000000000000	0.000000000000	6000
10	4	1.000000000000	0.400000000000	1	1.000000000000	0.000000000000	0.000000000000	0.000000000000	6000
10	4	1.000000000000	0.400000000000	2	1.000000000000	0.000000000000	0.000000000000	0.000000000000	6000
10	4	1.000000000000	0.400000000000	3	1.000000000000	0.000000000000	0.000000000000	0.000000000000	6000
10	4	1.000000000000	0.400000000000	4	1.000000000000	0.000000000000	0.000000000000	0.000000000000	6000
10	4	1.000000000000	0.400000000000	5	1.000000000000	0.000000000000	0.000000000000	0.000000000000	6000
10	5	1.000000000000	0.500000000000	1	1.000000000000	0.000000000000	0.000000000000	0.000000000000	6000
10	5	1.000000000000	0.500000000000	2	1.000000000000	0.000000000000	0.000000000000	0.000000000000	6000
10	5	1.000000000000	0.500000000000	3	1.000000000000	0.000000000000	0.000000000000	0.000000000000	6000
10	5	1.000000000000	0.500000000000	4	1.000000000000	0.000000000000	0.000000000000	0.000000000000	6000
10	5	1.000000000000	0.500000000000	5	1.000000000000	0.000000000000	0.000000000000	0.000000000000	6000
10	6	1.000000000000	0.600000000000	1	1.000000000000	0.000000000000	0.000000000000	0.000000000000	6000
10	6	1.000000000000	0.600000000000	2	1.000000000000	0.000000000000	0.000000000000	0.000000000000	6000
10	6	1.000000000000	0.600000000000	3	1.000000000000	0.000000000000	0.000000000000	0.000000000000	6000
10	6	1.000000000000	0.600000000000	4	1.000000000000	0.000000000000	0.000000000000	0.000000000000	6000
10	6	1.000000000000	0.600000000000	5	1.000000000000	0.000000000000	0.000000000000	0.000000000000	6000
10	7	1.000000000000	0.700000000000	1	1.000000000000	0.000000000000	0.000000000000	0.000000000000	6000
10	7	1.000000000000	0.700000000000	2	1.000000000000	0.000000000000	0.000000000000	0.000000000000	6000
10	7	1.000000000000	0.700000000000	3	1.000000000000	0.000000000000	0.000000000000	0.000000000000	6000
10	7	1.000000000000	0.700000000000	4	1.000000000000	0.000000000000	0.000000000000	0.000000000000	6000
10	7	1.000000000000	0.700000000000	5	1.000000000000	0.000000000000	0.000000000000	0.000000000000	6000
10	8	1.000000000000	0.800000000000	1	1.000000000000	0.000000000000	0.000000000000	0.000000000000	6000
10	8	1.000000000000	0.800000000000	2	1.000000000000	0.000000000000	0.000000000000	0.000000000000	6000
10	8	1.000000000000	0.800000000000	3	1.000000000000	0.000000000000	0.000000000000	0.000000000000	6000
10	8	1.000000000000	0.800000000000	4	1.000000000000	0.000000000000	0.000000000000	0.000000000000	6000
10	8	1.000000000000	0.800000000000	5	1.000000000000	0.000000000000	0.000000000000	0.000000000000	6000
10	9	1.000000000000	0.900000000000	1	1.000000000000	0.000000000000	0.000000000000	0.000000000000	6000
10	9	1.000000000000	0.900000000000	2	1.000000000000	0.000000000000	0.000000000000	0.000000000000	6000
10	9	1.000000000000	0.900000000000	3	1.000000000000	0.000000000000	0.000000000000	0.000000000000	6000
10	9	1.000000000000	0.900000000000	4	1.000000000000	0.000000000000	0.000000000000	0.000000000000	6000
10	9	1.000000000000	0.900000000000	5	1.000000000000	0.000000000000	0.000000000000	0.000000000000	6000
10	10	1.000000000000	1.000000000000	1	1.000000000000	1.000000000000	0.000000000000	0.000000000000	4000
10	10	1.000000000000	1.000000000000	2	1.000000000000	1.000000000000	0.000000000000	0.000000000000	4000
10	10	1.000000000000	1.000000000000	3	1.000000000000	1.000000000000	0.000000000000	0.000000000000	4000
10	10	1.000000000000	1.000000000000	4	1.000000000000	1.000000000000	0.000000000000	0.000000000000	4000
10	10	1.000000000000	1.000000000000	5	1.000000000000	1.000000000000	0.000000000000	0.000000000000	4000
