# scan initial plane
# b 1.15
# r 0
# e -0.4
# p12 0.2
# ndiv 8
# n_reps 3
# A:(0,1),	A':(0,0.533),	B:(1,0),	B'=(0.533,0),	C:(1,1),	D:(0,0),	E:(0.308,0.308) 
# columns: ix iy x1_0 x2_0 rep x1_inf x2_inf sigma_1 sigma_2 t_relax
0	0	0.000000000000	0.000000000000	1	0.000000000000	0.000000000000	0.000000000000	0.000000000000	4000
0	0	0.000000000000	0.000000000000	2	0.000000000000	0.000000000000	0.000000000000	0.000000000000	4000
0	0	0.000000000000	0.000000000000	3	0.000000000000	0.000000000000	0.000000000000	0.000000000000	4000
0	1	0.000000000000	0.124000000000	1	0.000000000000	0.617420000000	0.000000000000	0.023906717281	4000
0	1	0.000000000000	0.124000000000	2	0.000000000000	0.609104000000	0.000000000000	0.018626221305	18000
0	1	0.000000000000	0.124000000000	3	0.000000000000	0.636080000000	0.000000000000	0.016744251849	60000
0	2	0.000000000000	0.248000000000	1	0.000000000000	0.634448000000	0.000000000000	0.024043156394	36000
0	2	0.000000000000	0.248000000000	2	0.000000000000	0.641236000000	0.000000000000	0.021620262250	14000
0	2	0.000000000000	0.248000000000	3	0.000000000000	0.617804000000	0.000000000000	0.018611501067	120000
0	3	0.000000000000	0.372000000000	1	0.000000000000	0.640336000000	0.000000000000	0.017859397024	16000
0	3	0.000000000000	0.372000000000	2	0.000000000000	0.644500000000	0.000000000000	0.020166821780	8000
0	3	0.000000000000	0.372000000000	3	0.000000000000	0.656932000000	0.000000000000	0.020640673764	16000
0	4	0.000000000000	0.500000000000	1	0.000000000000	0.633452000000	0.000000000000	0.021548922294	28000
0	4	0.000000000000	0.500000000000	2	0.000000000000	0.603276000000	0.000000000000	0.016275033048	20000
0	4	0.000000000000	0.500000000000	3	0.000000000000	0.693152000000	0.000000000000	0.030254457989	6000
0	5	0.000000000000	0.624000000000	1	0.000000000000	0.614444000000	0.000000000000	0.023836506519	6000
0	5	0.000000000000	0.624000000000	2	0.000000000000	0.635484000000	0.000000000000	0.021584986812	6000
0	5	0.000000000000	0.624000000000	3	0.000000000000	0.651972000000	0.000000000000	0.022426550474	16000
0	6	0.000000000000	0.748000000000	1	0.000000000000	0.619048000000	0.000000000000	0.017496280057	64000
0	6	0.000000000000	0.748000000000	2	0.000000000000	0.649608000000	0.000000000000	0.014511544402	8000
0	6	0.000000000000	0.748000000000	3	0.000000000000	0.615764000000	0.000000000000	0.020080924967	8000
0	7	0.000000000000	0.872000000000	1	0.000000000000	0.622588000000	0.000000000000	0.031086663324	6000
0	7	0.000000000000	0.872000000000	2	0.000000000000	0.624412000000	0.000000000000	0.019453346465	12000
0	7	0.000000000000	0.872000000000	3	0.000000000000	0.640680000000	0.000000000000	0.012188115119	14000
0	8	0.000000000000	1.000000000000	1	0.000000000000	1.000000000000	0.000000000000	0.000000000000	4000
0	8	0.000000000000	1.000000000000	2	0.000000000000	1.000000000000	0.000000000000	0.000000000000	4000
0	8	0.000000000000	1.000000000000	3	0.000000000000	1.000000000000	0.000000000000	0.000000000000	4000
1	0	0.124000000000	0.000000000000	1	0.655088000000	0.000000000000	0.018305391101	0.000000000000	20000
1	0	0.124000000000	0.000000000000	2	0.643224000000	0.000000000000	0.021452506474	0.000000000000	6000
1	0	0.124000000000	0.000000000000	3	0.620772000000	0.000000000000	0.028617459268	0.000000000000	26000
1	1	0.124000000000	0.124000000000	1	0.000000000000	0.637912000000	0.000000000000	0.025001946991	110000
1	1	0.124000000000	0.124000000000	2	0.000000000000	0.625224000000	0.000000000000	0.025707794824	44000
1	1	0.124000000000	0.124000000000	3	0.000000000000	0.615364000000	0.000000000000	0.022750144463	224000
1	2	0.124000000000	0.248000000000	1	0.000000000000	0.616208000000	0.000000000000	0.021603876121	88000
1	2	0.124000000000	0.248000000000	2	0.628620000000	0.000000000000	0.016225130349	0.000000000000	44000
1	2	0.124000000000	0.248000000000	3	0.369160000000	0.288336000000	0.054420437190	0.055863259910	112000
1	3	0.124000000000	0.372000000000	1	0.626080000000	0.000000000000	0.023433282286	0.000000000000	388000
1	3	0.124000000000	0.372000000000	2	0.322500000000	0.331976000000	0.055355995938	0.061040423961	46000
1	3	0.124000000000	0.372000000000	3	0.000000000000	0.633484000000	0.000000000000	0.021309806471	156000
1	4	0.124000000000	0.500000000000	1	0.000000000000	0.601244000000	0.000000000000	0.018522082268	172000
1	4	0.124000000000	0.500000000000	2	0.000000000000	0.667160000000	0.000000000000	0.021272397959	16000
1	4	0.124000000000	0.500000000000	3	0.619732000000	0.000000000000	0.018684037820	0.000000000000	378000
1	5	0.124000000000	0.624000000000	1	0.000000000000	0.653896000000	0.000000000000	0.018069080654	58000
1	5	0.124000000000	0.624000000000	2	0.109152000000	0.524908000000	0.034842027250	0.033104432323	400000
1	5	0.124000000000	0.624000000000	3	0.277744000000	0.371536000000	0.021514212171	0.023024048532	40000
1	6	0.124000000000	0.748000000000	1	0.664304000000	0.000000000000	0.017923527466	0.000000000000	40000
1	6	0.124000000000	0.748000000000	2	0.000000000000	0.655228000000	0.000000000000	0.014430393351	104000
1	6	0.124000000000	0.748000000000	3	0.000000000000	0.653620000000	0.000000000000	0.016086341112	92000
1	7	0.124000000000	0.872000000000	1	0.596404000000	0.000000000000	0.018815706599	0.000000000000	236000
1	7	0.124000000000	0.872000000000	2	0.000000000000	0.623540000000	0.000000000000	0.017763556624	198000
1	7	0.124000000000	0.872000000000	3	0.000000000000	0.625560000000	0.000000000000	0.023292852057	20000
1	8	0.124000000000	1.000000000000	1	0.000000000000	1.000000000000	0.000000000000	0.000000000000	6000
1	8	0.124000000000	1.000000000000	2	0.000000000000	1.000000000000	0.000000000000	0.000000000000	6000
1	8	0.124000000000	1.000000000000	3	0.000000000000	1.000000000000	0.000000000000	0.000000000000	6000
2	0	0.248000000000	0.000000000000	1	0.597128000000	0.000000000000	0.023940023825	0.000000000000	6000
2	0	0.248000000000	0.000000000000	2	0.622588000000	0.000000000000	0.019796923351	0.000000000000	68000
2	0	0.248000000000	0.000000000000	3	0.580044000000	0.000000000000	0.017800081655	0.000000000000	30000
2	1	0.248000000000	0.124000000000	1	0.423924000000	0.228400000000	0.045836221301	0.053916630115	400000
2	1	0.248000000000	0.124000000000	2	0.608460000000	0.000000000000	0.022938059084	0.000000000000	46000
2	1	0.248000000000	0.124000000000	3	0.311844000000	0.340920000000	0.048085256117	0.046280703360	222000
2	2	0.248000000000	0.248000000000	1	0.600992000000	0.000000000000	0.025448606397	0.000000000000	98000
2	2	0.248000000000	0.248000000000	2	0.000000000000	0.638996000000	0.000000000000	0.020202775456	130000
2	2	0.248000000000	0.248000000000	3	0.375652000000	0.267560000000	0.031311776113	0.041297068272	34000
2	3	0.248000000000	0.372000000000	1	0.000000000000	0.655880000000	0.000000000000	0.018167103337	118000
2	3	0.248000000000	0.372000000000	2	0.000000000000	0.651180000000	0.000000000000	0.019274935100	92000
2	3	0.248000000000	0.372000000000	3	0.371004000000	0.295828000000	0.032037265339	0.033253032646	16000
2	4	0.248000000000	0.500000000000	1	0.000000000000	0.615056000000	0.000000000000	0.022875317356	12000
2	4	0.248000000000	0.500000000000	2	0.000000000000	0.614292000000	0.000000000000	0.017789187480	120000
2	4	0.248000000000	0.500000000000	3	0.000000000000	0.623176000000	0.000000000000	0.016464510442	158000
2	5	0.248000000000	0.624000000000	1	0.088028000000	0.546448000000	0.022183131143	0.025334741861	6000
2	5	0.248000000000	0.624000000000	2	0.383300000000	0.253372000000	0.043361898647	0.053333536186	42000
2	5	0.248000000000	0.624000000000	3	0.000000000000	0.647808000000	0.000000000000	0.016661835216	106000
2	6	0.248000000000	0.748000000000	1	0.000000000000	0.592608000000	0.000000000000	0.015538332464	126000
2	6	0.248000000000	0.748000000000	2	0.247856000000	0.396000000000	0.026021229186	0.026833114169	196000
2	6	0.248000000000	0.748000000000	3	0.618948000000	0.000000000000	0.016394452540	0.000000000000	200000
2	7	0.248000000000	0.872000000000	1	0.000000000000	0.644200000000	0.000000000000	0.019503137501	20000
2	7	0.248000000000	0.872000000000	2	0.000000000000	0.606308000000	0.000000000000	0.022412663016	22000
2	7	0.248000000000	0.872000000000	3	0.000000000000	0.670288000000	0.000000000000	0.023351538501	12000
2	8	0.248000000000	1.000000000000	1	0.000000000000	1.000000000000	0.000000000000	0.000000000000	6000
2	8	0.248000000000	1.000000000000	2	0.000000000000	1.000000000000	0.000000000000	0.000000000000	6000
2	8	0.248000000000	1.000000000000	3	0.000000000000	1.000000000000	0.000000000000	0.000000000000	6000
3	0	0.372000000000	0.000000000000	1	0.671668000000	0.000000000000	0.015860306596	0.000000000000	36000
3	0	0.372000000000	0.000000000000	2	0.609148000000	0.000000000000	0.020915055236	0.000000000000	4000
3	0	0.372000000000	0.000000000000	3	0.609868000000	0.000000000000	0.018063578518	0.000000000000	24000
3	1	0.372000000000	0.124000000000	1	0.602592000000	0.000000000000	0.022567916316	0.000000000000	96000
3	1	0.372000000000	0.124000000000	2	0.000000000000	0.617596000000	0.000000000000	0.020143946052	370000
3	1	0.372000000000	0.124000000000	3	0.639680000000	0.000000000000	0.020510247933	0.000000000000	290000
3	2	0.372000000000	0.248000000000	1	0.000000000000	0.642212000000	0.000000000000	0.017619350087	120000
3	2	0.372000000000	0.248000000000	2	0.240720000000	0.418084000000	0.072165042738	0.066810362733	94000
3	2	0.372000000000	0.248000000000	3	0.000000000000	0.643688000000	0.000000000000	0.021720184677	28000
3	3	0.372000000000	0.372000000000	1	0.615200000000	0.000000000000	0.025099282340	0.000000000000	46000
3	3	0.372000000000	0.372000000000	2	0.299820000000	0.349196000000	0.021648932451	0.025131676927	400000
3	3	0.372000000000	0.372000000000	3	0.000000000000	0.621012000000	0.000000000000	0.018070705753	42000
3	4	0.372000000000	0.500000000000	1	0.613096000000	0.000000000000	0.019520138827	0.000000000000	76000
3	4	0.372000000000	0.500000000000	2	0.000000000000	0.624940000000	0.000000000000	0.020302329536	164000
3	4	0.372000000000	0.500000000000	3	0.347004000000	0.305836000000	0.022721713409	0.019178866831	400000
3	5	0.372000000000	0.624000000000	1	0.272632000000	0.375604000000	0.025364935560	0.020295790280	4000
3	5	0.372000000000	0.624000000000	2	0.000000000000	0.599820000000	0.000000000000	0.019732332983	234000
3	5	0.372000000000	0.624000000000	3	0.619800000000	0.000000000000	0.015412382734	0.000000000000	284000
3	6	0.372000000000	0.748000000000	1	0.213488000000	0.443604000000	0.024058525904	0.024615139429	54000
3	6	0.372000000000	0.748000000000	2	0.000000000000	0.657640000000	0.000000000000	0.018147168366	134000
3	6	0.372000000000	0.748000000000	3	0.617732000000	0.000000000000	0.015587018032	0.000000000000	278000
3	7	0.372000000000	0.872000000000	1	0.365076000000	0.312440000000	0.046550458313	0.042531298021	62000
3	7	0.372000000000	0.872000000000	2	0.000000000000	0.619676000000	0.000000000000	0.014169820317	62000
3	7	0.372000000000	0.872000000000	3	0.000000000000	0.652108000000	0.000000000000	0.026976064280	112000
3	8	0.372000000000	1.000000000000	1	0.000000000000	1.000000000000	0.000000000000	0.000000000000	6000
3	8	0.372000000000	1.000000000000	2	0.000000000000	1.000000000000	0.000000000000	0.000000000000	8000
3	8	0.372000000000	1.000000000000	3	0.000000000000	1.000000000000	0.000000000000	0.000000000000	6000
4	0	0.500000000000	0.000000000000	1	0.611024000000	0.000000000000	0.022041716386	0.000000000000	4000
4	0	0.500000000000	0.000000000000	2	0.626108000000	0.000000000000	0.017897168621	0.000000000000	14000
4	0	0.500000000000	0.000000000000	3	0.621796000000	0.000000000000	0.020592776560	0.000000000000	46000
4	1	0.500000000000	0.124000000000	1	0.622420000000	0.000000000000	0.017225804142	0.000000000000	326000
4	1	0.500000000000	0.124000000000	2	0.609256000000	0.000000000000	0.020130268048	0.000000000000	242000
4	1	0.500000000000	0.124000000000	3	0.000000000000	0.634372000000	0.000000000000	0.015309081749	130000
4	2	0.500000000000	0.248000000000	1	0.250672000000	0.399976000000	0.052077062479	0.053606502228	52000
4	2	0.500000000000	0.248000000000	2	0.359028000000	0.298148000000	0.043315995792	0.036924104397	312000
4	2	0.500000000000	0.248000000000	3	0.616416000000	0.000000000000	0.015493062285	0.000000000000	244000
4	3	0.500000000000	0.372000000000	1	0.000000000000	0.617152000000	0.000000000000	0.024602076298	108000
4	3	0.500000000000	0.372000000000	2	0.493816000000	0.144484000000	0.023175660838	0.017360735559	174000
4	3	0.500000000000	0.372000000000	3	0.627040000000	0.000000000000	0.015601853025	0.000000000000	234000
4	4	0.500000000000	0.500000000000	1	0.000000000000	0.663772000000	0.000000000000	0.026756530566	242000
4	4	0.500000000000	0.500000000000	2	0.000000000000	0.613016000000	0.000000000000	0.020163688113	74000
4	4	0.500000000000	0.500000000000	3	0.000000000000	0.640520000000	0.000000000000	0.023698844597	132000
4	5	0.500000000000	0.624000000000	1	0.339184000000	0.308112000000	0.026333165013	0.020480402899	176000
4	5	0.500000000000	0.624000000000	2	0.000000000000	0.621032000000	0.000000000000	0.020739264526	116000
4	5	0.500000000000	0.624000000000	3	0.000000000000	0.631948000000	0.000000000000	0.020730534268	124000
4	6	0.500000000000	0.748000000000	1	0.000000000000	0.643436000000	0.000000000000	0.017772274974	124000
4	6	0.500000000000	0.748000000000	2	0.000000000000	0.641568000000	0.000000000000	0.021304911999	18000
4	6	0.500000000000	0.748000000000	3	0.000000000000	0.648172000000	0.000000000000	0.018253317496	38000
4	7	0.500000000000	0.872000000000	1	0.000000000000	0.619180000000	0.000000000000	0.023133844790	104000
4	7	0.500000000000	0.872000000000	2	0.245580000000	0.401044000000	0.029642643038	0.030460168842	64000
4	7	0.500000000000	0.872000000000	3	0.308884000000	0.356520000000	0.068238075727	0.065195920947	164000
4	8	0.500000000000	1.000000000000	1	0.000000000000	1.000000000000	0.000000000000	0.000000000000	6000
4	8	0.500000000000	1.000000000000	2	0.000000000000	1.000000000000	0.000000000000	0.000000000000	6000
4	8	0.500000000000	1.000000000000	3	0.000000000000	1.000000000000	0.000000000000	0.000000000000	6000
5	0	0.624000000000	0.000000000000	1	0.606280000000	0.000000000000	0.018587175231	0.000000000000	48000
5	0	0.624000000000	0.000000000000	2	0.681776000000	0.000000000000	0.018669611093	0.000000000000	6000
5	0	0.624000000000	0.000000000000	3	0.653440000000	0.000000000000	0.018768661717	0.000000000000	26000
5	1	0.624000000000	0.124000000000	1	0.614048000000	0.000000000000	0.021361039066	0.000000000000	82000
5	1	0.624000000000	0.124000000000	2	0.619456000000	0.000000000000	0.015169382788	0.000000000000	316000
5	1	0.624000000000	0.124000000000	3	0.683324000000	0.000000000000	0.025621699700	0.000000000000	142000
5	2	0.624000000000	0.248000000000	1	0.345656000000	0.312684000000	0.035144911848	0.029477602906	186000
5	2	0.624000000000	0.248000000000	2	0.000000000000	0.615156000000	0.000000000000	0.033248535744	20000
5	2	0.624000000000	0.248000000000	3	0.327676000000	0.314872000000	0.043171272657	0.035652527522	112000
5	3	0.624000000000	0.372000000000	1	0.000000000000	0.642060000000	0.000000000000	0.018972937895	166000
5	3	0.624000000000	0.372000000000	2	0.000000000000	0.614164000000	0.000000000000	0.015069179944	400000
5	3	0.624000000000	0.372000000000	3	0.251156000000	0.386032000000	0.030143461850	0.021459064925	224000
5	4	0.624000000000	0.500000000000	1	0.000000000000	0.653828000000	0.000000000000	0.025272932895	186000
5	4	0.624000000000	0.500000000000	2	0.355548000000	0.300048000000	0.036054953275	0.039450450365	30000
5	4	0.624000000000	0.500000000000	3	0.658064000000	0.000000000000	0.025315227922	0.000000000000	372000
5	5	0.624000000000	0.624000000000	1	0.313396000000	0.341860000000	0.037807202602	0.037330067425	400000
5	5	0.624000000000	0.624000000000	2	0.000000000000	0.603708000000	0.000000000000	0.018793081597	142000
5	5	0.624000000000	0.624000000000	3	0.606144000000	0.000000000000	0.016324391252	0.000000000000	122000
5	6	0.624000000000	0.748000000000	1	0.390528000000	0.250844000000	0.062711577543	0.075216708365	40000
5	6	0.624000000000	0.748000000000	2	0.000000000000	0.617240000000	0.000000000000	0.021235473749	88000
5	6	0.624000000000	0.748000000000	3	0.212308000000	0.453564000000	0.022311318449	0.022185718607	22000
5	7	0.624000000000	0.872000000000	1	0.000000000000	0.646164000000	0.000000000000	0.015426311130	50000
5	7	0.624000000000	0.872000000000	2	0.401912000000	0.235096000000	0.085899912986	0.075362153885	58000
5	7	0.624000000000	0.872000000000	3	0.368740000000	0.284292000000	0.031041391205	0.034241249965	66000
5	8	0.624000000000	1.000000000000	1	0.000000000000	1.000000000000	0.000000000000	0.000000000000	6000
5	8	0.624000000000	1.000000000000	2	0.000000000000	1.000000000000	0.000000000000	0.000000000000	8000
5	8	0.624000000000	1.000000000000	3	0.000000000000	1.000000000000	0.000000000000	0.000000000000	6000
6	0	0.748000000000	0.000000000000	1	0.635164000000	0.000000000000	0.024120258931	0.000000000000	12000
6	0	0.748000000000	0.000000000000	2	0.610980000000	0.000000000000	0.018341210429	0.000000000000	16000
6	0	0.748000000000	0.000000000000	3	0.671152000000	0.000000000000	0.032317012320	0.000000000000	8000
6	1	0.748000000000	0.124000000000	1	0.671528000000	0.000000000000	0.028385470772	0.000000000000	14000
6	1	0.748000000000	0.124000000000	2	0.260108000000	0.401248000000	0.027943678806	0.026984489224	260000
6	1	0.748000000000	0.124000000000	3	0.617656000000	0.000000000000	0.021502558546	0.000000000000	66000
6	2	0.748000000000	0.248000000000	1	0.339264000000	0.329380000000	0.041270735123	0.030631910060	22000
6	2	0.748000000000	0.248000000000	2	0.000000000000	0.639896000000	0.000000000000	0.024969835335	72000
6	2	0.748000000000	0.248000000000	3	0.000000000000	0.653048000000	0.000000000000	0.027748435482	192000
6	3	0.748000000000	0.372000000000	1	0.000000000000	0.610360000000	0.000000000000	0.020155908827	296000
6	3	0.748000000000	0.372000000000	2	0.255612000000	0.397980000000	0.032180071675	0.033403643565	134000
6	3	0.748000000000	0.372000000000	3	0.000000000000	0.629932000000	0.000000000000	0.016402207425	358000
6	4	0.748000000000	0.500000000000	1	0.302724000000	0.355672000000	0.044051701175	0.042531933666	106000
6	4	0.748000000000	0.500000000000	2	0.206052000000	0.434440000000	0.021848080800	0.023894295079	8000
6	4	0.748000000000	0.500000000000	3	0.437600000000	0.200060000000	0.061494239905	0.059766750493	68000
6	5	0.748000000000	0.624000000000	1	0.296760000000	0.369928000000	0.023183266894	0.020423416265	184000
6	5	0.748000000000	0.624000000000	2	0.181488000000	0.468552000000	0.013955235742	0.019193323831	38000
6	5	0.748000000000	0.624000000000	3	0.192196000000	0.472796000000	0.039162932976	0.035264741400	242000
6	6	0.748000000000	0.748000000000	1	0.610236000000	0.000000000000	0.018623080388	0.000000000000	102000
6	6	0.748000000000	0.748000000000	2	0.616020000000	0.000000000000	0.021525030242	0.000000000000	142000
6	6	0.748000000000	0.748000000000	3	0.000000000000	0.613336000000	0.000000000000	0.020604845636	46000
6	7	0.748000000000	0.872000000000	1	0.457656000000	0.209660000000	0.030896022855	0.023402907856	174000
6	7	0.748000000000	0.872000000000	2	0.626648000000	0.000000000000	0.024400317036	0.000000000000	114000
6	7	0.748000000000	0.872000000000	3	0.000000000000	0.656200000000	0.000000000000	0.019575269888	74000
6	8	0.748000000000	1.000000000000	1	0.000000000000	1.000000000000	0.000000000000	0.000000000000	6000
6	8	0.748000000000	1.000000000000	2	0.000000000000	1.000000000000	0.000000000000	0.000000000000	6000
6	8	0.748000000000	1.000000000000	3	0.000000000000	1.000000000000	0.000000000000	0.000000000000	8000
7	0	0.872000000000	0.000000000000	1	0.663972000000	0.000000000000	0.018624986070	0.000000000000	12000
7	0	0.872000000000	0.000000000000	2	0.628164000000	0.000000000000	0.019878839812	0.000000000000	74000
7	0	0.872000000000	0.000000000000	3	0.658828000000	0.000000000000	0.019273346307	0.000000000000	12000
7	1	0.872000000000	0.124000000000	1	0.000000000000	0.637616000000	0.000000000000	0.022728685337	26000
7	1	0.872000000000	0.124000000000	2	0.618696000000	0.000000000000	0.025777899140	0.000000000000	28000
7	1	0.872000000000	0.124000000000	3	0.594280000000	0.000000000000	0.016106303518	0.000000000000	60000
7	2	0.872000000000	0.248000000000	1	0.610492000000	0.000000000000	0.022185990042	0.000000000000	28000
7	2	0.872000000000	0.248000000000	2	0.672888000000	0.000000000000	0.023180094322	0.000000000000	12000
7	2	0.872000000000	0.248000000000	3	0.178912000000	0.462744000000	0.043610803228	0.050359970121	156000
7	3	0.872000000000	0.372000000000	1	0.633880000000	0.000000000000	0.016975799768	0.000000000000	148000
7	3	0.872000000000	0.372000000000	2	0.000000000000	0.620980000000	0.000000000000	0.015080152884	38000
7	3	0.872000000000	0.372000000000	3	0.530676000000	0.146552000000	0.038210509903	0.034419761998	26000
7	4	0.872000000000	0.500000000000	1	0.249260000000	0.414524000000	0.040060369859	0.032808807382	400000
7	4	0.872000000000	0.500000000000	2	0.237148000000	0.432384000000	0.026136051523	0.033943197915	92000
7	4	0.872000000000	0.500000000000	3	0.669556000000	0.000000000000	0.015312391496	0.000000000000	28000
7	5	0.872000000000	0.624000000000	1	0.201568000000	0.467376000000	0.022438468327	0.030978610335	144000
7	5	0.872000000000	0.624000000000	2	0.000000000000	0.629324000000	0.000000000000	0.017177604434	100000
7	5	0.872000000000	0.624000000000	3	0.321880000000	0.332316000000	0.062919953278	0.051396164348	6000
7	6	0.872000000000	0.748000000000	1	0.000000000000	0.674648000000	0.000000000000	0.023572351426	60000
7	6	0.872000000000	0.748000000000	2	0.000000000000	0.626140000000	0.000000000000	0.014733005853	182000
7	6	0.872000000000	0.748000000000	3	0.000000000000	0.645224000000	0.000000000000	0.017792650235	286000
7	7	0.872000000000	0.872000000000	1	0.000000000000	0.647432000000	0.000000000000	0.016467560735	328000
7	7	0.872000000000	0.872000000000	2	0.592804000000	0.000000000000	0.018361555782	0.000000000000	94000
7	7	0.872000000000	0.872000000000	3	0.000000000000	0.633364000000	0.000000000000	0.016918917038	142000
7	8	0.872000000000	1.000000000000	1	0.000000000000	1.000000000000	0.000000000000	0.000000000000	6000
7	8	0.872000000000	1.000000000000	2	0.000000000000	1.000000000000	0.000000000000	0.000000000000	6000
7	8	0.872000000000	1.000000000000	3	0.000000000000	1.000000000000	0.000000000000	0.000000000000	6000
8	0	1.000000000000	0.000000000000	1	1.000000000000	0.000000000000	0.000000000000	0.000000000000	4000
8	0	1.000000000000	0.000000000000	2	1.000000000000	0.000000000000	0.000000000000	0.000000000000	4000
8	0	1.000000000000	0.000000000000	3	1.000000000000	0.000000000000	0.000000000000	0.000000000000	4000
8	1	1.000000000000	0.124000000000	1	1.000000000000	0.000000000000	0.000000000000	0.000000000000	6000
8	1	1.000000000000	0.124000000000	2	1.000000000000	0.000000000000	0.000000000000	0.000000000000	6000
8	1	1.000000000000	0.124000000000	3	1.000000000000	0.000000000000	0.000000000000	0.000000000000	6000
8	2	1.000000000000	0.248000000000	1	1.000000000000	0.000000000000	0.000000000000	0.000000000000	6000
8	2	1.000000000000	0.248000000000	2	1.000000000000	0.000000000000	0.000000000000	0.000000000000	6000
8	2	1.000000000000	0.248000000000	3	1.000000000000	0.000000000000	0.000000000000	0.000000000000	6000
8	3	1.000000000000	0.372000000000	1	1.000000000000	0.000000000000	0.000000000000	0.000000000000	6000
8	3	1.000000000000	0.372000000000	2	1.000000000000	0.000000000000	0.000000000000	0.000000000000	6000
8	3	1.000000000000	0.372000000000	3	1.000000000000	0.000000000000	0.000000000000	0.000000000000	6000
8	4	1.000000000000	0.500000000000	1	1.000000000000	0.000000000000	0.000000000000	0.000000000000	6000
8	4	1.000000000000	0.500000000000	2	1.000000000000	0.000000000000	0.000000000000	0.000000000000	6000
8	4	1.000000000000	0.500000000000	3	1.000000000000	0.000000000000	0.000000000000	0.000000000000	6000
8	5	1.000000000000	0.624000000000	1	1.000000000000	0.000000000000	0.000000000000	0.000000000000	6000
8	5	1.000000000000	0.624000000000	2	1.000000000000	0.000000000000	0.000000000000	0.000000000000	10000
8	5	1.000000000000	0.624000000000	3	1.000000000000	0.000000000000	0.000000000000	0.000000000000	6000
8	6	1.000000000000	0.748000000000	1	1.000000000000	0.000000000000	0.000000000000	0.000000000000	6000
8	6	1.000000000000	0.748000000000	2	1.000000000000	0.000000000000	0.000000000000	0.000000000000	8000
8	6	1.000000000000	0.748000000000	3	1.000000000000	0.000000000000	0.000000000000	0.000000000000	6000
8	7	1.000000000000	0.872000000000	1	1.000000000000	0.000000000000	0.000000000000	0.000000000000	10000
8	7	1.000000000000	0.872000000000	2	1.000000000000	0.000000000000	0.000000000000	0.000000000000	6000
8	7	1.000000000000	0.872000000000	3	1.000000000000	0.000000000000	0.000000000000	0.000000000000	8000
8	8	1.000000000000	1.000000000000	1	1.000000000000	1.000000000000	0.000000000000	0.000000000000	4000
8	8	1.000000000000	1.000000000000	2	1.000000000000	1.000000000000	0.000000000000	0.000000000000	4000
8	8	1.000000000000	1.000000000000	3	1.000000000000	1.000000000000	0.000000000000	0.000000000000	4000
