# scan initial plane
# b 1.2
# r 0
# e -0.4
# p12 0.3
# ndiv 6
# n_reps 2
# A:(0,1),	A':(0,0.600),	B:(1,0),	B'=(0.600,0),	C:(1,1),	D:(0,0),	E:(0.316,0.316) 
# columns: ix iy x1_0 x2_0 rep x1_inf x2_inf sigma_1 sigma_2 t_relax
0	0	0.000000000000	0.000000000000	1	0.000000000000	0.000000000000	0.000000000000	0.000000000000	4000
0	0	0.000000000000	0.000000000000	2	0.000000000000	0.000000000000	0.000000000000	0.000000000000	4000
0	1	0.000000000000	0.166000000000	1	0.000000000000	0.623958000000	0.000000000000	0.007811738555	4000
0	1	0.000000000000	0.166000000000	2	0.000000000000	0.614754000000	0.000000000000	0.008365253222	6000
0	2	0.000000000000	0.332000000000	1	0.000000000000	0.610956000000	0.000000000000	0.008869991023	8000
0	2	0.000000000000	0.332000000000	2	0.000000000000	0.613012000000	0.000000000000	0.009038669900	20000
0	3	0.000000000000	0.500000000000	1	0.000000000000	0.621220000000	0.000000000000	0.007192449606	20000
0	3	0.000000000000	0.500000000000	2	0.000000000000	0.620542000000	0.000000000000	0.007999889639	10000
0	4	0.000000000000	0.666000000000	1	0.000000000000	0.626360000000	0.000000000000	0.007670282474	10000
0	4	0.000000000000	0.666000000000	2	0.000000000000	0.611056000000	0.000000000000	0.007937497582	18000
0	5	0.000000000000	0.832000000000	1	0.000000000000	0.626062000000	0.000000000000	0.007952320127	8000
0	5	0.000000000000	0.832000000000	2	0.000000000000	0.624072000000	0.000000000000	0.007863883052	12000
0	6	0.000000000000	1.000000000000	1	0.000000000000	1.000000000000	0.000000000000	0.000000000000	4000
0	6	0.000000000000	1.000000000000	2	0.000000000000	1.000000000000	0.000000000000	0.000000000000	4000
1	0	0.166000000000	0.000000000000	1	0.611918000000	0.000000000000	0.008738056399	0.000000000000	6000
1	0	0.166000000000	0.000000000000	2	0.621692000000	0.000000000000	0.008236320354	0.000000000000	20000
1	1	0.166000000000	0.166000000000	1	0.614364000000	0.000000000000	0.008545673322	0.000000000000	20000
1	1	0.166000000000	0.166000000000	2	0.527182000000	0.102122000000	0.010313158451	0.010901924966	20000
1	2	0.166000000000	0.332000000000	1	0.121976000000	0.511926000000	0.014228488109	0.013641136485	20000
1	2	0.166000000000	0.332000000000	2	0.000000000000	0.622436000000	0.000000000000	0.007349552362	20000
1	3	0.166000000000	0.500000000000	1	0.108424000000	0.513512000000	0.016303067626	0.015672124026	4000
1	3	0.166000000000	0.500000000000	2	0.000000000000	0.617318000000	0.000000000000	0.008492526067	16000
1	4	0.166000000000	0.666000000000	1	0.000000000000	0.621568000000	0.000000000000	0.007402443662	20000
1	4	0.166000000000	0.666000000000	2	0.131660000000	0.494364000000	0.016673644185	0.015393780318	20000
1	5	0.166000000000	0.832000000000	1	0.000000000000	0.614306000000	0.000000000000	0.007205156367	20000
1	5	0.166000000000	0.832000000000	2	0.000000000000	0.618770000000	0.000000000000	0.007453499490	16000
1	6	0.166000000000	1.000000000000	1	0.000000000000	1.000000000000	0.000000000000	0.000000000000	6000
1	6	0.166000000000	1.000000000000	2	0.000000000000	1.000000000000	0.000000000000	0.000000000000	6000
2	0	0.332000000000	0.000000000000	1	0.621580000000	0.000000000000	0.006735946331	0.000000000000	18000
2	0	0.332000000000	0.000000000000	2	0.624214000000	0.000000000000	0.008217647701	0.000000000000	20000
2	1	0.332000000000	0.166000000000	1	0.196366000000	0.426564000000	0.027890498811	0.027003760981	20000
2	1	0.332000000000	0.166000000000	2	0.618130000000	0.000000000000	0.009439290238	0.000000000000	10000
2	2	0.332000000000	0.332000000000	1	0.000000000000	0.613344000000	0.000000000000	0.008105514380	20000
2	2	0.332000000000	0.332000000000	2	0.589620000000	0.035466000000	0.007595873702	0.004988760541	20000
2	3	0.332000000000	0.500000000000	1	0.000000000000	0.620220000000	0.000000000000	0.008576780349	16000
2	3	0.332000000000	0.500000000000	2	0.000000000000	0.623396000000	0.000000000000	0.007461558742	20000
2	4	0.332000000000	0.666000000000	1	0.172792000000	0.457518000000	0.014978554439	0.014171114864	20000
2	4	0.332000000000	0.666000000000	2	0.428732000000	0.203482000000	0.014511607863	0.014479548796	20000
2	5	0.332000000000	0.832000000000	1	0.000000000000	0.618806000000	0.000000000000	0.007670019113	16000
2	5	0.332000000000	0.832000000000	2	0.000000000000	0.619990000000	0.000000000000	0.009174752099	8000
2	6	0.332000000000	1.000000000000	1	0.000000000000	1.000000000000	0.000000000000	0.000000000000	6000
2	6	0.332000000000	1.000000000000	2	0.000000000000	1.000000000000	0.000000000000	0.000000000000	6000
3	0	0.500000000000	0.000000000000	1	0.621474000000	0.000000000000	0.008140367903	0.000000000000	12000
3	0	0.500000000000	0.000000000000	2	0.618972000000	0.000000000000	0.008633524990	0.000000000000	18000
3	1	0.500000000000	0.166000000000	1	0.619274000000	0.000000000000	0.007058522986	0.000000000000	20000
3	1	0.500000000000	0.166000000000	2	0.611464000000	0.000000000000	0.007373945964	0.000000000000	20000
3	2	0.500000000000	0.332000000000	1	0.465370000000	0.163756000000	0.012538752742	0.018700218238	20000
3	2	0.500000000000	0.332000000000	2	0.003620000000	0.615568000000	0.001844723015	0.008638981885	20000
3	3	0.500000000000	0.500000000000	1	0.493036000000	0.137394000000	0.012868733749	0.015190375621	20000
3	3	0.500000000000	0.500000000000	2	0.118494000000	0.506128000000	0.011197023593	0.009407662840	20000
3	4	0.500000000000	0.666000000000	1	0.092380000000	0.535876000000	0.009228909620	0.011935790174	20000
3	4	0.500000000000	0.666000000000	2	0.000000000000	0.624512000000	0.000000000000	0.009881472537	16000
3	5	0.500000000000	0.832000000000	1	0.219084000000	0.409484000000	0.013943434418	0.013965126880	20000
3	5	0.500000000000	0.832000000000	2	0.000000000000	0.621188000000	0.000000000000	0.007675908778	20000
3	6	0.500000000000	1.000000000000	1	0.000000000000	1.000000000000	0.000000000000	0.000000000000	6000
3	6	0.500000000000	1.000000000000	2	0.000000000000	1.000000000000	0.000000000000	0.000000000000	6000
4	0	0.666000000000	0.000000000000	1	0.621344000000	0.000000000000	0.007995598389	0.000000000000	20000
4	0	0.666000000000	0.000000000000	2	0.629738000000	0.000000000000	0.008992898767	0.000000000000	12000
4	1	0.666000000000	0.166000000000	1	0.616950000000	0.000000000000	0.008358670191	0.000000000000	12000
4	1	0.666000000000	0.166000000000	2	0.615782000000	0.000000000000	0.006944688957	0.000000000000	18000
4	2	0.666000000000	0.332000000000	1	0.620512000000	0.000000000000	0.009761205721	0.000000000000	18000
4	2	0.666000000000	0.332000000000	2	0.458748000000	0.171296000000	0.021743994511	0.017303751148	20000
4	3	0.666000000000	0.500000000000	1	0.606916000000	0.006314000000	0.009824941398	0.005103278108	20000
4	3	0.666000000000	0.500000000000	2	0.000000000000	0.622922000000	0.000000000000	0.007308579296	18000
4	4	0.666000000000	0.666000000000	1	0.130974000000	0.501514000000	0.013707633757	0.012503605246	20000
4	4	0.666000000000	0.666000000000	2	0.573830000000	0.051744000000	0.025563971065	0.024985250183	20000
4	5	0.666000000000	0.832000000000	1	0.000000000000	0.619700000000	0.000000000000	0.008327505470	20000
4	5	0.666000000000	0.832000000000	2	0.357924000000	0.266292000000	0.012232082727	0.011338575717	20000
4	6	0.666000000000	1.000000000000	1	0.000000000000	1.000000000000	0.000000000000	0.000000000000	6000
4	6	0.666000000000	1.000000000000	2	0.000000000000	1.000000000000	0.000000000000	0.000000000000	6000
5	0	0.832000000000	0.000000000000	1	0.626908000000	0.000000000000	0.009705139140	0.000000000000	6000
5	0	0.832000000000	0.000000000000	2	0.621478000000	0.000000000000	0.007020313440	0.000000000000	20000
5	1	0.832000000000	0.166000000000	1	0.620330000000	0.000000000000	0.007722871405	0.000000000000	20000
5	1	0.832000000000	0.166000000000	2	0.604202000000	0.020878000000	0.008634683188	0.004217452181	20000
5	2	0.832000000000	0.332000000000	1	0.533124000000	0.094076000000	0.014730431413	0.013453892791	20000
5	2	0.832000000000	0.332000000000	2	0.622404000000	0.000000000000	0.007060781730	0.000000000000	20000
5	3	0.832000000000	0.500000000000	1	0.620036000000	0.000000000000	0.006505461169	0.000000000000	20000
5	3	0.832000000000	0.500000000000	2	0.445876000000	0.185186000000	0.019638388180	0.019656240021	20000
5	4	0.832000000000	0.666000000000	1	0.625548000000	0.000000000000	0.007519324187	0.000000000000	20000
5	4	0.832000000000	0.666000000000	2	0.617480000000	0.000000000000	0.006984151944	0.000000000000	20000
5	5	0.832000000000	0.832000000000	1	0.413596000000	0.213512000000	0.031807176556	0.031834309782	20000
5	5	0.832000000000	0.832000000000	2	0.618718000000	0.000000000000	0.007693872346	0.000000000000	20000
5	6	0.832000000000	1.000000000000	1	0.000000000000	1.000000000000	0.000000000000	0.000000000000	6000
5	6	0.832000000000	1.000000000000	2	0.000000000000	1.000000000000	0.000000000000	0.000000000000	6000
6	0	1.000000000000	0.000000000000	1	1.000000000000	0.000000000000	0.000000000000	0.000000000000	4000
6	0	1.000000000000	0.000000000000	2	1.000000000000	0.000000000000	0.000000000000	0.000000000000	4000
6	1	1.000000000000	0.166000000000	1	1.000000000000	0.000000000000	0.000000000000	0.000000000000	6000
6	1	1.000000000000	0.166000000000	2	1.000000000000	0.000000000000	0.000000000000	0.000000000000	6000
6	2	1.000000000000	0.332000000000	1	1.000000000000	0.000000000000	0.000000000000	0.000000000000	6000
6	2	1.000000000000	0.332000000000	2	1.000000000000	0.000000000000	0.000000000000	0.000000000000	6000
6	3	1.000000000000	0.500000000000	1	1.000000000000	0.000000000000	0.000000000000	0.000000000000	6000
6	3	1.000000000000	0.500000000000	2	1.000000000000	0.000000000000	0.000000000000	0.000000000000	6000
6	4	1.000000000000	0.666000000000	1	1.000000000000	0.000000000000	0.000000000000	0.000000000000	6000
6	4	1.000000000000	0.666000000000	2	1.000000000000	0.000000000000	0.000000000000	0.000000000000	6000
6	5	1.000000000000	0.832000000000	1	1.000000000000	0.000000000000	0.000000000000	0.000000000000	6000
6	5	1.000000000000	0.832000000000	2	1.000000000000	0.000000000000	0.000000000000	0.000000000000	6000
6	6	1.000000000000	1.000000000000	1	1.000000000000	1.000000000000	0.000000000000	0.000000000000	4000
6	6	1.000000000000	1.000000000000	2	1.000000000000	1.000000000000	0.000000000000	0.000000000000	4000
