# scan initial plane
# b 1.174
# r 0
# e -0.4
# p12 0.3
# ndiv 10
# n_reps 5
# A:(0,1),	A':(0,0.690),	B:(1,0),	B'=(0.690,0),	C:(1,1),	D:(0,0),	E:(0.347,0.347) 
# columns: ix iy x1_0 x2_0 rep x1_inf x2_inf sigma_1 sigma_2 t_relax
0	0	0.000000000000	0.000000000000	1	0.000000000000	0.000000000000	0.000000000000	0.000000000000	4000
0	0	0.000000000000	0.000000000000	2	0.000000000000	0.000000000000	0.000000000000	0.000000000000	4000
0	0	0.000000000000	0.000000000000	3	0.000000000000	0.000000000000	0.000000000000	0.000000000000	4000
0	0	0.000000000000	0.000000000000	4	0.000000000000	0.000000000000	0.000000000000	0.000000000000	4000
0	0	0.000000000000	0.000000000000	5	0.000000000000	0.000000000000	0.000000000000	0.000000000000	4000
0	1	0.000000000000	0.100000000000	1	0.000000000000	0.712895555556	0.000000000000	0.010958171314	10000
0	1	0.000000000000	0.100000000000	2	0.000000000000	0.707853333333	0.000000000000	0.009767206953	30000
0	1	0.000000000000	0.100000000000	3	0.000000000000	0.706737777778	0.000000000000	0.009668046876	16000
0	1	0.000000000000	0.100000000000	4	0.000000000000	0.715146666667	0.000000000000	0.009116793614	24000
0	1	0.000000000000	0.100000000000	5	0.000000000000	0.704097777778	0.000000000000	0.009011956423	30000
0	2	0.000000000000	0.200000000000	1	0.000000000000	0.690542222222	0.000000000000	0.008804084395	6000
0	2	0.000000000000	0.200000000000	2	0.000000000000	0.699193333333	0.000000000000	0.007964760992	8000
0	2	0.000000000000	0.200000000000	3	0.000000000000	0.708713333333	0.000000000000	0.009708808994	28000
0	2	0.000000000000	0.200000000000	4	0.000000000000	0.700077777778	0.000000000000	0.007632798808	28000
0	2	0.000000000000	0.200000000000	5	0.000000000000	0.699295555556	0.000000000000	0.011738385573	30000
0	3	0.000000000000	0.300000000000	1	0.000000000000	0.700960000000	0.000000000000	0.008363808437	18000
0	3	0.000000000000	0.300000000000	2	0.000000000000	0.702846666667	0.000000000000	0.009036708561	14000
0	3	0.000000000000	0.300000000000	3	0.000000000000	0.705240000000	0.000000000000	0.006871446520	30000
0	3	0.000000000000	0.300000000000	4	0.000000000000	0.702206666667	0.000000000000	0.008838963062	20000
0	3	0.000000000000	0.300000000000	5	0.000000000000	0.697220000000	0.000000000000	0.008858807681	14000
0	4	0.000000000000	0.400000000000	1	0.000000000000	0.695264444444	0.000000000000	0.007377932348	6000
0	4	0.000000000000	0.400000000000	2	0.000000000000	0.698880000000	0.000000000000	0.007775945253	4000
0	4	0.000000000000	0.400000000000	3	0.000000000000	0.706951111111	0.000000000000	0.007704299148	6000
0	4	0.000000000000	0.400000000000	4	0.000000000000	0.695973333333	0.000000000000	0.010076060178	22000
0	4	0.000000000000	0.400000000000	5	0.000000000000	0.700742222222	0.000000000000	0.008266631506	30000
0	5	0.000000000000	0.500000000000	1	0.000000000000	0.696468888889	0.000000000000	0.009341200057	18000
0	5	0.000000000000	0.500000000000	2	0.000000000000	0.704986666667	0.000000000000	0.009811043401	16000
0	5	0.000000000000	0.500000000000	3	0.000000000000	0.698295555556	0.000000000000	0.007317002878	28000
0	5	0.000000000000	0.500000000000	4	0.000000000000	0.702880000000	0.000000000000	0.008340432671	30000
0	5	0.000000000000	0.500000000000	5	0.000000000000	0.692364444444	0.000000000000	0.009081416272	14000
0	6	0.000000000000	0.600000000000	1	0.000000000000	0.705755555556	0.000000000000	0.009421245723	16000
0	6	0.000000000000	0.600000000000	2	0.000000000000	0.698686666667	0.000000000000	0.013701172831	10000
0	6	0.000000000000	0.600000000000	3	0.000000000000	0.691771111111	0.000000000000	0.007965865647	24000
0	6	0.000000000000	0.600000000000	4	0.000000000000	0.702871111111	0.000000000000	0.011506207781	30000
0	6	0.000000000000	0.600000000000	5	0.000000000000	0.706753333333	0.000000000000	0.008794257425	28000
0	7	0.000000000000	0.700000000000	1	0.000000000000	0.699966666667	0.000000000000	0.009186104069	10000
0	7	0.000000000000	0.700000000000	2	0.000000000000	0.701373333333	0.000000000000	0.010282307827	30000
0	7	0.000000000000	0.700000000000	3	0.000000000000	0.695213333333	0.000000000000	0.010148317172	30000
0	7	0.000000000000	0.700000000000	4	0.000000000000	0.700460000000	0.000000000000	0.009964940829	6000
0	7	0.000000000000	0.700000000000	5	0.000000000000	0.700702222222	0.000000000000	0.008340954214	12000
0	8	0.000000000000	0.800000000000	1	0.000000000000	0.702462222222	0.000000000000	0.010525634967	12000
0	8	0.000000000000	0.800000000000	2	0.000000000000	0.703191111111	0.000000000000	0.008672115989	24000
0	8	0.000000000000	0.800000000000	3	0.000000000000	0.706140000000	0.000000000000	0.008414322935	16000
0	8	0.000000000000	0.800000000000	4	0.000000000000	0.693911111111	0.000000000000	0.008465153236	30000
0	8	0.000000000000	0.800000000000	5	0.000000000000	0.696213333333	0.000000000000	0.009856264801	30000
0	9	0.000000000000	0.900000000000	1	0.000000000000	0.704400000000	0.000000000000	0.009169090488	8000
0	9	0.000000000000	0.900000000000	2	0.000000000000	0.706684444444	0.000000000000	0.010570997959	30000
0	9	0.000000000000	0.900000000000	3	0.000000000000	0.696468888889	0.000000000000	0.010873463228	10000
0	9	0.000000000000	0.900000000000	4	0.000000000000	0.704955555556	0.000000000000	0.007876724162	30000
0	9	0.000000000000	0.900000000000	5	0.000000000000	0.709208888889	0.000000000000	0.008791948313	12000
0	10	0.000000000000	1.000000000000	1	0.000000000000	1.000000000000	0.000000000000	0.000000000000	4000
0	10	0.000000000000	1.000000000000	2	0.000000000000	1.000000000000	0.000000000000	0.000000000000	4000
0	10	0.000000000000	1.000000000000	3	0.000000000000	1.000000000000	0.000000000000	0.000000000000	4000
0	10	0.000000000000	1.000000000000	4	0.000000000000	1.000000000000	0.000000000000	0.000000000000	4000
0	10	0.000000000000	1.000000000000	5	0.000000000000	1.000000000000	0.000000000000	0.000000000000	4000
1	0	0.100000000000	0.000000000000	1	0.703786666667	0.000000000000	0.010691066890	0.000000000000	12000
1	0	0.100000000000	0.000000000000	2	0.700786666667	0.000000000000	0.009318577825	0.000000000000	12000
1	0	0.100000000000	0.000000000000	3	0.700077777778	0.000000000000	0.007854311474	0.000000000000	12000
1	0	0.100000000000	0.000000000000	4	0.709806666667	0.000000000000	0.010586533754	0.000000000000	14000
1	0	0.100000000000	0.000000000000	5	0.697611111111	0.000000000000	0.012137729812	0.000000000000	6000
1	1	0.100000000000	0.100000000000	1	0.699537777778	0.000000000000	0.014265549618	0.000000000000	20000
1	1	0.100000000000	0.100000000000	2	0.000000000000	0.694988888889	0.000000000000	0.007573700627	16000
1	1	0.100000000000	0.100000000000	3	0.000000000000	0.695988888889	0.000000000000	0.009734795721	20000
1	1	0.100000000000	0.100000000000	4	0.000000000000	0.703700000000	0.000000000000	0.008795183710	18000
1	1	0.100000000000	0.100000000000	5	0.701144444444	0.000000000000	0.012028171063	0.000000000000	30000
1	2	0.100000000000	0.200000000000	1	0.000000000000	0.701551111111	0.000000000000	0.011140833564	10000
1	2	0.100000000000	0.200000000000	2	0.000000000000	0.698864444444	0.000000000000	0.008299882144	22000
1	2	0.100000000000	0.200000000000	3	0.000000000000	0.709866666667	0.000000000000	0.009755953845	30000
1	2	0.100000000000	0.200000000000	4	0.000000000000	0.696646666667	0.000000000000	0.006450703989	22000
1	2	0.100000000000	0.200000000000	5	0.000000000000	0.697486666667	0.000000000000	0.007226978063	10000
1	3	0.100000000000	0.300000000000	1	0.000000000000	0.704233333333	0.000000000000	0.006703997730	30000
1	3	0.100000000000	0.300000000000	2	0.000000000000	0.698640000000	0.000000000000	0.009687068753	30000
1	3	0.100000000000	0.300000000000	3	0.000000000000	0.706673333333	0.000000000000	0.009151117843	22000
1	3	0.100000000000	0.300000000000	4	0.000000000000	0.702286666667	0.000000000000	0.009972380945	30000
1	3	0.100000000000	0.300000000000	5	0.000000000000	0.705551111111	0.000000000000	0.009374457493	10000
1	4	0.100000000000	0.400000000000	1	0.000000000000	0.696428888889	0.000000000000	0.010794636791	18000
1	4	0.100000000000	0.400000000000	2	0.000000000000	0.703244444444	0.000000000000	0.012181842479	30000
1	4	0.100000000000	0.400000000000	3	0.000000000000	0.713302222222	0.000000000000	0.010884306018	6000
1	4	0.100000000000	0.400000000000	4	0.000000000000	0.697973333333	0.000000000000	0.008117531584	30000
1	4	0.100000000000	0.400000000000	5	0.000000000000	0.689057777778	0.000000000000	0.011384735388	28000
1	5	0.100000000000	0.500000000000	1	0.000000000000	0.699933333333	0.000000000000	0.008321063892	10000
1	5	0.100000000000	0.500000000000	2	0.000000000000	0.697871111111	0.000000000000	0.010833875543	10000
1	5	0.100000000000	0.500000000000	3	0.000000000000	0.707362222222	0.000000000000	0.008679274387	8000
1	5	0.100000000000	0.500000000000	4	0.000000000000	0.697615555556	0.000000000000	0.009651337407	30000
1	5	0.100000000000	0.500000000000	5	0.000000000000	0.704486666667	0.000000000000	0.008697369251	8000
1	6	0.100000000000	0.600000000000	1	0.000000000000	0.705148888889	0.000000000000	0.011838604333	16000
1	6	0.100000000000	0.600000000000	2	0.000000000000	0.695311111111	0.000000000000	0.009532867718	6000
1	6	0.100000000000	0.600000000000	3	0.000000000000	0.700151111111	0.000000000000	0.010306149401	10000
1	6	0.100000000000	0.600000000000	4	0.000000000000	0.693931111111	0.000000000000	0.006554364614	24000
1	6	0.100000000000	0.600000000000	5	0.000000000000	0.697620000000	0.000000000000	0.010423610654	18000
1	7	0.100000000000	0.700000000000	1	0.000000000000	0.709866666667	0.000000000000	0.009826130935	24000
1	7	0.100000000000	0.700000000000	2	0.000000000000	0.700153333333	0.000000000000	0.009358689096	12000
1	7	0.100000000000	0.700000000000	3	0.000000000000	0.699822222222	0.000000000000	0.011676971367	18000
1	7	0.100000000000	0.700000000000	4	0.000000000000	0.700342222222	0.000000000000	0.009974890063	30000
1	7	0.100000000000	0.700000000000	5	0.000000000000	0.710357777778	0.000000000000	0.008724449112	24000
1	8	0.100000000000	0.800000000000	1	0.000000000000	0.696000000000	0.000000000000	0.010041006397	30000
1	8	0.100000000000	0.800000000000	2	0.000000000000	0.700255555556	0.000000000000	0.011228118210	20000
1	8	0.100000000000	0.800000000000	3	0.000000000000	0.708428888889	0.000000000000	0.010888471457	30000
1	8	0.100000000000	0.800000000000	4	0.000000000000	0.701506666667	0.000000000000	0.010688276594	26000
1	8	0.100000000000	0.800000000000	5	0.000000000000	0.697793333333	0.000000000000	0.007401048655	24000
1	9	0.100000000000	0.900000000000	1	0.000000000000	0.708713333333	0.000000000000	0.009519599045	16000
1	9	0.100000000000	0.900000000000	2	0.000000000000	0.704882222222	0.000000000000	0.008877256041	26000
1	9	0.100000000000	0.900000000000	3	0.000000000000	0.705500000000	0.000000000000	0.008499238311	12000
1	9	0.100000000000	0.900000000000	4	0.000000000000	0.701457777778	0.000000000000	0.009822423628	30000
1	9	0.100000000000	0.900000000000	5	0.000000000000	0.698868888889	0.000000000000	0.008892758306	30000
1	10	0.100000000000	1.000000000000	1	0.000000000000	1.000000000000	0.000000000000	0.000000000000	6000
1	10	0.100000000000	1.000000000000	2	0.000000000000	1.000000000000	0.000000000000	0.000000000000	6000
1	10	0.100000000000	1.000000000000	3	0.000000000000	1.000000000000	0.000000000000	0.000000000000	6000
1	10	0.100000000000	1.000000000000	4	0.000000000000	1.000000000000	0.000000000000	0.000000000000	6000
1	10	0.100000000000	1.000000000000	5	0.000000000000	1.000000000000	0.000000000000	0.000000000000	6000
2	0	0.200000000000	0.000000000000	1	0.700931111111	0.000000000000	0.008978923130	0.000000000000	10000
2	0	0.200000000000	0.000000000000	2	0.708337777778	0.000000000000	0.008450569988	0.000000000000	16000
2	0	0.200000000000	0.000000000000	3	0.706864444444	0.000000000000	0.009681357689	0.000000000000	28000
2	0	0.200000000000	0.000000000000	4	0.705506666667	0.000000000000	0.008367985936	0.000000000000	22000
2	0	0.200000000000	0.000000000000	5	0.702691111111	0.000000000000	0.008449395021	0.000000000000	6000
2	1	0.200000000000	0.100000000000	1	0.698546666667	0.000000000000	0.010813791826	0.000000000000	24000
2	1	0.200000000000	0.100000000000	2	0.705966666667	0.000000000000	0.010014824835	0.000000000000	10000
2	1	0.200000000000	0.100000000000	3	0.701373333333	0.000000000000	0.010025752133	0.000000000000	14000
2	1	0.200000000000	0.100000000000	4	0.713546666667	0.000000000000	0.010444651269	0.000000000000	18000
2	1	0.200000000000	0.100000000000	5	0.704060000000	0.000000000000	0.008909183539	0.000000000000	30000
2	2	0.200000000000	0.200000000000	1	0.701548888889	0.000000000000	0.008723630913	0.000000000000	18000
2	2	0.200000000000	0.200000000000	2	0.697864444444	0.000000000000	0.009945408646	0.000000000000	30000
2	2	0.200000000000	0.200000000000	3	0.705726666667	0.000000000000	0.010007491355	0.000000000000	18000
2	2	0.200000000000	0.200000000000	4	0.703328888889	0.000000000000	0.011962280837	0.000000000000	18000
2	2	0.200000000000	0.200000000000	5	0.000000000000	0.700504444444	0.000000000000	0.007565699746	20000
2	3	0.200000000000	0.300000000000	1	0.000000000000	0.702688888889	0.000000000000	0.005759208029	20000
2	3	0.200000000000	0.300000000000	2	0.000000000000	0.707340000000	0.000000000000	0.008645651823	30000
2	3	0.200000000000	0.300000000000	3	0.000000000000	0.702837777778	0.000000000000	0.008929467770	30000
2	3	0.200000000000	0.300000000000	4	0.000000000000	0.696780000000	0.000000000000	0.008645711286	30000
2	3	0.200000000000	0.300000000000	5	0.000000000000	0.708931111111	0.000000000000	0.010336146158	20000
2	4	0.200000000000	0.400000000000	1	0.000000000000	0.695231111111	0.000000000000	0.009252031614	18000
2	4	0.200000000000	0.400000000000	2	0.000000000000	0.702413333333	0.000000000000	0.009083239568	16000
2	4	0.200000000000	0.400000000000	3	0.000000000000	0.702677777778	0.000000000000	0.008599727515	10000
2	4	0.200000000000	0.400000000000	4	0.000000000000	0.699982222222	0.000000000000	0.011930406999	30000
2	4	0.200000000000	0.400000000000	5	0.000000000000	0.684964444444	0.000000000000	0.007722124482	30000
2	5	0.200000000000	0.500000000000	1	0.000000000000	0.700300000000	0.000000000000	0.010317031186	10000
2	5	0.200000000000	0.500000000000	2	0.000000000000	0.696275555556	0.000000000000	0.007680975687	14000
2	5	0.200000000000	0.500000000000	3	0.000000000000	0.702335555556	0.000000000000	0.009178466065	30000
2	5	0.200000000000	0.500000000000	4	0.000000000000	0.700151111111	0.000000000000	0.008590065556	16000
2	5	0.200000000000	0.500000000000	5	0.000000000000	0.707417777778	0.000000000000	0.010160845367	30000
2	6	0.200000000000	0.600000000000	1	0.000000000000	0.700077777778	0.000000000000	0.007827202071	14000
2	6	0.200000000000	0.600000000000	2	0.000000000000	0.708180000000	0.000000000000	0.007532227952	28000
2	6	0.200000000000	0.600000000000	3	0.000000000000	0.698128888889	0.000000000000	0.010301270334	16000
2	6	0.200000000000	0.600000000000	4	0.000000000000	0.708733333333	0.000000000000	0.008303222953	8000
2	6	0.200000000000	0.600000000000	5	0.000000000000	0.703006666667	0.000000000000	0.011014010372	26000
2	7	0.200000000000	0.700000000000	1	0.000000000000	0.710551111111	0.000000000000	0.009750909992	28000
2	7	0.200000000000	0.700000000000	2	0.000000000000	0.698577777778	0.000000000000	0.009356090279	10000
2	7	0.200000000000	0.700000000000	3	0.000000000000	0.700408888889	0.000000000000	0.007842460750	18000
2	7	0.200000000000	0.700000000000	4	0.000000000000	0.696511111111	0.000000000000	0.007474206647	6000
2	7	0.200000000000	0.700000000000	5	0.000000000000	0.703482222222	0.000000000000	0.007373801312	8000
2	8	0.200000000000	0.800000000000	1	0.000000000000	0.703740000000	0.000000000000	0.008203624354	30000
2	8	0.200000000000	0.800000000000	2	0.000000000000	0.701262222222	0.000000000000	0.010706543191	14000
2	8	0.200000000000	0.800000000000	3	0.000000000000	0.702960000000	0.000000000000	0.008847578347	12000
2	8	0.200000000000	0.800000000000	4	0.000000000000	0.690868888889	0.000000000000	0.008670752126	30000
2	8	0.200000000000	0.800000000000	5	0.000000000000	0.697802222222	0.000000000000	0.009182902781	30000
2	9	0.200000000000	0.900000000000	1	0.000000000000	0.701891111111	0.000000000000	0.006912674162	20000
2	9	0.200000000000	0.900000000000	2	0.000000000000	0.696324444444	0.000000000000	0.009723950686	28000
2	9	0.200000000000	0.900000000000	3	0.000000000000	0.703535555556	0.000000000000	0.008820143184	14000
2	9	0.200000000000	0.900000000000	4	0.000000000000	0.705217777778	0.000000000000	0.008421388776	10000
2	9	0.200000000000	0.900000000000	5	0.000000000000	0.701097777778	0.000000000000	0.008929936367	30000
2	10	0.200000000000	1.000000000000	1	0.000000000000	1.000000000000	0.000000000000	0.000000000000	6000
2	10	0.200000000000	1.000000000000	2	0.000000000000	1.000000000000	0.000000000000	0.000000000000	6000
2	10	0.200000000000	1.000000000000	3	0.000000000000	1.000000000000	0.000000000000	0.000000000000	6000
2	10	0.200000000000	1.000000000000	4	0.000000000000	1.000000000000	0.000000000000	0.000000000000	6000
2	10	0.200000000000	1.000000000000	5	0.000000000000	1.000000000000	0.000000000000	0.000000000000	6000
3	0	0.300000000000	0.000000000000	1	0.712271111111	0.000000000000	0.010645921138	0.000000000000	8000
3	0	0.300000000000	0.000000000000	2	0.696637777778	0.000000000000	0.008623507891	0.000000000000	28000
3	0	0.300000000000	0.000000000000	3	0.701028888889	0.000000000000	0.009004539335	0.000000000000	8000
3	0	0.300000000000	0.000000000000	4	0.695624444444	0.000000000000	0.007712130283	0.000000000000	16000
3	0	0.300000000000	0.000000000000	5	0.702500000000	0.000000000000	0.011386721882	0.000000000000	18000
3	1	0.300000000000	0.100000000000	1	0.701426666667	0.000000000000	0.007419355063	0.000000000000	26000
3	1	0.300000000000	0.100000000000	2	0.705782222222	0.000000000000	0.009804272453	0.000000000000	28000
3	1	0.300000000000	0.100000000000	3	0.699546666667	0.000000000000	0.008111478746	0.000000000000	30000
3	1	0.300000000000	0.100000000000	4	0.695706666667	0.000000000000	0.009830400051	0.000000000000	16000
3	1	0.300000000000	0.100000000000	5	0.696146666667	0.000000000000	0.007543378019	0.000000000000	16000
3	2	0.300000000000	0.200000000000	1	0.698671111111	0.000000000000	0.008927287765	0.000000000000	20000
3	2	0.300000000000	0.200000000000	2	0.702548888889	0.000000000000	0.011220987366	0.000000000000	8000
3	2	0.300000000000	0.200000000000	3	0.692560000000	0.000000000000	0.009363087137	0.000000000000	30000
3	2	0.300000000000	0.200000000000	4	0.694771111111	0.000000000000	0.008767492415	0.000000000000	26000
3	2	0.300000000000	0.200000000000	5	0.699366666667	0.000000000000	0.010934595001	0.000000000000	8000
3	3	0.300000000000	0.300000000000	1	0.000000000000	0.698762222222	0.000000000000	0.009478486086	28000
3	3	0.300000000000	0.300000000000	2	0.693931111111	0.000000000000	0.009667960722	0.000000000000	10000
3	3	0.300000000000	0.300000000000	3	0.709848888889	0.000000000000	0.008400960459	0.000000000000	12000
3	3	0.300000000000	0.300000000000	4	0.699791111111	0.000000000000	0.010086481790	0.000000000000	24000
3	3	0.300000000000	0.300000000000	5	0.000000000000	0.708828888889	0.000000000000	0.009223024462	30000
3	4	0.300000000000	0.400000000000	1	0.000000000000	0.698617777778	0.000000000000	0.009076846083	30000
3	4	0.300000000000	0.400000000000	2	0.000000000000	0.708837777778	0.000000000000	0.011208001751	30000
3	4	0.300000000000	0.400000000000	3	0.000000000000	0.699173333333	0.000000000000	0.009932511424	14000
3	4	0.300000000000	0.400000000000	4	0.000000000000	0.691473333333	0.000000000000	0.011262988468	10000
3	4	0.300000000000	0.400000000000	5	0.000000000000	0.695764444444	0.000000000000	0.010611423140	20000
3	5	0.300000000000	0.500000000000	1	0.000000000000	0.695164444444	0.000000000000	0.007824438266	30000
3	5	0.300000000000	0.500000000000	2	0.000000000000	0.699384444444	0.000000000000	0.009465836013	14000
3	5	0.300000000000	0.500000000000	3	0.000000000000	0.700017777778	0.000000000000	0.011367291631	20000
3	5	0.300000000000	0.500000000000	4	0.000000000000	0.688100000000	0.000000000000	0.008712229335	28000
3	5	0.300000000000	0.500000000000	5	0.000000000000	0.690331111111	0.000000000000	0.009322055725	26000
3	6	0.300000000000	0.600000000000	1	0.000000000000	0.698195555556	0.000000000000	0.007865280224	18000
3	6	0.300000000000	0.600000000000	2	0.000000000000	0.704233333333	0.000000000000	0.009332172047	22000
3	6	0.300000000000	0.600000000000	3	0.000000000000	0.691080000000	0.000000000000	0.010346940499	30000
3	6	0.300000000000	0.600000000000	4	0.000000000000	0.697202222222	0.000000000000	0.010000041770	30000
3	6	0.300000000000	0.600000000000	5	0.000000000000	0.696260000000	0.000000000000	0.006555070495	16000
3	7	0.300000000000	0.700000000000	1	0.000000000000	0.706520000000	0.000000000000	0.009434810686	8000
3	7	0.300000000000	0.700000000000	2	0.000000000000	0.710751111111	0.000000000000	0.008512134673	26000
3	7	0.300000000000	0.700000000000	3	0.000000000000	0.713175555556	0.000000000000	0.010373696735	6000
3	7	0.300000000000	0.700000000000	4	0.000000000000	0.712355555556	0.000000000000	0.010482354521	30000
3	7	0.300000000000	0.700000000000	5	0.000000000000	0.702140000000	0.000000000000	0.009245336479	24000
3	8	0.300000000000	0.800000000000	1	0.000000000000	0.693962222222	0.000000000000	0.008461213878	18000
3	8	0.300000000000	0.800000000000	2	0.000000000000	0.695295555556	0.000000000000	0.009088328436	30000
3	8	0.300000000000	0.800000000000	3	0.000000000000	0.697144444444	0.000000000000	0.010286080778	16000
3	8	0.300000000000	0.800000000000	4	0.000000000000	0.700586666667	0.000000000000	0.008630519315	30000
3	8	0.300000000000	0.800000000000	5	0.000000000000	0.699397777778	0.000000000000	0.010752656168	26000
3	9	0.300000000000	0.900000000000	1	0.000000000000	0.704933333333	0.000000000000	0.009885614786	30000
3	9	0.300000000000	0.900000000000	2	0.000000000000	0.705364444444	0.000000000000	0.007389569446	30000
3	9	0.300000000000	0.900000000000	3	0.000000000000	0.706028888889	0.000000000000	0.009786366184	18000
3	9	0.300000000000	0.900000000000	4	0.000000000000	0.700020000000	0.000000000000	0.006449554427	30000
3	9	0.300000000000	0.900000000000	5	0.000000000000	0.698433333333	0.000000000000	0.009908683524	28000
3	10	0.300000000000	1.000000000000	1	0.000000000000	1.000000000000	0.000000000000	0.000000000000	6000
3	10	0.300000000000	1.000000000000	2	0.000000000000	1.000000000000	0.000000000000	0.000000000000	6000
3	10	0.300000000000	1.000000000000	3	0.000000000000	1.000000000000	0.000000000000	0.000000000000	6000
3	10	0.300000000000	1.000000000000	4	0.000000000000	1.000000000000	0.000000000000	0.000000000000	6000
3	10	0.300000000000	1.000000000000	5	0.000000000000	1.000000000000	0.000000000000	0.000000000000	6000
4	0	0.400000000000	0.000000000000	1	0.692304444444	0.000000000000	0.008846140953	0.000000000000	16000
4	0	0.400000000000	0.000000000000	2	0.700922222222	0.000000000000	0.010065290632	0.000000000000	14000
4	0	0.400000000000	0.000000000000	3	0.707635555556	0.000000000000	0.011919208001	0.000000000000	30000
4	0	0.400000000000	0.000000000000	4	0.704671111111	0.000000000000	0.009532788899	0.000000000000	10000
4	0	0.400000000000	0.000000000000	5	0.692106666667	0.000000000000	0.012226578530	0.000000000000	16000
4	1	0.400000000000	0.100000000000	1	0.693742222222	0.000000000000	0.008810168609	0.000000000000	24000
4	1	0.400000000000	0.100000000000	2	0.704062222222	0.000000000000	0.010026821998	0.000000000000	16000
4	1	0.400000000000	0.100000000000	3	0.699375555556	0.000000000000	0.009467341966	0.000000000000	16000
4	1	0.400000000000	0.100000000000	4	0.701451111111	0.000000000000	0.010098096689	0.000000000000	22000
4	1	0.400000000000	0.100000000000	5	0.697204444444	0.000000000000	0.010257124171	0.000000000000	24000
4	2	0.400000000000	0.200000000000	1	0.704211111111	0.000000000000	0.007648390719	0.000000000000	30000
4	2	0.400000000000	0.200000000000	2	0.712382222222	0.000000000000	0.011383561259	0.000000000000	14000
4	2	0.400000000000	0.200000000000	3	0.693948888889	0.000000000000	0.008756175048	0.000000000000	18000
4	2	0.400000000000	0.200000000000	4	0.699613333333	0.000000000000	0.009841041633	0.000000000000	24000
4	2	0.400000000000	0.200000000000	5	0.703944444444	0.000000000000	0.009774171234	0.000000000000	22000
4	3	0.400000000000	0.300000000000	1	0.701164444444	0.000000000000	0.010724084516	0.000000000000	30000
4	3	0.400000000000	0.300000000000	2	0.694493333333	0.000000000000	0.008592982629	0.000000000000	30000
4	3	0.400000000000	0.300000000000	3	0.702744444444	0.000000000000	0.010001983268	0.000000000000	12000
4	3	0.400000000000	0.300000000000	4	0.694651111111	0.000000000000	0.010088487746	0.000000000000	30000
4	3	0.400000000000	0.300000000000	5	0.696884444444	0.000000000000	0.008814165963	0.000000000000	30000
4	4	0.400000000000	0.400000000000	1	0.000000000000	0.702660000000	0.000000000000	0.011875225326	14000
4	4	0.400000000000	0.400000000000	2	0.000000000000	0.696622222222	0.000000000000	0.008228018770	28000
4	4	0.400000000000	0.400000000000	3	0.000000000000	0.703011111111	0.000000000000	0.008790180161	30000
4	4	0.400000000000	0.400000000000	4	0.000000000000	0.703928888889	0.000000000000	0.009569684831	12000
4	4	0.400000000000	0.400000000000	5	0.703248888889	0.000000000000	0.009758526462	0.000000000000	28000
4	5	0.400000000000	0.500000000000	1	0.000000000000	0.702206666667	0.000000000000	0.008420230872	14000
4	5	0.400000000000	0.500000000000	2	0.698135555556	0.000000000000	0.009714998254	0.000000000000	28000
4	5	0.400000000000	0.500000000000	3	0.000000000000	0.706355555556	0.000000000000	0.007847582272	28000
4	5	0.400000000000	0.500000000000	4	0.711582222222	0.000000000000	0.008376706464	0.000000000000	10000
4	5	0.400000000000	0.500000000000	5	0.694131111111	0.000000000000	0.008395293035	0.000000000000	30000
4	6	0.400000000000	0.600000000000	1	0.000000000000	0.707173333333	0.000000000000	0.009589767859	18000
4	6	0.400000000000	0.600000000000	2	0.000000000000	0.699522222222	0.000000000000	0.009158618894	10000
4	6	0.400000000000	0.600000000000	3	0.000000000000	0.699715555556	0.000000000000	0.008775727246	20000
4	6	0.400000000000	0.600000000000	4	0.000000000000	0.701980000000	0.000000000000	0.009730261131	30000
4	6	0.400000000000	0.600000000000	5	0.000000000000	0.697077777778	0.000000000000	0.010367456333	30000
4	7	0.400000000000	0.700000000000	1	0.000000000000	0.703924444444	0.000000000000	0.008961786503	30000
4	7	0.400000000000	0.700000000000	2	0.000000000000	0.701011111111	0.000000000000	0.008743097300	14000
4	7	0.400000000000	0.700000000000	3	0.000000000000	0.702675555556	0.000000000000	0.007526695160	30000
4	7	0.400000000000	0.700000000000	4	0.000000000000	0.700904444444	0.000000000000	0.010038877208	12000
4	7	0.400000000000	0.700000000000	5	0.000000000000	0.696613333333	0.000000000000	0.009853014349	30000
4	8	0.400000000000	0.800000000000	1	0.000000000000	0.705135555556	0.000000000000	0.009915242584	12000
4	8	0.400000000000	0.800000000000	2	0.000000000000	0.706566666667	0.000000000000	0.008192910988	30000
4	8	0.400000000000	0.800000000000	3	0.000000000000	0.706135555556	0.000000000000	0.008929912841	20000
4	8	0.400000000000	0.800000000000	4	0.000000000000	0.698077777778	0.000000000000	0.008373672432	28000
4	8	0.400000000000	0.800000000000	5	0.000000000000	0.699100000000	0.000000000000	0.008443102353	24000
4	9	0.400000000000	0.900000000000	1	0.000000000000	0.701362222222	0.000000000000	0.009828854923	8000
4	9	0.400000000000	0.900000000000	2	0.000000000000	0.700326666667	0.000000000000	0.008011222803	30000
4	9	0.400000000000	0.900000000000	3	0.000000000000	0.701637777778	0.000000000000	0.008111919642	30000
4	9	0.400000000000	0.900000000000	4	0.000000000000	0.695153333333	0.000000000000	0.009578994463	28000
4	9	0.400000000000	0.900000000000	5	0.000000000000	0.707864444444	0.000000000000	0.009068499851	30000
4	10	0.400000000000	1.000000000000	1	0.000000000000	1.000000000000	0.000000000000	0.000000000000	6000
4	10	0.400000000000	1.000000000000	2	0.000000000000	1.000000000000	0.000000000000	0.000000000000	6000
4	10	0.400000000000	1.000000000000	3	0.000000000000	1.000000000000	0.000000000000	0.000000000000	6000
4	10	0.400000000000	1.000000000000	4	0.000000000000	1.000000000000	0.000000000000	0.000000000000	6000
4	10	0.400000000000	1.000000000000	5	0.000000000000	1.000000000000	0.000000000000	0.000000000000	6000
5	0	0.500000000000	0.000000000000	1	0.707555555556	0.000000000000	0.008568927175	0.000000000000	30000
5	0	0.500000000000	0.000000000000	2	0.702055555556	0.000000000000	0.008306280933	0.000000000000	14000
5	0	0.500000000000	0.000000000000	3	0.697551111111	0.000000000000	0.012470426664	0.000000000000	30000
5	0	0.500000000000	0.000000000000	4	0.707780000000	0.000000000000	0.010466213999	0.000000000000	30000
5	0	0.500000000000	0.000000000000	5	0.703913333333	0.000000000000	0.009845600260	0.000000000000	4000
5	1	0.500000000000	0.100000000000	1	0.698253333333	0.000000000000	0.011173488350	0.000000000000	12000
5	1	0.500000000000	0.100000000000	2	0.697875555556	0.000000000000	0.007437398080	0.000000000000	30000
5	1	0.500000000000	0.100000000000	3	0.695766666667	0.000000000000	0.008884988300	0.000000000000	12000
5	1	0.500000000000	0.100000000000	4	0.692326666667	0.000000000000	0.009358570780	0.000000000000	30000
5	1	0.500000000000	0.100000000000	5	0.695262222222	0.000000000000	0.007487909573	0.000000000000	8000
5	2	0.500000000000	0.200000000000	1	0.692851111111	0.000000000000	0.008927153487	0.000000000000	26000
5	2	0.500000000000	0.200000000000	2	0.707633333333	0.000000000000	0.007865003371	0.000000000000	30000
5	2	0.500000000000	0.200000000000	3	0.700097777778	0.000000000000	0.008185996363	0.000000000000	8000
5	2	0.500000000000	0.200000000000	4	0.702773333333	0.000000000000	0.007539855586	0.000000000000	18000
5	2	0.500000000000	0.200000000000	5	0.700564444444	0.000000000000	0.009778496652	0.000000000000	20000
5	3	0.500000000000	0.300000000000	1	0.700473333333	0.000000000000	0.007782822776	0.000000000000	30000
5	3	0.500000000000	0.300000000000	2	0.706413333333	0.000000000000	0.010745170465	0.000000000000	12000
5	3	0.500000000000	0.300000000000	3	0.700368888889	0.000000000000	0.007486545559	0.000000000000	14000
5	3	0.500000000000	0.300000000000	4	0.696924444444	0.000000000000	0.009159635966	0.000000000000	26000
5	3	0.500000000000	0.300000000000	5	0.693175555556	0.000000000000	0.008420526747	0.000000000000	20000
5	4	0.500000000000	0.400000000000	1	0.000000000000	0.702346666667	0.000000000000	0.008379599885	24000
5	4	0.500000000000	0.400000000000	2	0.697242222222	0.000000000000	0.009066984354	0.000000000000	30000
5	4	0.500000000000	0.400000000000	3	0.701760000000	0.000000000000	0.010873157951	0.000000000000	20000
5	4	0.500000000000	0.400000000000	4	0.701468888889	0.000000000000	0.008035462805	0.000000000000	12000
5	4	0.500000000000	0.400000000000	5	0.701508888889	0.000000000000	0.010920613447	0.000000000000	30000
5	5	0.500000000000	0.500000000000	1	0.697864444444	0.000000000000	0.010562938488	0.000000000000	16000
5	5	0.500000000000	0.500000000000	2	0.705771111111	0.000000000000	0.009373559711	0.000000000000	14000
5	5	0.500000000000	0.500000000000	3	0.000000000000	0.696097777778	0.000000000000	0.013056947819	12000
5	5	0.500000000000	0.500000000000	4	0.000000000000	0.701826666667	0.000000000000	0.008020758051	30000
5	5	0.500000000000	0.500000000000	5	0.697677777778	0.000000000000	0.010460775444	0.000000000000	30000
5	6	0.500000000000	0.600000000000	1	0.000000000000	0.702320000000	0.000000000000	0.010982024929	12000
5	6	0.500000000000	0.600000000000	2	0.000000000000	0.711235555556	0.000000000000	0.009278755317	10000
5	6	0.500000000000	0.600000000000	3	0.695011111111	0.000000000000	0.008456557528	0.000000000000	20000
5	6	0.500000000000	0.600000000000	4	0.000000000000	0.701860000000	0.000000000000	0.013581356645	30000
5	6	0.500000000000	0.600000000000	5	0.000000000000	0.709557777778	0.000000000000	0.009162294822	8000
5	7	0.500000000000	0.700000000000	1	0.000000000000	0.688351111111	0.000000000000	0.008404507826	30000
5	7	0.500000000000	0.700000000000	2	0.000000000000	0.704108888889	0.000000000000	0.011840626775	28000
5	7	0.500000000000	0.700000000000	3	0.000000000000	0.707657777778	0.000000000000	0.007321181156	30000
5	7	0.500000000000	0.700000000000	4	0.000000000000	0.699502222222	0.000000000000	0.008737964643	18000
5	7	0.500000000000	0.700000000000	5	0.000000000000	0.706442222222	0.000000000000	0.006527218010	30000
5	8	0.500000000000	0.800000000000	1	0.000000000000	0.707864444444	0.000000000000	0.008359996347	20000
5	8	0.500000000000	0.800000000000	2	0.000000000000	0.702780000000	0.000000000000	0.009888214409	16000
5	8	0.500000000000	0.800000000000	3	0.000000000000	0.694560000000	0.000000000000	0.007871763523	30000
5	8	0.500000000000	0.800000000000	4	0.000000000000	0.693991111111	0.000000000000	0.008761850509	30000
5	8	0.500000000000	0.800000000000	5	0.000000000000	0.702288888889	0.000000000000	0.006869742805	30000
5	9	0.500000000000	0.900000000000	1	0.000000000000	0.697762222222	0.000000000000	0.008216400829	30000
5	9	0.500000000000	0.900000000000	2	0.000000000000	0.705746666667	0.000000000000	0.009465922962	18000
5	9	0.500000000000	0.900000000000	3	0.000000000000	0.694966666667	0.000000000000	0.010214950289	10000
5	9	0.500000000000	0.900000000000	4	0.000000000000	0.701242222222	0.000000000000	0.007533304166	10000
5	9	0.500000000000	0.900000000000	5	0.000000000000	0.705440000000	0.000000000000	0.009808733518	26000
5	10	0.500000000000	1.000000000000	1	0.000000000000	1.000000000000	0.000000000000	0.000000000000	6000
5	10	0.500000000000	1.000000000000	2	0.000000000000	1.000000000000	0.000000000000	0.000000000000	6000
5	10	0.500000000000	1.000000000000	3	0.000000000000	1.000000000000	0.000000000000	0.000000000000	6000
5	10	0.500000000000	1.000000000000	4	0.000000000000	1.000000000000	0.000000000000	0.000000000000	6000
5	10	0.500000000000	1.000000000000	5	0.000000000000	1.000000000000	0.000000000000	0.000000000000	6000
6	0	0.600000000000	0.000000000000	1	0.700331111111	0.000000000000	0.008930720997	0.000000000000	28000
6	0	0.600000000000	0.000000000000	2	0.702453333333	0.000000000000	0.012651764645	0.000000000000	26000
6	0	0.600000000000	0.000000000000	3	0.716891111111	0.000000000000	0.011279953718	0.000000000000	4000
6	0	0.600000000000	0.000000000000	4	0.700786666667	0.000000000000	0.008684299998	0.000000000000	30000
6	0	0.600000000000	0.000000000000	5	0.710246666667	0.000000000000	0.009842537136	0.000000000000	4000
6	1	0.600000000000	0.100000000000	1	0.694520000000	0.000000000000	0.008501991482	0.000000000000	30000
6	1	0.600000000000	0.100000000000	2	0.706655555556	0.000000000000	0.009285707971	0.000000000000	6000
6	1	0.600000000000	0.100000000000	3	0.689044444444	0.000000000000	0.010903204461	0.000000000000	10000
6	1	0.600000000000	0.100000000000	4	0.710608888889	0.000000000000	0.010748831764	0.000000000000	16000
6	1	0.600000000000	0.100000000000	5	0.703437777778	0.000000000000	0.008813435456	0.000000000000	10000
6	2	0.600000000000	0.200000000000	1	0.700957777778	0.000000000000	0.009957767194	0.000000000000	30000
6	2	0.600000000000	0.200000000000	2	0.694782222222	0.000000000000	0.009837316831	0.000000000000	24000
6	2	0.600000000000	0.200000000000	3	0.712848888889	0.000000000000	0.008474513430	0.000000000000	22000
6	2	0.600000000000	0.200000000000	4	0.700151111111	0.000000000000	0.011982796815	0.000000000000	30000
6	2	0.600000000000	0.200000000000	5	0.704726666667	0.000000000000	0.010192688958	0.000000000000	16000
6	3	0.600000000000	0.300000000000	1	0.699206666667	0.000000000000	0.008241210598	0.000000000000	22000
6	3	0.600000000000	0.300000000000	2	0.695180000000	0.000000000000	0.010259293349	0.000000000000	10000
6	3	0.600000000000	0.300000000000	3	0.702055555556	0.000000000000	0.009441025374	0.000000000000	16000
6	3	0.600000000000	0.300000000000	4	0.696373333333	0.000000000000	0.008181922902	0.000000000000	30000
6	3	0.600000000000	0.300000000000	5	0.692711111111	0.000000000000	0.007688879760	0.000000000000	30000
6	4	0.600000000000	0.400000000000	1	0.688391111111	0.000000000000	0.008536509993	0.000000000000	16000
6	4	0.600000000000	0.400000000000	2	0.704411111111	0.000000000000	0.011584995181	0.000000000000	28000
6	4	0.600000000000	0.400000000000	3	0.702795555556	0.000000000000	0.009651789395	0.000000000000	30000
6	4	0.600000000000	0.400000000000	4	0.700162222222	0.000000000000	0.008292074036	0.000000000000	24000
6	4	0.600000000000	0.400000000000	5	0.704622222222	0.000000000000	0.011520990715	0.000000000000	12000
6	5	0.600000000000	0.500000000000	1	0.699628888889	0.000000000000	0.010233886900	0.000000000000	18000
6	5	0.600000000000	0.500000000000	2	0.691335555556	0.000000000000	0.012153485444	0.000000000000	16000
6	5	0.600000000000	0.500000000000	3	0.691835555556	0.000000000000	0.008586136587	0.000000000000	28000
6	5	0.600000000000	0.500000000000	4	0.705055555556	0.000000000000	0.009103019484	0.000000000000	22000
6	5	0.600000000000	0.500000000000	5	0.690588888889	0.000000000000	0.009421737606	0.000000000000	10000
6	6	0.600000000000	0.600000000000	1	0.000000000000	0.699566666667	0.000000000000	0.008233236377	30000
6	6	0.600000000000	0.600000000000	2	0.699097777778	0.000000000000	0.008456612767	0.000000000000	30000
6	6	0.600000000000	0.600000000000	3	0.697991111111	0.000000000000	0.008724082235	0.000000000000	16000
6	6	0.600000000000	0.600000000000	4	0.703226666667	0.000000000000	0.008743583800	0.000000000000	30000
6	6	0.600000000000	0.600000000000	5	0.000000000000	0.698055555556	0.000000000000	0.008085534596	12000
6	7	0.600000000000	0.700000000000	1	0.000000000000	0.699573333333	0.000000000000	0.010166044684	14000
6	7	0.600000000000	0.700000000000	2	0.000000000000	0.697280000000	0.000000000000	0.011038540452	26000
6	7	0.600000000000	0.700000000000	3	0.000000000000	0.703564444444	0.000000000000	0.009240403624	30000
6	7	0.600000000000	0.700000000000	4	0.000000000000	0.704273333333	0.000000000000	0.009388966975	20000
6	7	0.600000000000	0.700000000000	5	0.000000000000	0.709328888889	0.000000000000	0.011246818021	30000
6	8	0.600000000000	0.800000000000	1	0.000000000000	0.702622222222	0.000000000000	0.007913820473	24000
6	8	0.600000000000	0.800000000000	2	0.000000000000	0.689146666667	0.000000000000	0.009476867413	30000
6	8	0.600000000000	0.800000000000	3	0.000000000000	0.692666666667	0.000000000000	0.010763785066	24000
6	8	0.600000000000	0.800000000000	4	0.000000000000	0.697642222222	0.000000000000	0.008514899349	20000
6	8	0.600000000000	0.800000000000	5	0.000000000000	0.698140000000	0.000000000000	0.010354253886	26000
6	9	0.600000000000	0.900000000000	1	0.000000000000	0.706017777778	0.000000000000	0.008129239443	30000
6	9	0.600000000000	0.900000000000	2	0.000000000000	0.710004444444	0.000000000000	0.010462906653	10000
6	9	0.600000000000	0.900000000000	3	0.000000000000	0.707273333333	0.000000000000	0.010370959276	10000
6	9	0.600000000000	0.900000000000	4	0.000000000000	0.703175555556	0.000000000000	0.010418630023	28000
6	9	0.600000000000	0.900000000000	5	0.000000000000	0.698460000000	0.000000000000	0.009226904030	24000
6	10	0.600000000000	1.000000000000	1	0.000000000000	1.000000000000	0.000000000000	0.000000000000	6000
6	10	0.600000000000	1.000000000000	2	0.000000000000	1.000000000000	0.000000000000	0.000000000000	6000
6	10	0.600000000000	1.000000000000	3	0.000000000000	1.000000000000	0.000000000000	0.000000000000	6000
6	10	0.600000000000	1.000000000000	4	0.000000000000	1.000000000000	0.000000000000	0.000000000000	6000
6	10	0.600000000000	1.000000000000	5	0.000000000000	1.000000000000	0.000000000000	0.000000000000	6000
7	0	0.700000000000	0.000000000000	1	0.691582222222	0.000000000000	0.007477498221	0.000000000000	30000
7	0	0.700000000000	0.000000000000	2	0.710226666667	0.000000000000	0.010243659851	0.000000000000	6000
7	0	0.700000000000	0.000000000000	3	0.699760000000	0.000000000000	0.008542446844	0.000000000000	22000
7	0	0.700000000000	0.000000000000	4	0.706220000000	0.000000000000	0.010532738864	0.000000000000	30000
7	0	0.700000000000	0.000000000000	5	0.697811111111	0.000000000000	0.008401960403	0.000000000000	20000
7	1	0.700000000000	0.100000000000	1	0.702164444444	0.000000000000	0.010709301034	0.000000000000	30000
7	1	0.700000000000	0.100000000000	2	0.698300000000	0.000000000000	0.009434321058	0.000000000000	30000
7	1	0.700000000000	0.100000000000	3	0.702371111111	0.000000000000	0.009095722577	0.000000000000	30000
7	1	0.700000000000	0.100000000000	4	0.698735555556	0.000000000000	0.009473396776	0.000000000000	30000
7	1	0.700000000000	0.100000000000	5	0.697528888889	0.000000000000	0.008154956963	0.000000000000	12000
7	2	0.700000000000	0.200000000000	1	0.691977777778	0.000000000000	0.008308222278	0.000000000000	10000
7	2	0.700000000000	0.200000000000	2	0.702900000000	0.000000000000	0.009167574095	0.000000000000	30000
7	2	0.700000000000	0.200000000000	3	0.700148888889	0.000000000000	0.009012188717	0.000000000000	30000
7	2	0.700000000000	0.200000000000	4	0.706155555556	0.000000000000	0.008491011864	0.000000000000	16000
7	2	0.700000000000	0.200000000000	5	0.706075555556	0.000000000000	0.009976118990	0.000000000000	12000
7	3	0.700000000000	0.300000000000	1	0.699584444444	0.000000000000	0.009169745761	0.000000000000	30000
7	3	0.700000000000	0.300000000000	2	0.698415555556	0.000000000000	0.008484468951	0.000000000000	18000
7	3	0.700000000000	0.300000000000	3	0.695584444444	0.000000000000	0.010120648145	0.000000000000	12000
7	3	0.700000000000	0.300000000000	4	0.711364444444	0.000000000000	0.009359947437	0.000000000000	30000
7	3	0.700000000000	0.300000000000	5	0.697204444444	0.000000000000	0.010766869832	0.000000000000	30000
7	4	0.700000000000	0.400000000000	1	0.696240000000	0.000000000000	0.007679724493	0.000000000000	30000
7	4	0.700000000000	0.400000000000	2	0.699844444444	0.000000000000	0.013978938420	0.000000000000	10000
7	4	0.700000000000	0.400000000000	3	0.699304444444	0.000000000000	0.008532805185	0.000000000000	30000
7	4	0.700000000000	0.400000000000	4	0.700702222222	0.000000000000	0.007302610033	0.000000000000	16000
7	4	0.700000000000	0.400000000000	5	0.691495555556	0.000000000000	0.008130557346	0.000000000000	30000
7	5	0.700000000000	0.500000000000	1	0.694973333333	0.000000000000	0.009025574597	0.000000000000	20000
7	5	0.700000000000	0.500000000000	2	0.693942222222	0.000000000000	0.009796537145	0.000000000000	14000
7	5	0.700000000000	0.500000000000	3	0.696400000000	0.000000000000	0.007445215491	0.000000000000	10000
7	5	0.700000000000	0.500000000000	4	0.702977777778	0.000000000000	0.009393001405	0.000000000000	14000
7	5	0.700000000000	0.500000000000	5	0.693548888889	0.000000000000	0.008994916253	0.000000000000	30000
7	6	0.700000000000	0.600000000000	1	0.700106666667	0.000000000000	0.007884438270	0.000000000000	24000
7	6	0.700000000000	0.600000000000	2	0.701368888889	0.000000000000	0.009221489600	0.000000000000	14000
7	6	0.700000000000	0.600000000000	3	0.694544444444	0.000000000000	0.009735049612	0.000000000000	18000
7	6	0.700000000000	0.600000000000	4	0.000000000000	0.705502222222	0.000000000000	0.009604037757	14000
7	6	0.700000000000	0.600000000000	5	0.707511111111	0.000000000000	0.006513116942	0.000000000000	22000
7	7	0.700000000000	0.700000000000	1	0.000000000000	0.712557777778	0.000000000000	0.009458764651	12000
7	7	0.700000000000	0.700000000000	2	0.000000000000	0.692948888889	0.000000000000	0.010141687321	30000
7	7	0.700000000000	0.700000000000	3	0.000000000000	0.694704444444	0.000000000000	0.009041704708	18000
7	7	0.700000000000	0.700000000000	4	0.697651111111	0.000000000000	0.007479710855	0.000000000000	30000
7	7	0.700000000000	0.700000000000	5	0.694944444444	0.000000000000	0.008535800896	0.000000000000	28000
7	8	0.700000000000	0.800000000000	1	0.000000000000	0.694882222222	0.000000000000	0.008232100347	28000
7	8	0.700000000000	0.800000000000	2	0.000000000000	0.697760000000	0.000000000000	0.008147218681	12000
7	8	0.700000000000	0.800000000000	3	0.000000000000	0.700928888889	0.000000000000	0.009344162225	30000
7	8	0.700000000000	0.800000000000	4	0.000000000000	0.701722222222	0.000000000000	0.008280352846	6000
7	8	0.700000000000	0.800000000000	5	0.000000000000	0.694568888889	0.000000000000	0.008486284489	10000
7	9	0.700000000000	0.900000000000	1	0.000000000000	0.694057777778	0.000000000000	0.008568847566	22000
7	9	0.700000000000	0.900000000000	2	0.000000000000	0.692262222222	0.000000000000	0.009190112448	12000
7	9	0.700000000000	0.900000000000	3	0.000000000000	0.705666666667	0.000000000000	0.007857371157	10000
7	9	0.700000000000	0.900000000000	4	0.000000000000	0.701233333333	0.000000000000	0.008078684403	14000
7	9	0.700000000000	0.900000000000	5	0.000000000000	0.705560000000	0.000000000000	0.010116535961	12000
7	10	0.700000000000	1.000000000000	1	0.000000000000	1.000000000000	0.000000000000	0.000000000000	6000
7	10	0.700000000000	1.000000000000	2	0.000000000000	1.000000000000	0.000000000000	0.000000000000	6000
7	10	0.700000000000	1.000000000000	3	0.000000000000	1.000000000000	0.000000000000	0.000000000000	6000
7	10	0.700000000000	1.000000000000	4	0.000000000000	1.000000000000	0.000000000000	0.000000000000	6000
7	10	0.700000000000	1.000000000000	5	0.000000000000	1.000000000000	0.000000000000	0.000000000000	6000
8	0	0.800000000000	0.000000000000	1	0.694880000000	0.000000000000	0.007515916616	0.000000000000	22000
8	0	0.800000000000	0.000000000000	2	0.701720000000	0.000000000000	0.009223735392	0.000000000000	16000
8	0	0.800000000000	0.000000000000	3	0.694295555556	0.000000000000	0.008543944009	0.000000000000	30000
8	0	0.800000000000	0.000000000000	4	0.704568888889	0.000000000000	0.008496762923	0.000000000000	8000
8	0	0.800000000000	0.000000000000	5	0.694044444444	0.000000000000	0.010168588413	0.000000000000	30000
8	1	0.800000000000	0.100000000000	1	0.702524444444	0.000000000000	0.006761825585	0.000000000000	14000
8	1	0.800000000000	0.100000000000	2	0.691920000000	0.000000000000	0.010504754914	0.000000000000	12000
8	1	0.800000000000	0.100000000000	3	0.704513333333	0.000000000000	0.012617502497	0.000000000000	30000
8	1	0.800000000000	0.100000000000	4	0.693097777778	0.000000000000	0.008806975482	0.000000000000	16000
8	1	0.800000000000	0.100000000000	5	0.699597777778	0.000000000000	0.011129611780	0.000000000000	16000
8	2	0.800000000000	0.200000000000	1	0.703104444444	0.000000000000	0.010268191744	0.000000000000	16000
8	2	0.800000000000	0.200000000000	2	0.700377777778	0.000000000000	0.009496812555	0.000000000000	30000
8	2	0.800000000000	0.200000000000	3	0.705726666667	0.000000000000	0.008353368863	0.000000000000	8000
8	2	0.800000000000	0.200000000000	4	0.698144444444	0.000000000000	0.008999362165	0.000000000000	10000
8	2	0.800000000000	0.200000000000	5	0.700560000000	0.000000000000	0.007695593894	0.000000000000	30000
8	3	0.800000000000	0.300000000000	1	0.692264444444	0.000000000000	0.008496988358	0.000000000000	30000
8	3	0.800000000000	0.300000000000	2	0.709197777778	0.000000000000	0.011454310148	0.000000000000	30000
8	3	0.800000000000	0.300000000000	3	0.706693333333	0.000000000000	0.008066094571	0.000000000000	16000
8	3	0.800000000000	0.300000000000	4	0.698833333333	0.000000000000	0.009308145887	0.000000000000	10000
8	3	0.800000000000	0.300000000000	5	0.701648888889	0.000000000000	0.010759521509	0.000000000000	30000
8	4	0.800000000000	0.400000000000	1	0.702255555556	0.000000000000	0.008401960403	0.000000000000	18000
8	4	0.800000000000	0.400000000000	2	0.703677777778	0.000000000000	0.008740269918	0.000000000000	26000
8	4	0.800000000000	0.400000000000	3	0.695282222222	0.000000000000	0.009433298231	0.000000000000	16000
8	4	0.800000000000	0.400000000000	4	0.702040000000	0.000000000000	0.009227044661	0.000000000000	30000
8	4	0.800000000000	0.400000000000	5	0.701688888889	0.000000000000	0.012005263369	0.000000000000	30000
8	5	0.800000000000	0.500000000000	1	0.700315555556	0.000000000000	0.008991135883	0.000000000000	8000
8	5	0.800000000000	0.500000000000	2	0.693013333333	0.000000000000	0.010708825594	0.000000000000	30000
8	5	0.800000000000	0.500000000000	3	0.710124444444	0.000000000000	0.010464056536	0.000000000000	10000
8	5	0.800000000000	0.500000000000	4	0.697868888889	0.000000000000	0.011018705735	0.000000000000	12000
8	5	0.800000000000	0.500000000000	5	0.700466666667	0.000000000000	0.009168093066	0.000000000000	24000
8	6	0.800000000000	0.600000000000	1	0.708057777778	0.000000000000	0.012207729246	0.000000000000	30000
8	6	0.800000000000	0.600000000000	2	0.695008888889	0.000000000000	0.010676052483	0.000000000000	12000
8	6	0.800000000000	0.600000000000	3	0.700806666667	0.000000000000	0.008957369124	0.000000000000	12000
8	6	0.800000000000	0.600000000000	4	0.707804444444	0.000000000000	0.008656127218	0.000000000000	16000
8	6	0.800000000000	0.600000000000	5	0.693748888889	0.000000000000	0.009137884765	0.000000000000	30000
8	7	0.800000000000	0.700000000000	1	0.705677777778	0.000000000000	0.010126542740	0.000000000000	30000
8	7	0.800000000000	0.700000000000	2	0.000000000000	0.702946666667	0.000000000000	0.011211364864	16000
8	7	0.800000000000	0.700000000000	3	0.696877777778	0.000000000000	0.007587720305	0.000000000000	30000
8	7	0.800000000000	0.700000000000	4	0.701200000000	0.000000000000	0.010468197715	0.000000000000	24000
8	7	0.800000000000	0.700000000000	5	0.700128888889	0.000000000000	0.010371951831	0.000000000000	20000
8	8	0.800000000000	0.800000000000	1	0.699422222222	0.000000000000	0.012555914316	0.000000000000	30000
8	8	0.800000000000	0.800000000000	2	0.698675555556	0.000000000000	0.010452693884	0.000000000000	28000
8	8	0.800000000000	0.800000000000	3	0.000000000000	0.698840000000	0.000000000000	0.008319999268	12000
8	8	0.800000000000	0.800000000000	4	0.000000000000	0.705168888889	0.000000000000	0.008013793272	30000
8	8	0.800000000000	0.800000000000	5	0.000000000000	0.706162222222	0.000000000000	0.010508511032	10000
8	9	0.800000000000	0.900000000000	1	0.000000000000	0.702995555556	0.000000000000	0.007155854123	30000
8	9	0.800000000000	0.900000000000	2	0.000000000000	0.708477777778	0.000000000000	0.008007946905	10000
8	9	0.800000000000	0.900000000000	3	0.000000000000	0.694448888889	0.000000000000	0.008680118692	12000
8	9	0.800000000000	0.900000000000	4	0.000000000000	0.703953333333	0.000000000000	0.010905257819	22000
8	9	0.800000000000	0.900000000000	5	0.000000000000	0.704415555556	0.000000000000	0.007044437392	16000
8	10	0.800000000000	1.000000000000	1	0.000000000000	1.000000000000	0.000000000000	0.000000000000	6000
8	10	0.800000000000	1.000000000000	2	0.000000000000	1.000000000000	0.000000000000	0.000000000000	6000
8	10	0.800000000000	1.000000000000	3	0.000000000000	1.000000000000	0.000000000000	0.000000000000	6000
8	10	0.800000000000	1.000000000000	4	0.000000000000	1.000000000000	0.000000000000	0.000000000000	6000
8	10	0.800000000000	1.000000000000	5	0.000000000000	1.000000000000	0.000000000000	0.000000000000	6000
9	0	0.900000000000	0.000000000000	1	0.694648888889	0.000000000000	0.008083137994	0.000000000000	30000
9	0	0.900000000000	0.000000000000	2	0.702497777778	0.000000000000	0.007728324917	0.000000000000	22000
9	0	0.900000000000	0.000000000000	3	0.711002222222	0.000000000000	0.010501718127	0.000000000000	24000
9	0	0.900000000000	0.000000000000	4	0.706473333333	0.000000000000	0.010246032581	0.000000000000	30000
9	0	0.900000000000	0.000000000000	5	0.701206666667	0.000000000000	0.008742016217	0.000000000000	14000
9	1	0.900000000000	0.100000000000	1	0.696193333333	0.000000000000	0.008752888806	0.000000000000	30000
9	1	0.900000000000	0.100000000000	2	0.707440000000	0.000000000000	0.010291634945	0.000000000000	30000
9	1	0.900000000000	0.100000000000	3	0.703462222222	0.000000000000	0.012579560274	0.000000000000	30000
9	1	0.900000000000	0.100000000000	4	0.694811111111	0.000000000000	0.010117214886	0.000000000000	30000
9	1	0.900000000000	0.100000000000	5	0.703920000000	0.000000000000	0.008300604249	0.000000000000	14000
9	2	0.900000000000	0.200000000000	1	0.697353333333	0.000000000000	0.009114726205	0.000000000000	30000
9	2	0.900000000000	0.200000000000	2	0.708986666667	0.000000000000	0.010830185484	0.000000000000	30000
9	2	0.900000000000	0.200000000000	3	0.698857777778	0.000000000000	0.010810481761	0.000000000000	30000
9	2	0.900000000000	0.200000000000	4	0.691057777778	0.000000000000	0.009289020971	0.000000000000	22000
9	2	0.900000000000	0.200000000000	5	0.701824444444	0.000000000000	0.009544025189	0.000000000000	30000
9	3	0.900000000000	0.300000000000	1	0.698875555556	0.000000000000	0.009416014181	0.000000000000	22000
9	3	0.900000000000	0.300000000000	2	0.704006666667	0.000000000000	0.011106926361	0.000000000000	24000
9	3	0.900000000000	0.300000000000	3	0.701802222222	0.000000000000	0.007023511931	0.000000000000	14000
9	3	0.900000000000	0.300000000000	4	0.688622222222	0.000000000000	0.008485916345	0.000000000000	24000
9	3	0.900000000000	0.300000000000	5	0.705411111111	0.000000000000	0.008782528783	0.000000000000	14000
9	4	0.900000000000	0.400000000000	1	0.702617777778	0.000000000000	0.009080439706	0.000000000000	18000
9	4	0.900000000000	0.400000000000	2	0.703068888889	0.000000000000	0.008498791625	0.000000000000	30000
9	4	0.900000000000	0.400000000000	3	0.703077777778	0.000000000000	0.006656936881	0.000000000000	10000
9	4	0.900000000000	0.400000000000	4	0.697344444444	0.000000000000	0.008380222513	0.000000000000	16000
9	4	0.900000000000	0.400000000000	5	0.703295555556	0.000000000000	0.009511014805	0.000000000000	20000
9	5	0.900000000000	0.500000000000	1	0.696266666667	0.000000000000	0.007794237156	0.000000000000	10000
9	5	0.900000000000	0.500000000000	2	0.699788888889	0.000000000000	0.010325460457	0.000000000000	12000
9	5	0.900000000000	0.500000000000	3	0.698462222222	0.000000000000	0.009758166803	0.000000000000	8000
9	5	0.900000000000	0.500000000000	4	0.695566666667	0.000000000000	0.010369172675	0.000000000000	24000
9	5	0.900000000000	0.500000000000	5	0.697724444444	0.000000000000	0.008865898419	0.000000000000	14000
9	6	0.900000000000	0.600000000000	1	0.702120000000	0.000000000000	0.008718159075	0.000000000000	12000
9	6	0.900000000000	0.600000000000	2	0.694104444444	0.000000000000	0.010021933952	0.000000000000	10000
9	6	0.900000000000	0.600000000000	3	0.708044444444	0.000000000000	0.010155454530	0.000000000000	8000
9	6	0.900000000000	0.600000000000	4	0.694284444444	0.000000000000	0.009676183253	0.000000000000	8000
9	6	0.900000000000	0.600000000000	5	0.693857777778	0.000000000000	0.007851960135	0.000000000000	24000
9	7	0.900000000000	0.700000000000	1	0.691833333333	0.000000000000	0.011754138195	0.000000000000	30000
9	7	0.900000000000	0.700000000000	2	0.700748888889	0.000000000000	0.008665708676	0.000000000000	10000
9	7	0.900000000000	0.700000000000	3	0.697220000000	0.000000000000	0.011315001498	0.000000000000	6000
9	7	0.900000000000	0.700000000000	4	0.706235555556	0.000000000000	0.011054323574	0.000000000000	28000
9	7	0.900000000000	0.700000000000	5	0.702062222222	0.000000000000	0.008701397120	0.000000000000	12000
9	8	0.900000000000	0.800000000000	1	0.699777777778	0.000000000000	0.008381114639	0.000000000000	24000
9	8	0.900000000000	0.800000000000	2	0.698637777778	0.000000000000	0.008755881482	0.000000000000	10000
9	8	0.900000000000	0.800000000000	3	0.693186666667	0.000000000000	0.011192371964	0.000000000000	20000
9	8	0.900000000000	0.800000000000	4	0.691671111111	0.000000000000	0.008446474301	0.000000000000	22000
9	8	0.900000000000	0.800000000000	5	0.697628888889	0.000000000000	0.007517536684	0.000000000000	30000
9	9	0.900000000000	0.900000000000	1	0.695868888889	0.000000000000	0.012667370860	0.000000000000	12000
9	9	0.900000000000	0.900000000000	2	0.700940000000	0.000000000000	0.009843137784	0.000000000000	20000
9	9	0.900000000000	0.900000000000	3	0.694457777778	0.000000000000	0.010614869789	0.000000000000	22000
9	9	0.900000000000	0.900000000000	4	0.702542222222	0.000000000000	0.007872381419	0.000000000000	20000
9	9	0.900000000000	0.900000000000	5	0.695668888889	0.000000000000	0.008846076132	0.000000000000	30000
9	10	0.900000000000	1.000000000000	1	0.000000000000	1.000000000000	0.000000000000	0.000000000000	6000
9	10	0.900000000000	1.000000000000	2	0.000000000000	1.000000000000	0.000000000000	0.000000000000	6000
9	10	0.900000000000	1.000000000000	3	0.000000000000	1.000000000000	0.000000000000	0.000000000000	6000
9	10	0.900000000000	1.000000000000	4	0.000000000000	1.000000000000	0.000000000000	0.000000000000	6000
9	10	0.900000000000	1.000000000000	5	0.000000000000	1.000000000000	0.000000000000	0.000000000000	6000
10	0	1.000000000000	0.000000000000	1	1.000000000000	0.000000000000	0.000000000000	0.000000000000	4000
10	0	1.000000000000	0.000000000000	2	1.000000000000	0.000000000000	0.000000000000	0.000000000000	4000
10	0	1.000000000000	0.000000000000	3	1.000000000000	0.000000000000	0.000000000000	0.000000000000	4000
10	0	1.000000000000	0.000000000000	4	1.000000000000	0.000000000000	0.000000000000	0.000000000000	4000
10	0	1.000000000000	0.000000000000	5	1.000000000000	0.000000000000	0.000000000000	0.000000000000	4000
10	1	1.000000000000	0.100000000000	1	1.000000000000	0.000000000000	0.000000000000	0.000000000000	6000
10	1	1.000000000000	0.100000000000	2	1.000000000000	0.000000000000	0.000000000000	0.000000000000	6000
10	1	1.000000000000	0.100000000000	3	1.000000000000	0.000000000000	0.000000000000	0.000000000000	6000
10	1	1.000000000000	0.100000000000	4	1.000000000000	0.000000000000	0.000000000000	0.000000000000	6000
10	1	1.000000000000	0.100000000000	5	1.000000000000	0.000000000000	0.000000000000	0.000000000000	6000
10	2	1.000000000000	0.200000000000	1	1.000000000000	0.000000000000	0.000000000000	0.000000000000	6000
10	2	1.000000000000	0.200000000000	2	1.000000000000	0.000000000000	0.000000000000	0.000000000000	6000
10	2	1.000000000000	0.200000000000	3	1.000000000000	0.000000000000	0.000000000000	0.000000000000	6000
10	2	1.000000000000	0.200000000000	4	1.000000000000	0.000000000000	0.000000000000	0.000000000000	6000
10	2	1.000000000000	0.200000000000	5	1.000000000000	0.000000000000	0.000000000000	0.000000000000	6000
10	3	1.000000000000	0.300000000000	1	1.000000000000	0.000000000000	0.000000000000	0.000000000000	6000
10	3	1.000000000000	0.300000000000	2	1.000000000000	0.000000000000	0.000000000000	0.000000000000	6000
10	3	1.000000000000	0.300000000000	3	1.000000000000	0.000000000000	0.000000000000	0.000000000000	6000
10	3	1.000000000000	0.300000000000	4	1.000000000000	0.000000000000	0.000000000000	0.000000000000	6000
10	3	1.000000000000	0.300000000000	5	1.000000000000	0.000000000000	0.000000000000	0.000000000000	6000
10	4	1.000000000000	0.400000000000	1	1.000000000000	0.000000000000	0.000000000000	0.000000000000	6000
10	4	1.000000000000	0.400000000000	2	1.000000000000	0.000000000000	0.000000000000	0.000000000000	6000
10	4	1.000000000000	0.400000000000	3	1.000000000000	0.000000000000	0.000000000000	0.000000000000	6000
10	4	1.000000000000	0.400000000000	4	1.000000000000	0.000000000000	0.000000000000	0.000000000000	6000
10	4	1.000000000000	0.400000000000	5	1.000000000000	0.000000000000	0.000000000000	0.000000000000	6000
10	5	1.000000000000	0.500000000000	1	1.000000000000	0.000000000000	0.000000000000	0.000000000000	6000
10	5	1.000000000000	0.500000000000	2	1.000000000000	0.000000000000	0.000000000000	0.000000000000	6000
10	5	1.000000000000	0.500000000000	3	1.000000000000	0.000000000000	0.000000000000	0.000000000000	6000
10	5	1.000000000000	0.500000000000	4	1.000000000000	0.000000000000	0.000000000000	0.000000000000	6000
10	5	1.000000000000	0.500000000000	5	1.000000000000	0.000000000000	0.000000000000	0.000000000000	6000
10	6	1.000000000000	0.600000000000	1	1.000000000000	0.000000000000	0.000000000000	0.000000000000	6000
10	6	1.000000000000	0.600000000000	2	1.000000000000	0.000000000000	0.000000000000	0.000000000000	6000
10	6	1.000000000000	0.600000000000	3	1.000000000000	0.000000000000	0.000000000000	0.000000000000	6000
10	6	1.000000000000	0.600000000000	4	1.000000000000	0.000000000000	0.000000000000	0.000000000000	6000
10	6	1.000000000000	0.600000000000	5	1.000000000000	0.000000000000	0.000000000000	0.000000000000	6000
10	7	1.000000000000	0.700000000000	1	1.000000000000	0.000000000000	0.000000000000	0.000000000000	6000
10	7	1.000000000000	0.700000000000	2	1.000000000000	0.000000000000	0.000000000000	0.000000000000	6000
10	7	1.000000000000	0.700000000000	3	1.000000000000	0.000000000000	0.000000000000	0.000000000000	6000
10	7	1.000000000000	0.700000000000	4	1.000000000000	0.000000000000	0.000000000000	0.000000000000	6000
10	7	1.000000000000	0.700000000000	5	1.000000000000	0.000000000000	0.000000000000	0.000000000000	6000
10	8	1.000000000000	0.800000000000	1	1.000000000000	0.000000000000	0.000000000000	0.000000000000	6000
10	8	1.000000000000	0.800000000000	2	1.000000000000	0.000000000000	0.000000000000	0.000000000000	6000
10	8	1.000000000000	0.800000000000	3	1.000000000000	0.000000000000	0.000000000000	0.000000000000	6000
10	8	1.000000000000	0.800000000000	4	1.000000000000	0.000000000000	0.000000000000	0.000000000000	6000
10	8	1.000000000000	0.800000000000	5	1.000000000000	0.000000000000	0.000000000000	0.000000000000	6000
10	9	1.000000000000	0.900000000000	1	1.000000000000	0.000000000000	0.000000000000	0.000000000000	6000
10	9	1.000000000000	0.900000000000	2	1.000000000000	0.000000000000	0.000000000000	0.000000000000	6000
10	9	1.000000000000	0.900000000000	3	1.000000000000	0.000000000000	0.000000000000	0.000000000000	6000
10	9	1.000000000000	0.900000000000	4	1.000000000000	0.000000000000	0.000000000000	0.000000000000	6000
10	9	1.000000000000	0.900000000000	5	1.000000000000	0.000000000000	0.000000000000	0.000000000000	6000
10	10	1.000000000000	1.000000000000	1	1.000000000000	1.000000000000	0.000000000000	0.000000000000	4000
10	10	1.000000000000	1.000000000000	2	1.000000000000	1.000000000000	0.000000000000	0.000000000000	4000
10	10	1.000000000000	1.000000000000	3	1.000000000000	1.000000000000	0.000000000000	0.000000000000	4000
10	10	1.000000000000	1.000000000000	4	1.000000000000	1.000000000000	0.000000000000	0.000000000000	4000
10	10	1.000000000000	1.000000000000	5	1.000000000000	1.000000000000	0.000000000000	0.000000000000	4000
