# scan initial plane
# b 1.02
# r 0
# e -0.4
# N1 800
# N2 800
# P11 0.9
# p12 0.05
# P22 0.9
# T_MCS 1000
# T_MAX 25000
# W 2000
# UPDATE_RULE 2
# FERMI_BETA 1
# DEGREE_ALPHA 1
# DEGREE_FACTOR_MIN 0.333333333333
# DEGREE_FACTOR_MAX 3
# ndiv 10
# n_reps 5
# A:(0,1),	A':(0,1.000),	B:(1,0),	B'=(1.000,0),	C:(1,1),	D:(0,0),	E:(0.488,0.488) 
# columns: ix iy x1_0 x2_0 rep x1_inf x2_inf sigma_1 sigma_2 t_relax
0	0	0.000000000000	0.000000000000	1	0.000000000000	0.000000000000	0.000000000000	0.000000000000	4000
0	0	0.000000000000	0.000000000000	2	0.000000000000	0.000000000000	0.000000000000	0.000000000000	4000
0	0	0.000000000000	0.000000000000	3	0.000000000000	0.000000000000	0.000000000000	0.000000000000	4000
0	0	0.000000000000	0.000000000000	4	0.000000000000	0.000000000000	0.000000000000	0.000000000000	4000
0	0	0.000000000000	0.000000000000	5	0.000000000000	0.000000000000	0.000000000000	0.000000000000	4000
0	1	0.000000000000	0.100000000000	1	0.000000000000	0.880726250000	0.000000000000	0.010004178228	14000
0	1	0.000000000000	0.100000000000	2	0.000000000000	0.920742500000	0.000000000000	0.009188579800	25000
0	1	0.000000000000	0.100000000000	3	0.000000000000	0.932390000000	0.000000000000	0.006662941902	12000
0	1	0.000000000000	0.100000000000	4	0.000000000000	0.904821250000	0.000000000000	0.006198429758	25000
0	1	0.000000000000	0.100000000000	5	0.000000000000	0.863958750000	0.000000000000	0.007463113224	25000
0	2	0.000000000000	0.200000000000	1	0.000000000000	0.923292500000	0.000000000000	0.007575533477	25000
0	2	0.000000000000	0.200000000000	2	0.000000000000	0.884667500000	0.000000000000	0.008027344331	25000
0	2	0.000000000000	0.200000000000	3	0.000000000000	0.903672500000	0.000000000000	0.007957374791	25000
0	2	0.000000000000	0.200000000000	4	0.000000000000	0.892827500000	0.000000000000	0.012186724745	25000
0	2	0.000000000000	0.200000000000	5	0.000000000000	0.892218750000	0.000000000000	0.008792028247	25000
0	3	0.000000000000	0.300000000000	1	0.000000000000	0.945847500000	0.000000000000	0.008795224541	25000
0	3	0.000000000000	0.300000000000	2	0.000000000000	0.892221250000	0.000000000000	0.010341944534	25000
0	3	0.000000000000	0.300000000000	3	0.000000000000	0.873726250000	0.000000000000	0.005347449734	25000
0	3	0.000000000000	0.300000000000	4	0.000000000000	0.893611250000	0.000000000000	0.010862218868	10000
0	3	0.000000000000	0.300000000000	5	0.000000000000	0.923906250000	0.000000000000	0.012485187357	25000
0	4	0.000000000000	0.400000000000	1	0.000000000000	0.861196250000	0.000000000000	0.015057403456	25000
0	4	0.000000000000	0.400000000000	2	0.000000000000	0.882092500000	0.000000000000	0.010057837931	25000
0	4	0.000000000000	0.400000000000	3	0.000000000000	0.894186250000	0.000000000000	0.009824950539	20000
0	4	0.000000000000	0.400000000000	4	0.000000000000	0.897827500000	0.000000000000	0.007113339113	25000
0	4	0.000000000000	0.400000000000	5	0.000000000000	0.866767500000	0.000000000000	0.006911400814	25000
0	5	0.000000000000	0.500000000000	1	0.000000000000	0.866401250000	0.000000000000	0.010358498174	25000
0	5	0.000000000000	0.500000000000	2	0.000000000000	1.000000000000	0.000000000000	0.000000000000	25000
0	5	0.000000000000	0.500000000000	3	0.000000000000	0.909370000000	0.000000000000	0.009822465619	20000
0	5	0.000000000000	0.500000000000	4	0.000000000000	0.918356250000	0.000000000000	0.011206872553	25000
0	5	0.000000000000	0.500000000000	5	0.000000000000	0.901596250000	0.000000000000	0.017682016348	25000
0	6	0.000000000000	0.600000000000	1	0.000000000000	0.920877500000	0.000000000000	0.009333989882	25000
0	6	0.000000000000	0.600000000000	2	0.000000000000	0.890033750000	0.000000000000	0.009232654838	10000
0	6	0.000000000000	0.600000000000	3	0.000000000000	0.912727500000	0.000000000000	0.008183036162	25000
0	6	0.000000000000	0.600000000000	4	0.000000000000	0.914833750000	0.000000000000	0.004899725068	22000
0	6	0.000000000000	0.600000000000	5	0.000000000000	0.896451250000	0.000000000000	0.015003184044	25000
0	7	0.000000000000	0.700000000000	1	0.000000000000	0.925853750000	0.000000000000	0.004527283372	12000
0	7	0.000000000000	0.700000000000	2	0.000000000000	0.938937500000	0.000000000000	0.005643841484	8000
0	7	0.000000000000	0.700000000000	3	0.000000000000	0.954816250000	0.000000000000	0.004373505572	25000
0	7	0.000000000000	0.700000000000	4	0.000000000000	1.000000000000	0.000000000000	0.000000000000	16000
0	7	0.000000000000	0.700000000000	5	0.000000000000	0.908758750000	0.000000000000	0.008413554471	12000
0	8	0.000000000000	0.800000000000	1	0.000000000000	1.000000000000	0.000000000000	0.000000000000	25000
0	8	0.000000000000	0.800000000000	2	0.000000000000	0.889437500000	0.000000000000	0.008307533260	25000
0	8	0.000000000000	0.800000000000	3	0.000000000000	0.934495000000	0.000000000000	0.005627089758	18000
0	8	0.000000000000	0.800000000000	4	0.000000000000	0.964951250000	0.000000000000	0.004743066795	25000
0	8	0.000000000000	0.800000000000	5	0.000000000000	0.941062500000	0.000000000000	0.008665805787	25000
0	9	0.000000000000	0.900000000000	1	0.000000000000	0.992810000000	0.000000000000	0.002503281130	25000
0	9	0.000000000000	0.900000000000	2	0.000000000000	1.000000000000	0.000000000000	0.000000000000	14000
0	9	0.000000000000	0.900000000000	3	0.000000000000	0.993928750000	0.000000000000	0.002237379450	25000
0	9	0.000000000000	0.900000000000	4	0.000000000000	0.925628750000	0.000000000000	0.005768623142	4000
0	9	0.000000000000	0.900000000000	5	0.000000000000	1.000000000000	0.000000000000	0.000000000000	22000
0	10	0.000000000000	1.000000000000	1	0.000000000000	1.000000000000	0.000000000000	0.000000000000	4000
0	10	0.000000000000	1.000000000000	2	0.000000000000	1.000000000000	0.000000000000	0.000000000000	4000
0	10	0.000000000000	1.000000000000	3	0.000000000000	1.000000000000	0.000000000000	0.000000000000	4000
0	10	0.000000000000	1.000000000000	4	0.000000000000	1.000000000000	0.000000000000	0.000000000000	4000
0	10	0.000000000000	1.000000000000	5	0.000000000000	1.000000000000	0.000000000000	0.000000000000	4000
1	0	0.100000000000	0.000000000000	1	0.849563750000	0.000000000000	0.009569793853	0.000000000000	25000
1	0	0.100000000000	0.000000000000	2	0.850781250000	0.000000000000	0.009978265216	0.000000000000	20000
1	0	0.100000000000	0.000000000000	3	0.895797500000	0.000000000000	0.010565302616	0.000000000000	25000
1	0	0.100000000000	0.000000000000	4	0.862058750000	0.000000000000	0.013608183883	0.000000000000	12000
1	0	0.100000000000	0.000000000000	5	0.842990000000	0.000000000000	0.008671113724	0.000000000000	25000
1	1	0.100000000000	0.100000000000	1	0.866630000000	0.045225000000	0.009356449281	0.006869065370	25000
1	1	0.100000000000	0.100000000000	2	0.045592500000	0.879711250000	0.005976540620	0.015527593732	25000
1	1	0.100000000000	0.100000000000	3	0.205182500000	0.765511250000	0.009123112129	0.014061709270	25000
1	1	0.100000000000	0.100000000000	4	0.962501250000	0.007247500000	0.003909279781	0.001579553335	25000
1	1	0.100000000000	0.100000000000	5	0.071432500000	0.861688750000	0.010527762228	0.018013339956	25000
1	2	0.100000000000	0.200000000000	1	0.103031250000	0.855886250000	0.011780359197	0.015242365405	25000
1	2	0.100000000000	0.200000000000	2	0.061201250000	0.900771250000	0.008758975716	0.014919301978	12000
1	2	0.100000000000	0.200000000000	3	0.032303750000	0.906288750000	0.004716756961	0.006799773736	25000
1	2	0.100000000000	0.200000000000	4	0.751821250000	0.183388750000	0.012632936199	0.007160907032	25000
1	2	0.100000000000	0.200000000000	5	0.086571250000	0.878672500000	0.005371134426	0.007531855522	25000
1	3	0.100000000000	0.300000000000	1	0.019313750000	0.935182500000	0.006925303840	0.005576258908	25000
1	3	0.100000000000	0.300000000000	2	0.047407500000	0.910660000000	0.007874226768	0.007922415330	25000
1	3	0.100000000000	0.300000000000	3	0.046457500000	0.848903750000	0.005356188711	0.008505160857	25000
1	3	0.100000000000	0.300000000000	4	0.026710000000	0.943497500000	0.005984811440	0.011705693786	25000
1	3	0.100000000000	0.300000000000	5	0.021103750000	0.868042500000	0.003856980650	0.006416286893	25000
1	4	0.100000000000	0.400000000000	1	0.098482500000	0.794953750000	0.006999057476	0.007627342249	25000
1	4	0.100000000000	0.400000000000	2	0.124707500000	0.837253750000	0.007367367023	0.010683606033	25000
1	4	0.100000000000	0.400000000000	3	0.000000000000	0.908366250000	0.000000000000	0.008670790393	25000
1	4	0.100000000000	0.400000000000	4	0.056007500000	0.931485000000	0.005916709491	0.011737415257	25000
1	4	0.100000000000	0.400000000000	5	0.038090000000	0.940767500000	0.007515750895	0.007927723036	25000
1	5	0.100000000000	0.500000000000	1	0.107626250000	0.817637500000	0.012319949456	0.015625608096	25000
1	5	0.100000000000	0.500000000000	2	0.000000000000	0.965667500000	0.000000000000	0.004439076385	25000
1	5	0.100000000000	0.500000000000	3	0.062772500000	0.926941250000	0.006658506173	0.007453684884	25000
1	5	0.100000000000	0.500000000000	4	0.027430000000	0.867745000000	0.004876615771	0.017115831171	25000
1	5	0.100000000000	0.500000000000	5	0.098766250000	0.780755000000	0.006776593588	0.012021834282	25000
1	6	0.100000000000	0.600000000000	1	0.054761250000	0.988756250000	0.004824646428	0.003759159443	25000
1	6	0.100000000000	0.600000000000	2	0.000000000000	0.889345000000	0.000000000000	0.008244783287	14000
1	6	0.100000000000	0.600000000000	3	0.000000000000	0.939515000000	0.000000000000	0.006624710317	25000
1	6	0.100000000000	0.600000000000	4	0.137105000000	0.804801250000	0.010524750371	0.008897013138	25000
1	6	0.100000000000	0.600000000000	5	0.099055000000	0.819180000000	0.015803000817	0.012389253149	25000
1	7	0.100000000000	0.700000000000	1	0.000000000000	0.905247500000	0.000000000000	0.008702843399	25000
1	7	0.100000000000	0.700000000000	2	0.044468750000	0.852658750000	0.004873970817	0.008138187208	25000
1	7	0.100000000000	0.700000000000	3	0.203338750000	0.757760000000	0.010149868510	0.011678507505	25000
1	7	0.100000000000	0.700000000000	4	0.068493750000	0.843835000000	0.006410108262	0.009443619907	25000
1	7	0.100000000000	0.700000000000	5	0.029291250000	0.907448750000	0.005280766747	0.006871082354	25000
1	8	0.100000000000	0.800000000000	1	0.000000000000	0.980748750000	0.000000000000	0.003019217881	25000
1	8	0.100000000000	0.800000000000	2	0.042387500000	1.000000000000	0.005924309343	0.000000000000	25000
1	8	0.100000000000	0.800000000000	3	0.037643750000	0.905010000000	0.005092023384	0.005471959644	25000
1	8	0.100000000000	0.800000000000	4	0.000000000000	0.941851250000	0.000000000000	0.006563298548	25000
1	8	0.100000000000	0.800000000000	5	0.000000000000	0.941353750000	0.000000000000	0.008496903601	22000
1	9	0.100000000000	0.900000000000	1	0.017940000000	0.951195000000	0.005137939609	0.006670426867	25000
1	9	0.100000000000	0.900000000000	2	0.046203750000	0.929417500000	0.006704522657	0.006595771217	25000
1	9	0.100000000000	0.900000000000	3	0.106758750000	0.895896250000	0.008667777472	0.010837585141	25000
1	9	0.100000000000	0.900000000000	4	0.015690000000	0.997575000000	0.003977558418	0.001355299538	25000
1	9	0.100000000000	0.900000000000	5	0.000000000000	1.000000000000	0.000000000000	0.000000000000	14000
1	10	0.100000000000	1.000000000000	1	0.024667500000	1.000000000000	0.005566792877	0.000000000000	18000
1	10	0.100000000000	1.000000000000	2	0.004205000000	1.000000000000	0.001582673325	0.000000000000	25000
1	10	0.100000000000	1.000000000000	3	0.023081250000	1.000000000000	0.003271951498	0.000000000000	6000
1	10	0.100000000000	1.000000000000	4	0.000000000000	1.000000000000	0.000000000000	0.000000000000	12000
1	10	0.100000000000	1.000000000000	5	0.018901250000	1.000000000000	0.002610891168	0.000000000000	25000
2	0	0.200000000000	0.000000000000	1	0.874123750000	0.000000000000	0.012233111724	0.000000000000	25000
2	0	0.200000000000	0.000000000000	2	0.879498750000	0.000000000000	0.013590691404	0.000000000000	20000
2	0	0.200000000000	0.000000000000	3	0.853727500000	0.000000000000	0.010157487056	0.000000000000	25000
2	0	0.200000000000	0.000000000000	4	0.855506250000	0.000000000000	0.007730542330	0.000000000000	22000
2	0	0.200000000000	0.000000000000	5	0.845072500000	0.000000000000	0.010085861061	0.000000000000	22000
2	1	0.200000000000	0.100000000000	1	0.723341250000	0.245427500000	0.009507885455	0.014500301807	25000
2	1	0.200000000000	0.100000000000	2	0.692857500000	0.239346250000	0.012873681502	0.011839498391	25000
2	1	0.200000000000	0.100000000000	3	0.360710000000	0.607606250000	0.012699076405	0.009636292418	25000
2	1	0.200000000000	0.100000000000	4	0.622566250000	0.309810000000	0.016777884874	0.008769987896	25000
2	1	0.200000000000	0.100000000000	5	0.845043750000	0.097257500000	0.010722592850	0.006927422532	25000
2	2	0.200000000000	0.200000000000	1	0.104655000000	0.873016250000	0.005704528170	0.005111132175	25000
2	2	0.200000000000	0.200000000000	2	0.886582500000	0.057473750000	0.009744230024	0.005071214416	25000
2	2	0.200000000000	0.200000000000	3	0.090407500000	0.874155000000	0.006555201325	0.007511567656	25000
2	2	0.200000000000	0.200000000000	4	0.033172500000	0.927263750000	0.004578477499	0.009421890493	25000
2	2	0.200000000000	0.200000000000	5	0.107228750000	0.863360000000	0.006724820380	0.011995490477	25000
2	3	0.200000000000	0.300000000000	1	0.034707500000	0.932611250000	0.004309714885	0.007991396834	25000
2	3	0.200000000000	0.300000000000	2	0.104448750000	0.844895000000	0.005561912514	0.007159537973	25000
2	3	0.200000000000	0.300000000000	3	0.210937500000	0.760357500000	0.014459821236	0.011709501748	25000
2	3	0.200000000000	0.300000000000	4	0.006297500000	0.923952500000	0.003181743585	0.009142213836	25000
2	3	0.200000000000	0.300000000000	5	0.067137500000	0.853981250000	0.006816069436	0.014302408707	25000
2	4	0.200000000000	0.400000000000	1	0.108288750000	0.860443750000	0.011990416215	0.017461301369	25000
2	4	0.200000000000	0.400000000000	2	0.094330000000	0.884861250000	0.012635446352	0.007298412688	25000
2	4	0.200000000000	0.400000000000	3	0.052768750000	0.917158750000	0.005929702548	0.009135600425	25000
2	4	0.200000000000	0.400000000000	4	0.187827500000	0.772458750000	0.009385138495	0.013495628660	25000
2	4	0.200000000000	0.400000000000	5	0.057622500000	0.897651250000	0.005695826208	0.006469537530	25000
2	5	0.200000000000	0.500000000000	1	0.060427500000	0.885771250000	0.010488642924	0.005442205761	25000
2	5	0.200000000000	0.500000000000	2	0.063568750000	0.921968750000	0.006606804129	0.008170554994	25000
2	5	0.200000000000	0.500000000000	3	0.012660000000	0.878567500000	0.002044922176	0.007999769688	25000
2	5	0.200000000000	0.500000000000	4	0.045758750000	0.947782500000	0.006394665956	0.004859918987	25000
2	5	0.200000000000	0.500000000000	5	0.080655000000	0.917081250000	0.007819702536	0.007210457797	25000
2	6	0.200000000000	0.600000000000	1	0.037612500000	0.963118750000	0.005140344530	0.006237847921	25000
2	6	0.200000000000	0.600000000000	2	0.000000000000	0.872648750000	0.000000000000	0.005230372141	25000
2	6	0.200000000000	0.600000000000	3	0.037441250000	0.908717500000	0.005984316835	0.010741069049	25000
2	6	0.200000000000	0.600000000000	4	0.013531250000	0.953895000000	0.002181391622	0.004543497372	25000
2	6	0.200000000000	0.600000000000	5	0.032298750000	0.887320000000	0.004756501892	0.009254566278	25000
2	7	0.200000000000	0.700000000000	1	0.018657500000	0.910450000000	0.003081345232	0.006264422798	25000
2	7	0.200000000000	0.700000000000	2	0.000000000000	0.983533750000	0.000000000000	0.002846669451	25000
2	7	0.200000000000	0.700000000000	3	0.062421250000	0.886707500000	0.006185608110	0.014326407075	25000
2	7	0.200000000000	0.700000000000	4	0.000000000000	0.953917500000	0.000000000000	0.004154269094	22000
2	7	0.200000000000	0.700000000000	5	0.000000000000	0.960236250000	0.000000000000	0.006304849289	25000
2	8	0.200000000000	0.800000000000	1	0.012152500000	0.930088750000	0.002109340671	0.003701082132	25000
2	8	0.200000000000	0.800000000000	2	0.081910000000	0.869698750000	0.008050494423	0.010558191670	8000
2	8	0.200000000000	0.800000000000	3	0.033170000000	1.000000000000	0.004818188450	0.000000000000	25000
2	8	0.200000000000	0.800000000000	4	0.068551250000	0.982432500000	0.011576612367	0.005702781380	25000
2	8	0.200000000000	0.800000000000	5	0.104030000000	0.779152500000	0.011812541477	0.016147232018	25000
2	9	0.200000000000	0.900000000000	1	0.006522500000	1.000000000000	0.002543563143	0.000000000000	25000
2	9	0.200000000000	0.900000000000	2	0.007071250000	1.000000000000	0.003553482542	0.000000000000	8000
2	9	0.200000000000	0.900000000000	3	0.021676250000	0.989927500000	0.003846709062	0.002605577246	25000
2	9	0.200000000000	0.900000000000	4	0.104293750000	0.840447500000	0.007831929044	0.009471276251	25000
2	9	0.200000000000	0.900000000000	5	0.000000000000	0.914563750000	0.000000000000	0.005289894273	25000
2	10	0.200000000000	1.000000000000	1	0.010465000000	1.000000000000	0.005370648831	0.000000000000	25000
2	10	0.200000000000	1.000000000000	2	0.000000000000	1.000000000000	0.000000000000	0.000000000000	18000
2	10	0.200000000000	1.000000000000	3	0.000000000000	1.000000000000	0.000000000000	0.000000000000	25000
2	10	0.200000000000	1.000000000000	4	0.014568750000	1.000000000000	0.002824856767	0.000000000000	16000
2	10	0.200000000000	1.000000000000	5	0.000000000000	1.000000000000	0.000000000000	0.000000000000	24000
3	0	0.300000000000	0.000000000000	1	0.855508750000	0.000000000000	0.008563209941	0.000000000000	25000
3	0	0.300000000000	0.000000000000	2	0.885358750000	0.000000000000	0.006474645316	0.000000000000	25000
3	0	0.300000000000	0.000000000000	3	0.856765000000	0.000000000000	0.009725835022	0.000000000000	25000
3	0	0.300000000000	0.000000000000	4	0.856546250000	0.000000000000	0.007037014140	0.000000000000	6000
3	0	0.300000000000	0.000000000000	5	0.866936250000	0.000000000000	0.012939084912	0.000000000000	18000
3	1	0.300000000000	0.100000000000	1	0.871521250000	0.000000000000	0.011552145385	0.000000000000	25000
3	1	0.300000000000	0.100000000000	2	0.824778750000	0.084492500000	0.006809155641	0.006922543995	25000
3	1	0.300000000000	0.100000000000	3	0.737086250000	0.170593750000	0.013544651380	0.011366346919	25000
3	1	0.300000000000	0.100000000000	4	0.847226250000	0.104500000000	0.007303592671	0.008312850202	25000
3	1	0.300000000000	0.100000000000	5	0.789631250000	0.146625000000	0.014986541708	0.016137624451	25000
3	2	0.300000000000	0.200000000000	1	0.949282500000	0.000000000000	0.005039341595	0.000000000000	25000
3	2	0.300000000000	0.200000000000	2	0.036671250000	0.959981250000	0.008684549922	0.007522153530	25000
3	2	0.300000000000	0.200000000000	3	0.480803750000	0.460276250000	0.016302590220	0.013939518773	25000
3	2	0.300000000000	0.200000000000	4	0.775662500000	0.134255000000	0.012819923720	0.009467225219	25000
3	2	0.300000000000	0.200000000000	5	0.905157500000	0.063227500000	0.005820197028	0.008209217990	25000
3	3	0.300000000000	0.300000000000	1	0.258348750000	0.700546250000	0.012004308158	0.009074753417	25000
3	3	0.300000000000	0.300000000000	2	0.743935000000	0.186573750000	0.010214027186	0.009754872166	25000
3	3	0.300000000000	0.300000000000	3	0.609226250000	0.336995000000	0.025883108560	0.023096746193	25000
3	3	0.300000000000	0.300000000000	4	0.583101250000	0.380770000000	0.014351472946	0.011974080491	25000
3	3	0.300000000000	0.300000000000	5	0.701007500000	0.283931250000	0.021991542617	0.025858990667	25000
3	4	0.300000000000	0.400000000000	1	0.132096250000	0.832618750000	0.007335818814	0.013060504880	25000
3	4	0.300000000000	0.400000000000	2	0.029595000000	0.899566250000	0.008374991970	0.005630397394	25000
3	4	0.300000000000	0.400000000000	3	0.045823750000	0.917655000000	0.005020715190	0.009221327610	25000
3	4	0.300000000000	0.400000000000	4	0.045088750000	0.891647500000	0.006313610109	0.008590702469	25000
3	4	0.300000000000	0.400000000000	5	0.113441250000	0.808035000000	0.010141330412	0.008316124875	25000
3	5	0.300000000000	0.500000000000	1	0.000000000000	0.957378750000	0.000000000000	0.004280281152	25000
3	5	0.300000000000	0.500000000000	2	0.109350000000	0.838570000000	0.016127716150	0.018178488178	25000
3	5	0.300000000000	0.500000000000	3	0.129487500000	0.806978750000	0.010671426713	0.009283745142	25000
3	5	0.300000000000	0.500000000000	4	0.021303750000	0.889770000000	0.003272997242	0.011681413888	25000
3	5	0.300000000000	0.500000000000	5	0.079826250000	0.834122500000	0.005556167243	0.013893384933	25000
3	6	0.300000000000	0.600000000000	1	0.014776250000	0.962768750000	0.002845539586	0.003246999221	25000
3	6	0.300000000000	0.600000000000	2	0.007930000000	0.933275000000	0.001770270843	0.006579240945	25000
3	6	0.300000000000	0.600000000000	3	0.000000000000	0.886558750000	0.000000000000	0.007177543317	25000
3	6	0.300000000000	0.600000000000	4	0.008407500000	0.989442500000	0.002580329795	0.005117042884	25000
3	6	0.300000000000	0.600000000000	5	0.054373750000	0.880277500000	0.008263218454	0.012233822386	25000
3	7	0.300000000000	0.700000000000	1	0.000000000000	0.950403750000	0.000000000000	0.009554702548	25000
3	7	0.300000000000	0.700000000000	2	0.039240000000	0.915982500000	0.005842219744	0.007026045051	25000
3	7	0.300000000000	0.700000000000	3	0.133568750000	0.825320000000	0.005480248083	0.009057711750	25000
3	7	0.300000000000	0.700000000000	4	0.000000000000	0.897807500000	0.000000000000	0.010874940601	25000
3	7	0.300000000000	0.700000000000	5	0.090692500000	0.871607500000	0.017437553212	0.009747998113	25000
3	8	0.300000000000	0.800000000000	1	0.000425000000	0.986478750000	0.000592432254	0.004106836013	25000
3	8	0.300000000000	0.800000000000	2	0.000000000000	0.968712500000	0.000000000000	0.004862199578	25000
3	8	0.300000000000	0.800000000000	3	0.027330000000	0.961367500000	0.003820349470	0.003941983382	25000
3	8	0.300000000000	0.800000000000	4	0.031568750000	1.000000000000	0.003817988734	0.000000000000	25000
3	8	0.300000000000	0.800000000000	5	0.067666250000	0.903995000000	0.012307152979	0.007265432644	25000
3	9	0.300000000000	0.900000000000	1	0.000000000000	0.974683750000	0.000000000000	0.005662032060	25000
3	9	0.300000000000	0.900000000000	2	0.030145000000	0.927782500000	0.007432182542	0.010492361908	25000
3	9	0.300000000000	0.900000000000	3	0.018123750000	1.000000000000	0.003242473913	0.000000000000	18000
3	9	0.300000000000	0.900000000000	4	0.110712500000	0.892228750000	0.007920034450	0.015141862896	25000
3	9	0.300000000000	0.900000000000	5	0.059963750000	1.000000000000	0.004601241121	0.000000000000	25000
3	10	0.300000000000	1.000000000000	1	0.039598750000	1.000000000000	0.004910351055	0.000000000000	25000
3	10	0.300000000000	1.000000000000	2	0.024950000000	1.000000000000	0.004554818478	0.000000000000	22000
3	10	0.300000000000	1.000000000000	3	0.000000000000	1.000000000000	0.000000000000	0.000000000000	16000
3	10	0.300000000000	1.000000000000	4	0.000000000000	1.000000000000	0.000000000000	0.000000000000	20000
3	10	0.300000000000	1.000000000000	5	0.000000000000	1.000000000000	0.000000000000	0.000000000000	25000
4	0	0.400000000000	0.000000000000	1	0.864976250000	0.000000000000	0.010078570137	0.000000000000	25000
4	0	0.400000000000	0.000000000000	2	0.898815000000	0.000000000000	0.009501568544	0.000000000000	25000
4	0	0.400000000000	0.000000000000	3	0.874143750000	0.000000000000	0.010681379373	0.000000000000	25000
4	0	0.400000000000	0.000000000000	4	0.912903750000	0.000000000000	0.010085243456	0.000000000000	18000
4	0	0.400000000000	0.000000000000	5	0.851373750000	0.000000000000	0.009931194644	0.000000000000	14000
4	1	0.400000000000	0.100000000000	1	0.848290000000	0.093632500000	0.007372389513	0.008638297803	25000
4	1	0.400000000000	0.100000000000	2	0.860648750000	0.055536250000	0.007941386942	0.009391103037	25000
4	1	0.400000000000	0.100000000000	3	0.885581250000	0.000000000000	0.010601939070	0.000000000000	25000
4	1	0.400000000000	0.100000000000	4	0.926323750000	0.024513750000	0.006131575626	0.004982401305	25000
4	1	0.400000000000	0.100000000000	5	0.881175000000	0.015842500000	0.010386397463	0.003190865929	25000
4	2	0.400000000000	0.200000000000	1	0.983291250000	0.023487500000	0.003209093988	0.003746432237	25000
4	2	0.400000000000	0.200000000000	2	0.884670000000	0.048581250000	0.010771966406	0.004561402452	25000
4	2	0.400000000000	0.200000000000	3	0.087667500000	0.816916250000	0.007806752791	0.014025802886	25000
4	2	0.400000000000	0.200000000000	4	0.797977500000	0.094017500000	0.019200179443	0.007280552877	25000
4	2	0.400000000000	0.200000000000	5	0.820257500000	0.044008750000	0.015356110474	0.005973769485	25000
4	3	0.400000000000	0.300000000000	1	0.098148750000	0.866777500000	0.021990592240	0.028262473107	25000
4	3	0.400000000000	0.300000000000	2	0.073683750000	0.916053750000	0.007991897075	0.012878913574	25000
4	3	0.400000000000	0.300000000000	3	0.892496250000	0.072556250000	0.010121492877	0.005664791550	25000
4	3	0.400000000000	0.300000000000	4	0.486510000000	0.457840000000	0.013897748826	0.014521372878	25000
4	3	0.400000000000	0.300000000000	5	0.120898750000	0.853655000000	0.010630172223	0.010647386620	25000
4	4	0.400000000000	0.400000000000	1	0.103103750000	0.853485000000	0.009795975427	0.009065184917	25000
4	4	0.400000000000	0.400000000000	2	0.887450000000	0.043357500000	0.006963906662	0.006541309692	25000
4	4	0.400000000000	0.400000000000	3	0.881345000000	0.009540000000	0.010250264285	0.004111986556	25000
4	4	0.400000000000	0.400000000000	4	0.579793750000	0.377473750000	0.019590870339	0.016340394945	25000
4	4	0.400000000000	0.400000000000	5	0.832792500000	0.090430000000	0.008427326895	0.006490452679	25000
4	5	0.400000000000	0.500000000000	1	0.051265000000	0.881048750000	0.005280817838	0.007646332607	25000
4	5	0.400000000000	0.500000000000	2	0.047935000000	0.967648750000	0.003405491502	0.008417261207	25000
4	5	0.400000000000	0.500000000000	3	0.032835000000	0.994291250000	0.005548913447	0.002486673377	25000
4	5	0.400000000000	0.500000000000	4	0.099872500000	0.830298750000	0.009821001518	0.013285379643	25000
4	5	0.400000000000	0.500000000000	5	0.786368750000	0.146462500000	0.026739880930	0.015273977483	25000
4	6	0.400000000000	0.600000000000	1	0.135767500000	0.839428750000	0.008220805946	0.012612367254	25000
4	6	0.400000000000	0.600000000000	2	0.138945000000	0.813937500000	0.008851889965	0.008237768483	25000
4	6	0.400000000000	0.600000000000	3	0.048857500000	0.933181250000	0.014464423192	0.006341297027	25000
4	6	0.400000000000	0.600000000000	4	0.058385000000	0.944647500000	0.007678752388	0.006181743905	25000
4	6	0.400000000000	0.600000000000	5	0.003816250000	1.000000000000	0.001604602189	0.000000000000	25000
4	7	0.400000000000	0.700000000000	1	0.012093750000	0.950042500000	0.003263479544	0.009139740347	24000
4	7	0.400000000000	0.700000000000	2	0.025135000000	0.976033750000	0.004085993801	0.006171437035	25000
4	7	0.400000000000	0.700000000000	3	0.015137500000	1.000000000000	0.003630671498	0.000000000000	25000
4	7	0.400000000000	0.700000000000	4	0.047955000000	0.914438750000	0.009127124652	0.012057702896	25000
4	7	0.400000000000	0.700000000000	5	0.020665000000	0.871421250000	0.005646262505	0.007820583256	25000
4	8	0.400000000000	0.800000000000	1	0.049206250000	0.880333750000	0.011824845682	0.017667921606	25000
4	8	0.400000000000	0.800000000000	2	0.000000000000	1.000000000000	0.000000000000	0.000000000000	25000
4	8	0.400000000000	0.800000000000	3	0.034706250000	1.000000000000	0.003429491194	0.000000000000	25000
4	8	0.400000000000	0.800000000000	4	0.000000000000	0.917218750000	0.000000000000	0.011982556806	25000
4	8	0.400000000000	0.800000000000	5	0.063321250000	0.875820000000	0.009592008004	0.010018568846	25000
4	9	0.400000000000	0.900000000000	1	0.059015000000	0.892873750000	0.012518945603	0.010657031517	25000
4	9	0.400000000000	0.900000000000	2	0.036553750000	0.925137500000	0.005601622677	0.006275087288	25000
4	9	0.400000000000	0.900000000000	3	0.040261250000	0.944040000000	0.005955567120	0.007183880089	25000
4	9	0.400000000000	0.900000000000	4	0.065632500000	0.989013750000	0.009503104901	0.002961231556	25000
4	9	0.400000000000	0.900000000000	5	0.032337500000	0.971840000000	0.004724501526	0.003769181839	25000
4	10	0.400000000000	1.000000000000	1	0.037771250000	1.000000000000	0.008431470847	0.000000000000	25000
4	10	0.400000000000	1.000000000000	2	0.050245000000	1.000000000000	0.006063868031	0.000000000000	25000
4	10	0.400000000000	1.000000000000	3	0.021687500000	1.000000000000	0.003361252262	0.000000000000	25000
4	10	0.400000000000	1.000000000000	4	0.048321250000	1.000000000000	0.007302983603	0.000000000000	25000
4	10	0.400000000000	1.000000000000	5	0.019585000000	1.000000000000	0.005072635571	0.000000000000	25000
5	0	0.500000000000	0.000000000000	1	0.874063750000	0.000000000000	0.014596679811	0.000000000000	25000
5	0	0.500000000000	0.000000000000	2	0.876161250000	0.000000000000	0.007059995005	0.000000000000	10000
5	0	0.500000000000	0.000000000000	3	0.862185000000	0.000000000000	0.008229884933	0.000000000000	25000
5	0	0.500000000000	0.000000000000	4	0.916605000000	0.000000000000	0.008375582092	0.000000000000	10000
5	0	0.500000000000	0.000000000000	5	0.900333750000	0.000000000000	0.008306800007	0.000000000000	24000
5	1	0.500000000000	0.100000000000	1	0.847943750000	0.074985000000	0.010605936277	0.011124371967	25000
5	1	0.500000000000	0.100000000000	2	0.860716250000	0.046425000000	0.011085697593	0.010443164496	25000
5	1	0.500000000000	0.100000000000	3	0.769526250000	0.160466250000	0.011085887215	0.006089386592	25000
5	1	0.500000000000	0.100000000000	4	0.849245000000	0.076347500000	0.008299215443	0.009223811438	25000
5	1	0.500000000000	0.100000000000	5	0.847780000000	0.095292500000	0.009282120327	0.008983743730	25000
5	2	0.500000000000	0.200000000000	1	0.911248750000	0.000000000000	0.007168058803	0.000000000000	25000
5	2	0.500000000000	0.200000000000	2	0.867775000000	0.037081250000	0.007527020063	0.005971494342	25000
5	2	0.500000000000	0.200000000000	3	0.790357500000	0.137032500000	0.014502629762	0.006702480287	25000
5	2	0.500000000000	0.200000000000	4	0.843721250000	0.106375000000	0.013995860819	0.010168131141	25000
5	2	0.500000000000	0.200000000000	5	0.839608750000	0.039172500000	0.011384335247	0.005860051959	25000
5	3	0.500000000000	0.300000000000	1	0.763607500000	0.161638750000	0.013106471621	0.009494898052	25000
5	3	0.500000000000	0.300000000000	2	0.884250000000	0.029518750000	0.008417926496	0.004589774174	25000
5	3	0.500000000000	0.300000000000	3	0.809186250000	0.088096250000	0.009140626318	0.008788923063	25000
5	3	0.500000000000	0.300000000000	4	0.721640000000	0.217340000000	0.010308117301	0.005760704012	25000
5	3	0.500000000000	0.300000000000	5	0.748905000000	0.149263750000	0.030441740252	0.014237484131	25000
5	4	0.500000000000	0.400000000000	1	0.880238750000	0.015786250000	0.014583951027	0.006475699431	25000
5	4	0.500000000000	0.400000000000	2	0.887623750000	0.038551250000	0.012503953266	0.006477191903	25000
5	4	0.500000000000	0.400000000000	3	0.784066250000	0.153876250000	0.011906518745	0.019399648058	25000
5	4	0.500000000000	0.400000000000	4	0.156038750000	0.769492500000	0.007804989032	0.009673017162	25000
5	4	0.500000000000	0.400000000000	5	0.782727500000	0.126356250000	0.010934849779	0.011312028351	25000
5	5	0.500000000000	0.500000000000	1	0.147502500000	0.821556250000	0.010925485572	0.014552626133	25000
5	5	0.500000000000	0.500000000000	2	0.178210000000	0.759815000000	0.008078244428	0.011184262950	25000
5	5	0.500000000000	0.500000000000	3	0.207388750000	0.726738750000	0.012368368424	0.009508382895	25000
5	5	0.500000000000	0.500000000000	4	0.722925000000	0.221983750000	0.014927586303	0.011741530436	25000
5	5	0.500000000000	0.500000000000	5	0.037211250000	0.887958750000	0.006274306963	0.008727028243	25000
5	6	0.500000000000	0.600000000000	1	0.057553750000	0.864473750000	0.004201273514	0.023973343940	25000
5	6	0.500000000000	0.600000000000	2	0.043108750000	0.872597500000	0.005179134520	0.006809643162	25000
5	6	0.500000000000	0.600000000000	3	0.098065000000	0.844627500000	0.010932047368	0.010132937391	25000
5	6	0.500000000000	0.600000000000	4	0.863206250000	0.112101250000	0.016455198175	0.013927006945	25000
5	6	0.500000000000	0.600000000000	5	0.048376250000	0.873062500000	0.004329332114	0.009659290639	25000
5	7	0.500000000000	0.700000000000	1	0.064902500000	0.886413750000	0.007530584536	0.009963948952	25000
5	7	0.500000000000	0.700000000000	2	0.089681250000	0.865227500000	0.009144114269	0.016992446469	25000
5	7	0.500000000000	0.700000000000	3	0.036352500000	0.918620000000	0.007072757075	0.006041334515	25000
5	7	0.500000000000	0.700000000000	4	0.047033750000	0.974623750000	0.005112576344	0.002797154359	25000
5	7	0.500000000000	0.700000000000	5	0.014620000000	0.987442500000	0.002338229526	0.003282715335	25000
5	8	0.500000000000	0.800000000000	1	0.128430000000	0.829971250000	0.009519590201	0.009026230319	25000
5	8	0.500000000000	0.800000000000	2	0.061886250000	0.899878750000	0.015492111023	0.012902406094	25000
5	8	0.500000000000	0.800000000000	3	0.068487500000	0.862768750000	0.011272284957	0.007816036487	25000
5	8	0.500000000000	0.800000000000	4	0.061078750000	1.000000000000	0.005297433221	0.000000000000	25000
5	8	0.500000000000	0.800000000000	5	0.004557500000	0.879851250000	0.001634775594	0.008646231448	25000
5	9	0.500000000000	0.900000000000	1	0.107302500000	0.882170000000	0.010077980176	0.018109657222	25000
5	9	0.500000000000	0.900000000000	2	0.088393750000	0.860146250000	0.011975858826	0.008353514508	25000
5	9	0.500000000000	0.900000000000	3	0.046906250000	1.000000000000	0.004368493123	0.000000000000	25000
5	9	0.500000000000	0.900000000000	4	0.013755000000	0.883236250000	0.002039702279	0.007990907523	25000
5	9	0.500000000000	0.900000000000	5	0.030797500000	1.000000000000	0.003532204725	0.000000000000	25000
5	10	0.500000000000	1.000000000000	1	0.000000000000	1.000000000000	0.000000000000	0.000000000000	24000
5	10	0.500000000000	1.000000000000	2	0.031788750000	1.000000000000	0.005578019383	0.000000000000	25000
5	10	0.500000000000	1.000000000000	3	0.035206250000	1.000000000000	0.006633713484	0.000000000000	25000
5	10	0.500000000000	1.000000000000	4	0.028751250000	1.000000000000	0.004071549269	0.000000000000	25000
5	10	0.500000000000	1.000000000000	5	0.000000000000	1.000000000000	0.000000000000	0.000000000000	25000
6	0	0.600000000000	0.000000000000	1	0.905313750000	0.000000000000	0.007474095969	0.000000000000	12000
6	0	0.600000000000	0.000000000000	2	0.843905000000	0.000000000000	0.005507954481	0.000000000000	25000
6	0	0.600000000000	0.000000000000	3	0.921390000000	0.000000000000	0.006065656782	0.000000000000	25000
6	0	0.600000000000	0.000000000000	4	0.871761250000	0.000000000000	0.014832107988	0.000000000000	25000
6	0	0.600000000000	0.000000000000	5	0.846086250000	0.000000000000	0.007366793270	0.000000000000	25000
6	1	0.600000000000	0.100000000000	1	0.900912500000	0.021656250000	0.011345944174	0.004015535202	25000
6	1	0.600000000000	0.100000000000	2	0.835638750000	0.080335000000	0.015890419799	0.014611254695	25000
6	1	0.600000000000	0.100000000000	3	0.868968750000	0.000000000000	0.006009561196	0.000000000000	25000
6	1	0.600000000000	0.100000000000	4	0.886615000000	0.069828750000	0.008106979901	0.008143889358	25000
6	1	0.600000000000	0.100000000000	5	0.770993750000	0.155888750000	0.010750068018	0.013410967153	25000
6	2	0.600000000000	0.200000000000	1	0.920081250000	0.029921250000	0.009510739461	0.006422059934	25000
6	2	0.600000000000	0.200000000000	2	0.853043750000	0.090810000000	0.010979165064	0.007372338596	25000
6	2	0.600000000000	0.200000000000	3	0.925635000000	0.041838750000	0.010005467724	0.004686953004	25000
6	2	0.600000000000	0.200000000000	4	0.805975000000	0.151288750000	0.024542217615	0.022568022212	25000
6	2	0.600000000000	0.200000000000	5	0.882932500000	0.020292500000	0.015691152954	0.002842318160	25000
6	3	0.600000000000	0.300000000000	1	0.887920000000	0.057603750000	0.006385922408	0.008004013848	25000
6	3	0.600000000000	0.300000000000	2	0.804887500000	0.113555000000	0.010623244423	0.006625207043	25000
6	3	0.600000000000	0.300000000000	3	0.911491250000	0.043945000000	0.008196678991	0.005002136681	25000
6	3	0.600000000000	0.300000000000	4	0.829578750000	0.109038750000	0.011299553790	0.007844686102	25000
6	3	0.600000000000	0.300000000000	5	0.882222500000	0.075312500000	0.011927762375	0.010193134638	25000
6	4	0.600000000000	0.400000000000	1	0.833740000000	0.067585000000	0.013811341468	0.007375231796	25000
6	4	0.600000000000	0.400000000000	2	0.664011250000	0.300086250000	0.014750347748	0.027479125728	25000
6	4	0.600000000000	0.400000000000	3	0.120806250000	0.846457500000	0.015301287620	0.013423263491	25000
6	4	0.600000000000	0.400000000000	4	0.801296250000	0.155515000000	0.019193561844	0.011419673110	25000
6	4	0.600000000000	0.400000000000	5	0.793651250000	0.177921250000	0.011782243301	0.009246464624	25000
6	5	0.600000000000	0.500000000000	1	0.899135000000	0.033521250000	0.007945669176	0.004731847030	25000
6	5	0.600000000000	0.500000000000	2	0.830632500000	0.099672500000	0.014460387151	0.012081802999	25000
6	5	0.600000000000	0.500000000000	3	0.046467500000	1.000000000000	0.007425990782	0.000000000000	25000
6	5	0.600000000000	0.500000000000	4	0.046948750000	0.963127500000	0.004858566312	0.004502598377	25000
6	5	0.600000000000	0.500000000000	5	0.907701250000	0.011751250000	0.012064814366	0.001772273085	25000
6	6	0.600000000000	0.600000000000	1	0.833872500000	0.061715000000	0.017269702121	0.007069476820	25000
6	6	0.600000000000	0.600000000000	2	0.936752500000	0.029892500000	0.007593922663	0.008833223907	25000
6	6	0.600000000000	0.600000000000	3	0.790131250000	0.139828750000	0.010774700929	0.010808344288	25000
6	6	0.600000000000	0.600000000000	4	0.020263750000	1.000000000000	0.003123179900	0.000000000000	25000
6	6	0.600000000000	0.600000000000	5	0.816931250000	0.106723750000	0.008853507527	0.009234440878	25000
6	7	0.600000000000	0.700000000000	1	0.872331250000	0.083256250000	0.007239898277	0.010027097842	25000
6	7	0.600000000000	0.700000000000	2	0.129103750000	0.846550000000	0.011124024333	0.018061577882	25000
6	7	0.600000000000	0.700000000000	3	0.037156250000	0.968746250000	0.005149384876	0.006404495765	25000
6	7	0.600000000000	0.700000000000	4	0.042850000000	0.893935000000	0.007420078002	0.006857499566	25000
6	7	0.600000000000	0.700000000000	5	0.141133750000	0.807900000000	0.026767076789	0.012962755611	25000
6	8	0.600000000000	0.800000000000	1	0.083667500000	0.892132500000	0.005516611437	0.014914859093	25000
6	8	0.600000000000	0.800000000000	2	0.085326250000	0.828361250000	0.008724211156	0.009895939347	25000
6	8	0.600000000000	0.800000000000	3	0.043177500000	0.868190000000	0.005390215503	0.015929026458	25000
6	8	0.600000000000	0.800000000000	4	0.008750000000	0.930442500000	0.004655284274	0.009371406886	25000
6	8	0.600000000000	0.800000000000	5	0.016027500000	1.000000000000	0.003533391233	0.000000000000	25000
6	9	0.600000000000	0.900000000000	1	0.003726250000	0.935258750000	0.002026105511	0.006967022344	25000
6	9	0.600000000000	0.900000000000	2	0.071150000000	0.921361250000	0.004750006586	0.009181590960	25000
6	9	0.600000000000	0.900000000000	3	0.072497500000	1.000000000000	0.006379170210	0.000000000000	25000
6	9	0.600000000000	0.900000000000	4	0.078541250000	0.950797500000	0.009302763156	0.003628744485	25000
6	9	0.600000000000	0.900000000000	5	0.048158750000	1.000000000000	0.005427378960	0.000000000000	25000
6	10	0.600000000000	1.000000000000	1	0.053395000000	1.000000000000	0.006636491394	0.000000000000	16000
6	10	0.600000000000	1.000000000000	2	0.028053750000	1.000000000000	0.003114220899	0.000000000000	25000
6	10	0.600000000000	1.000000000000	3	0.050687500000	1.000000000000	0.007997307402	0.000000000000	12000
6	10	0.600000000000	1.000000000000	4	0.046888750000	1.000000000000	0.006878653707	0.000000000000	25000
6	10	0.600000000000	1.000000000000	5	0.060617500000	1.000000000000	0.007367655740	0.000000000000	25000
7	0	0.700000000000	0.000000000000	1	0.893828750000	0.000000000000	0.006678507573	0.000000000000	8000
7	0	0.700000000000	0.000000000000	2	0.927291250000	0.000000000000	0.012279404290	0.000000000000	18000
7	0	0.700000000000	0.000000000000	3	0.910240000000	0.000000000000	0.007628316735	0.000000000000	25000
7	0	0.700000000000	0.000000000000	4	0.959940000000	0.000000000000	0.006288009547	0.000000000000	8000
7	0	0.700000000000	0.000000000000	5	0.915583750000	0.000000000000	0.007081556812	0.000000000000	8000
7	1	0.700000000000	0.100000000000	1	0.956178750000	0.000000000000	0.004979900636	0.000000000000	25000
7	1	0.700000000000	0.100000000000	2	0.799207500000	0.088373750000	0.010997688070	0.010823973709	25000
7	1	0.700000000000	0.100000000000	3	0.845452500000	0.049447500000	0.013384553224	0.008503208118	25000
7	1	0.700000000000	0.100000000000	4	0.892098750000	0.000000000000	0.008927219959	0.000000000000	12000
7	1	0.700000000000	0.100000000000	5	0.887037500000	0.017571250000	0.007280434292	0.005333848130	25000
7	2	0.700000000000	0.200000000000	1	0.877925000000	0.000000000000	0.006674451161	0.000000000000	25000
7	2	0.700000000000	0.200000000000	2	0.911317500000	0.000000000000	0.006540075790	0.000000000000	25000
7	2	0.700000000000	0.200000000000	3	0.875438750000	0.002046250000	0.014738386308	0.001580560536	25000
7	2	0.700000000000	0.200000000000	4	0.925787500000	0.009580000000	0.008060967557	0.001983376864	25000
7	2	0.700000000000	0.200000000000	5	0.865626250000	0.020060000000	0.009306367816	0.006103730870	25000
7	3	0.700000000000	0.300000000000	1	0.895021250000	0.043121250000	0.010874022038	0.006316090875	25000
7	3	0.700000000000	0.300000000000	2	0.792093750000	0.135408750000	0.009771969598	0.007606236966	25000
7	3	0.700000000000	0.300000000000	3	0.970271250000	0.002363750000	0.004079399765	0.001728000122	25000
7	3	0.700000000000	0.300000000000	4	0.940677500000	0.000000000000	0.010198713522	0.000000000000	25000
7	3	0.700000000000	0.300000000000	5	0.940836250000	0.000000000000	0.008434580048	0.000000000000	25000
7	4	0.700000000000	0.400000000000	1	0.872718750000	0.061776250000	0.010651216332	0.007875342498	25000
7	4	0.700000000000	0.400000000000	2	0.200077500000	0.726731250000	0.008311171357	0.010883084465	25000
7	4	0.700000000000	0.400000000000	3	0.879355000000	0.000000000000	0.007617915242	0.000000000000	25000
7	4	0.700000000000	0.400000000000	4	0.810002500000	0.097452500000	0.009437541308	0.008074485499	25000
7	4	0.700000000000	0.400000000000	5	0.921737500000	0.014022500000	0.012484719138	0.002921348666	25000
7	5	0.700000000000	0.500000000000	1	0.992503750000	0.029620000000	0.002796201384	0.006555423218	25000
7	5	0.700000000000	0.500000000000	2	0.791510000000	0.104046250000	0.010836995223	0.007924746055	25000
7	5	0.700000000000	0.500000000000	3	0.795966250000	0.084631250000	0.012292030648	0.005102486777	25000
7	5	0.700000000000	0.500000000000	4	0.817107500000	0.099333750000	0.010846853137	0.008384687019	25000
7	5	0.700000000000	0.500000000000	5	0.820735000000	0.090663750000	0.010536195301	0.007617226896	25000
7	6	0.700000000000	0.600000000000	1	0.855775000000	0.094961250000	0.009477034831	0.013927276473	25000
7	6	0.700000000000	0.600000000000	2	0.616632500000	0.321765000000	0.009005056068	0.008662805215	25000
7	6	0.700000000000	0.600000000000	3	0.856373750000	0.076343750000	0.009199300276	0.009736372291	25000
7	6	0.700000000000	0.600000000000	4	0.732562500000	0.198737500000	0.016317835043	0.019215725015	25000
7	6	0.700000000000	0.600000000000	5	0.158626250000	0.759677500000	0.012456832306	0.009092609323	25000
7	7	0.700000000000	0.700000000000	1	0.621506250000	0.332706250000	0.009102369283	0.011344336358	25000
7	7	0.700000000000	0.700000000000	2	0.068118750000	0.927360000000	0.007222075139	0.006423329289	25000
7	7	0.700000000000	0.700000000000	3	0.102950000000	0.828230000000	0.008228925520	0.007079793321	25000
7	7	0.700000000000	0.700000000000	4	0.036458750000	0.908552500000	0.004359485756	0.009066045827	25000
7	7	0.700000000000	0.700000000000	5	0.055141250000	0.914352500000	0.007622685962	0.007230483984	25000
7	8	0.700000000000	0.800000000000	1	0.039103750000	0.944562500000	0.007170448994	0.007226353779	25000
7	8	0.700000000000	0.800000000000	2	0.004361250000	0.939742500000	0.001354998878	0.005717364516	25000
7	8	0.700000000000	0.800000000000	3	0.216875000000	0.704351250000	0.008471083712	0.022609483623	25000
7	8	0.700000000000	0.800000000000	4	0.222607500000	0.717688750000	0.013039088794	0.013053331007	25000
7	8	0.700000000000	0.800000000000	5	0.049891250000	0.955358750000	0.013485862205	0.004485655698	25000
7	9	0.700000000000	0.900000000000	1	0.018841250000	0.998425000000	0.006236054387	0.000723203307	25000
7	9	0.700000000000	0.900000000000	2	0.000000000000	1.000000000000	0.000000000000	0.000000000000	25000
7	9	0.700000000000	0.900000000000	3	0.068773750000	0.964365000000	0.005760028330	0.007074820003	25000
7	9	0.700000000000	0.900000000000	4	0.079945000000	0.889743750000	0.008777400969	0.011372647473	25000
7	9	0.700000000000	0.900000000000	5	0.035805000000	0.989146250000	0.005208860934	0.002036835078	25000
7	10	0.700000000000	1.000000000000	1	0.084265000000	1.000000000000	0.006271391820	0.000000000000	10000
7	10	0.700000000000	1.000000000000	2	0.086567500000	1.000000000000	0.011090832941	0.000000000000	20000
7	10	0.700000000000	1.000000000000	3	0.008930000000	1.000000000000	0.002747753655	0.000000000000	25000
7	10	0.700000000000	1.000000000000	4	0.061397500000	1.000000000000	0.006901603138	0.000000000000	16000
7	10	0.700000000000	1.000000000000	5	0.060621250000	1.000000000000	0.004662332923	0.000000000000	16000
8	0	0.800000000000	0.000000000000	1	0.912663750000	0.000000000000	0.007022441750	0.000000000000	25000
8	0	0.800000000000	0.000000000000	2	0.904793750000	0.000000000000	0.007576744386	0.000000000000	25000
8	0	0.800000000000	0.000000000000	3	0.877866250000	0.000000000000	0.006912594115	0.000000000000	25000
8	0	0.800000000000	0.000000000000	4	0.936223750000	0.000000000000	0.007056737630	0.000000000000	14000
8	0	0.800000000000	0.000000000000	5	0.885817500000	0.000000000000	0.013328070236	0.000000000000	25000
8	1	0.800000000000	0.100000000000	1	0.885353750000	0.039752500000	0.011460869293	0.010509332273	25000
8	1	0.800000000000	0.100000000000	2	0.930818750000	0.037097500000	0.008990246686	0.003893507821	25000
8	1	0.800000000000	0.100000000000	3	0.908103750000	0.000000000000	0.006798355763	0.000000000000	25000
8	1	0.800000000000	0.100000000000	4	0.960548750000	0.009666250000	0.004801860973	0.003336548515	25000
8	1	0.800000000000	0.100000000000	5	0.839025000000	0.082081250000	0.008635439816	0.005812486209	25000
8	2	0.800000000000	0.200000000000	1	0.879513750000	0.065655000000	0.009610930935	0.009316230039	25000
8	2	0.800000000000	0.200000000000	2	0.938718750000	0.030407500000	0.005964365817	0.005344975445	25000
8	2	0.800000000000	0.200000000000	3	1.000000000000	0.003045000000	0.000000000000	0.001864188885	25000
8	2	0.800000000000	0.200000000000	4	0.890790000000	0.088512500000	0.009962436958	0.006354100514	25000
8	2	0.800000000000	0.200000000000	5	0.953253750000	0.000000000000	0.005467306455	0.000000000000	25000
8	3	0.800000000000	0.300000000000	1	0.859893750000	0.088018750000	0.009483153676	0.012361771691	25000
8	3	0.800000000000	0.300000000000	2	0.908313750000	0.059503750000	0.007298254103	0.004773293702	25000
8	3	0.800000000000	0.300000000000	3	0.882422500000	0.038096250000	0.007172111470	0.010401976955	25000
8	3	0.800000000000	0.300000000000	4	0.937008750000	0.080432500000	0.007018510913	0.006054665782	25000
8	3	0.800000000000	0.300000000000	5	1.000000000000	0.008647500000	0.000000000000	0.002571936743	25000
8	4	0.800000000000	0.400000000000	1	0.882401250000	0.040440000000	0.014640693660	0.005463973372	25000
8	4	0.800000000000	0.400000000000	2	0.871735000000	0.094793750000	0.009468271921	0.014090491133	25000
8	4	0.800000000000	0.400000000000	3	0.924208750000	0.000000000000	0.006782301272	0.000000000000	25000
8	4	0.800000000000	0.400000000000	4	0.828802500000	0.081797500000	0.012178693046	0.012371597519	25000
8	4	0.800000000000	0.400000000000	5	0.950373750000	0.024491250000	0.004185692112	0.005766366874	25000
8	5	0.800000000000	0.500000000000	1	0.906812500000	0.050582500000	0.013573608090	0.006319167321	25000
8	5	0.800000000000	0.500000000000	2	0.872890000000	0.018263750000	0.007865097568	0.002255179432	25000
8	5	0.800000000000	0.500000000000	3	0.871927500000	0.072721250000	0.007234653341	0.008384571365	25000
8	5	0.800000000000	0.500000000000	4	0.810117500000	0.092200000000	0.008883241567	0.008050997986	25000
8	5	0.800000000000	0.500000000000	5	0.884060000000	0.033930000000	0.010729353150	0.005151797358	25000
8	6	0.800000000000	0.600000000000	1	0.787353750000	0.122208750000	0.011648239348	0.005580748668	25000
8	6	0.800000000000	0.600000000000	2	0.845351250000	0.102167500000	0.010067033133	0.009984601194	25000
8	6	0.800000000000	0.600000000000	3	0.845322500000	0.068916250000	0.009702100262	0.006682988536	25000
8	6	0.800000000000	0.600000000000	4	0.908117500000	0.020043750000	0.005688072865	0.003008729115	25000
8	6	0.800000000000	0.600000000000	5	0.946578750000	0.005231250000	0.010651470075	0.002072711285	25000
8	7	0.800000000000	0.700000000000	1	0.862260000000	0.067951250000	0.007523230622	0.008224579299	25000
8	7	0.800000000000	0.700000000000	2	0.816927500000	0.114915000000	0.015331680573	0.018410437779	25000
8	7	0.800000000000	0.700000000000	3	0.771708750000	0.173833750000	0.011248144589	0.016051255909	25000
8	7	0.800000000000	0.700000000000	4	0.785652500000	0.125233750000	0.014465229401	0.008125989487	25000
8	7	0.800000000000	0.700000000000	5	0.344096250000	0.648596250000	0.021277629943	0.026855966122	25000
8	8	0.800000000000	0.800000000000	1	0.776536250000	0.130413750000	0.006478259124	0.010711768781	25000
8	8	0.800000000000	0.800000000000	2	0.055977500000	0.867943750000	0.003860459415	0.008384692989	25000
8	8	0.800000000000	0.800000000000	3	0.749146250000	0.185781250000	0.012135740589	0.013072977422	25000
8	8	0.800000000000	0.800000000000	4	0.737111250000	0.223385000000	0.012694820574	0.016577310011	25000
8	8	0.800000000000	0.800000000000	5	0.692757500000	0.257538750000	0.009630430361	0.008936157779	25000
8	9	0.800000000000	0.900000000000	1	0.144613750000	0.816226250000	0.008227130978	0.020062100122	25000
8	9	0.800000000000	0.900000000000	2	0.040452500000	0.882716250000	0.003734107967	0.006656226693	25000
8	9	0.800000000000	0.900000000000	3	0.039721250000	0.942261250000	0.004385269835	0.007350286569	25000
8	9	0.800000000000	0.900000000000	4	0.023351250000	0.962338750000	0.003051433628	0.008108679709	25000
8	9	0.800000000000	0.900000000000	5	0.001747500000	1.000000000000	0.001252872076	0.000000000000	25000
8	10	0.800000000000	1.000000000000	1	0.025201250000	1.000000000000	0.004971936855	0.000000000000	22000
8	10	0.800000000000	1.000000000000	2	0.015216250000	1.000000000000	0.004679591009	0.000000000000	25000
8	10	0.800000000000	1.000000000000	3	0.019290000000	1.000000000000	0.002947174212	0.000000000000	25000
8	10	0.800000000000	1.000000000000	4	0.029585000000	1.000000000000	0.003766807513	0.000000000000	25000
8	10	0.800000000000	1.000000000000	5	0.041278750000	1.000000000000	0.004947242782	0.000000000000	22000
9	0	0.900000000000	0.000000000000	1	1.000000000000	0.000000000000	0.000000000000	0.000000000000	25000
9	0	0.900000000000	0.000000000000	2	1.000000000000	0.000000000000	0.000000000000	0.000000000000	10000
9	0	0.900000000000	0.000000000000	3	0.963166250000	0.000000000000	0.004400160207	0.000000000000	18000
9	0	0.900000000000	0.000000000000	4	0.934736250000	0.000000000000	0.010817619624	0.000000000000	24000
9	0	0.900000000000	0.000000000000	5	0.945157500000	0.000000000000	0.009457418332	0.000000000000	18000
9	1	0.900000000000	0.100000000000	1	1.000000000000	0.006593750000	0.000000000000	0.002580466478	10000
9	1	0.900000000000	0.100000000000	2	0.919322500000	0.000000000000	0.003907926642	0.000000000000	25000
9	1	0.900000000000	0.100000000000	3	1.000000000000	0.000000000000	0.000000000000	0.000000000000	25000
9	1	0.900000000000	0.100000000000	4	0.826021250000	0.080236250000	0.016956448097	0.011197483292	25000
9	1	0.900000000000	0.100000000000	5	0.974062500000	0.000000000000	0.005467035964	0.000000000000	25000
9	2	0.900000000000	0.200000000000	1	0.932360000000	0.000000000000	0.006353061182	0.000000000000	25000
9	2	0.900000000000	0.200000000000	2	0.875431250000	0.021385000000	0.010460641039	0.006730914143	25000
9	2	0.900000000000	0.200000000000	3	0.974813750000	0.000000000000	0.003631726569	0.000000000000	25000
9	2	0.900000000000	0.200000000000	4	0.991910000000	0.000000000000	0.003413363598	0.000000000000	25000
9	2	0.900000000000	0.200000000000	5	0.994516250000	0.011355000000	0.001921748307	0.005152052372	25000
9	3	0.900000000000	0.300000000000	1	0.843740000000	0.015896250000	0.008618065099	0.007632393259	25000
9	3	0.900000000000	0.300000000000	2	0.856335000000	0.114933750000	0.011964465029	0.007082360713	25000
9	3	0.900000000000	0.300000000000	3	0.911038750000	0.000000000000	0.005063788393	0.000000000000	25000
9	3	0.900000000000	0.300000000000	4	0.996797500000	0.016438750000	0.002416056928	0.003053216840	25000
9	3	0.900000000000	0.300000000000	5	0.913990000000	0.047596250000	0.010890437394	0.011056340539	25000
9	4	0.900000000000	0.400000000000	1	0.949892500000	0.001600000000	0.007369846225	0.001196685864	25000
9	4	0.900000000000	0.400000000000	2	0.924918750000	0.057742500000	0.010001155386	0.007875601173	25000
9	4	0.900000000000	0.400000000000	3	0.830107500000	0.065555000000	0.007917022673	0.007760618674	25000
9	4	0.900000000000	0.400000000000	4	1.000000000000	0.034151250000	0.000000000000	0.005080366233	25000
9	4	0.900000000000	0.400000000000	5	0.885987500000	0.091636250000	0.014053152132	0.008975058502	25000
9	5	0.900000000000	0.500000000000	1	0.897832500000	0.050430000000	0.013126161467	0.006019090833	25000
9	5	0.900000000000	0.500000000000	2	0.932965000000	0.041213750000	0.013518307758	0.005877960859	25000
9	5	0.900000000000	0.500000000000	3	0.960008750000	0.018643750000	0.005948949566	0.005086798990	25000
9	5	0.900000000000	0.500000000000	4	0.932377500000	0.060386250000	0.009698952956	0.010541038228	25000
9	5	0.900000000000	0.500000000000	5	0.888750000000	0.026666250000	0.009084397409	0.003720502732	25000
9	6	0.900000000000	0.600000000000	1	0.885587500000	0.071208750000	0.005908341751	0.005781070984	25000
9	6	0.900000000000	0.600000000000	2	0.917231250000	0.027781250000	0.007285338846	0.006087653116	25000
9	6	0.900000000000	0.600000000000	3	0.884967500000	0.070147500000	0.009011910634	0.014689397440	25000
9	6	0.900000000000	0.600000000000	4	0.950626250000	0.041182500000	0.005740357144	0.005967080509	25000
9	6	0.900000000000	0.600000000000	5	0.842231250000	0.063362500000	0.006647727297	0.007249518900	25000
9	7	0.900000000000	0.700000000000	1	0.894661250000	0.056831250000	0.007325031879	0.008745331140	25000
9	7	0.900000000000	0.700000000000	2	0.818145000000	0.103993750000	0.007078556064	0.008318208403	25000
9	7	0.900000000000	0.700000000000	3	0.841748750000	0.098527500000	0.008307373134	0.008252831513	25000
9	7	0.900000000000	0.700000000000	4	1.000000000000	0.032580000000	0.000000000000	0.006569523090	25000
9	7	0.900000000000	0.700000000000	5	0.872026250000	0.036633750000	0.012988175050	0.005035651022	25000
9	8	0.900000000000	0.800000000000	1	0.903155000000	0.045051250000	0.008786961118	0.005464434644	25000
9	8	0.900000000000	0.800000000000	2	0.889281250000	0.048361250000	0.007624752310	0.004585939574	25000
9	8	0.900000000000	0.800000000000	3	0.834323750000	0.080455000000	0.005949129397	0.009534615036	25000
9	8	0.900000000000	0.800000000000	4	0.797880000000	0.145803750000	0.013121891405	0.013786042885	25000
9	8	0.900000000000	0.800000000000	5	0.867590000000	0.100512500000	0.013644250275	0.012541092367	25000
9	9	0.900000000000	0.900000000000	1	0.041566250000	0.858682500000	0.006709112134	0.008026744195	25000
9	9	0.900000000000	0.900000000000	2	0.005228750000	0.944485000000	0.002836332265	0.006999733657	25000
9	9	0.900000000000	0.900000000000	3	0.072825000000	0.967022500000	0.008270824114	0.004288036381	25000
9	9	0.900000000000	0.900000000000	4	0.162323750000	0.803985000000	0.010059345847	0.010158948234	25000
9	9	0.900000000000	0.900000000000	5	0.111576250000	0.871180000000	0.009723472598	0.008202698291	25000
9	10	0.900000000000	1.000000000000	1	0.054728750000	1.000000000000	0.006238090630	0.000000000000	25000
9	10	0.900000000000	1.000000000000	2	0.079942500000	1.000000000000	0.006805503922	0.000000000000	16000
9	10	0.900000000000	1.000000000000	3	0.021592500000	1.000000000000	0.002968207204	0.000000000000	25000
9	10	0.900000000000	1.000000000000	4	0.077263750000	1.000000000000	0.008422689008	0.000000000000	18000
9	10	0.900000000000	1.000000000000	5	0.044685000000	1.000000000000	0.008821165624	0.000000000000	25000
10	0	1.000000000000	0.000000000000	1	1.000000000000	0.000000000000	0.000000000000	0.000000000000	4000
10	0	1.000000000000	0.000000000000	2	1.000000000000	0.000000000000	0.000000000000	0.000000000000	4000
10	0	1.000000000000	0.000000000000	3	1.000000000000	0.000000000000	0.000000000000	0.000000000000	4000
10	0	1.000000000000	0.000000000000	4	1.000000000000	0.000000000000	0.000000000000	0.000000000000	4000
10	0	1.000000000000	0.000000000000	5	1.000000000000	0.000000000000	0.000000000000	0.000000000000	4000
10	1	1.000000000000	0.100000000000	1	1.000000000000	0.000000000000	0.000000000000	0.000000000000	14000
10	1	1.000000000000	0.100000000000	2	1.000000000000	0.024563750000	0.000000000000	0.004533616340	6000
10	1	1.000000000000	0.100000000000	3	1.000000000000	0.000000000000	0.000000000000	0.000000000000	25000
10	1	1.000000000000	0.100000000000	4	1.000000000000	0.000000000000	0.000000000000	0.000000000000	20000
10	1	1.000000000000	0.100000000000	5	1.000000000000	0.016330000000	0.000000000000	0.003785886017	25000
10	2	1.000000000000	0.200000000000	1	1.000000000000	0.016035000000	0.000000000000	0.002867838820	20000
10	2	1.000000000000	0.200000000000	2	1.000000000000	0.010980000000	0.000000000000	0.004923613202	8000
10	2	1.000000000000	0.200000000000	3	1.000000000000	0.031093750000	0.000000000000	0.003570174307	12000
10	2	1.000000000000	0.200000000000	4	1.000000000000	0.015766250000	0.000000000000	0.002875685658	25000
10	2	1.000000000000	0.200000000000	5	1.000000000000	0.010533750000	0.000000000000	0.002473796294	16000
10	3	1.000000000000	0.300000000000	1	1.000000000000	0.046396250000	0.000000000000	0.005906516348	25000
10	3	1.000000000000	0.300000000000	2	1.000000000000	0.030216250000	0.000000000000	0.003987332725	16000
10	3	1.000000000000	0.300000000000	3	1.000000000000	0.042753750000	0.000000000000	0.007622025237	14000
10	3	1.000000000000	0.300000000000	4	1.000000000000	0.016317500000	0.000000000000	0.003311462597	8000
10	3	1.000000000000	0.300000000000	5	1.000000000000	0.000000000000	0.000000000000	0.000000000000	20000
10	4	1.000000000000	0.400000000000	1	1.000000000000	0.030845000000	0.000000000000	0.005203116607	25000
10	4	1.000000000000	0.400000000000	2	1.000000000000	0.018717500000	0.000000000000	0.004598719057	25000
10	4	1.000000000000	0.400000000000	3	1.000000000000	0.053921250000	0.000000000000	0.006831922211	8000
10	4	1.000000000000	0.400000000000	4	1.000000000000	0.007523750000	0.000000000000	0.002452833021	25000
10	4	1.000000000000	0.400000000000	5	1.000000000000	0.016452500000	0.000000000000	0.004751678356	20000
10	5	1.000000000000	0.500000000000	1	1.000000000000	0.011131250000	0.000000000000	0.001814042913	25000
10	5	1.000000000000	0.500000000000	2	1.000000000000	0.000000000000	0.000000000000	0.000000000000	25000
10	5	1.000000000000	0.500000000000	3	1.000000000000	0.034192500000	0.000000000000	0.005068148565	20000
10	5	1.000000000000	0.500000000000	4	1.000000000000	0.035901250000	0.000000000000	0.003752951583	25000
10	5	1.000000000000	0.500000000000	5	1.000000000000	0.048248750000	0.000000000000	0.004760301609	25000
10	6	1.000000000000	0.600000000000	1	1.000000000000	0.030586250000	0.000000000000	0.003054456276	25000
10	6	1.000000000000	0.600000000000	2	1.000000000000	0.045460000000	0.000000000000	0.003644575823	14000
10	6	1.000000000000	0.600000000000	3	1.000000000000	0.045817500000	0.000000000000	0.004920902766	25000
10	6	1.000000000000	0.600000000000	4	1.000000000000	0.063183750000	0.000000000000	0.005680344598	8000
10	6	1.000000000000	0.600000000000	5	1.000000000000	0.031678750000	0.000000000000	0.005117083689	25000
10	7	1.000000000000	0.700000000000	1	1.000000000000	0.010600000000	0.000000000000	0.002340908980	25000
10	7	1.000000000000	0.700000000000	2	1.000000000000	0.008216250000	0.000000000000	0.002233923421	20000
10	7	1.000000000000	0.700000000000	3	1.000000000000	0.041918750000	0.000000000000	0.004822418133	25000
10	7	1.000000000000	0.700000000000	4	1.000000000000	0.065991250000	0.000000000000	0.008853169746	25000
10	7	1.000000000000	0.700000000000	5	1.000000000000	0.036480000000	0.000000000000	0.005881948854	25000
10	8	1.000000000000	0.800000000000	1	1.000000000000	0.061951250000	0.000000000000	0.004615516106	25000
10	8	1.000000000000	0.800000000000	2	1.000000000000	0.051553750000	0.000000000000	0.006123207256	25000
10	8	1.000000000000	0.800000000000	3	1.000000000000	0.031900000000	0.000000000000	0.004798166045	25000
10	8	1.000000000000	0.800000000000	4	1.000000000000	0.027762500000	0.000000000000	0.002754756329	25000
10	8	1.000000000000	0.800000000000	5	1.000000000000	0.063251250000	0.000000000000	0.004691062460	24000
10	9	1.000000000000	0.900000000000	1	1.000000000000	0.067178750000	0.000000000000	0.010337533581	14000
10	9	1.000000000000	0.900000000000	2	1.000000000000	0.017798750000	0.000000000000	0.004325768511	25000
10	9	1.000000000000	0.900000000000	3	1.000000000000	0.050696250000	0.000000000000	0.004836340417	12000
10	9	1.000000000000	0.900000000000	4	1.000000000000	0.046425000000	0.000000000000	0.004116894925	22000
10	9	1.000000000000	0.900000000000	5	1.000000000000	0.058866250000	0.000000000000	0.006721614653	25000
10	10	1.000000000000	1.000000000000	1	1.000000000000	1.000000000000	0.000000000000	0.000000000000	4000
10	10	1.000000000000	1.000000000000	2	1.000000000000	1.000000000000	0.000000000000	0.000000000000	4000
10	10	1.000000000000	1.000000000000	3	1.000000000000	1.000000000000	0.000000000000	0.000000000000	4000
10	10	1.000000000000	1.000000000000	4	1.000000000000	1.000000000000	0.000000000000	0.000000000000	4000
10	10	1.000000000000	1.000000000000	5	1.000000000000	1.000000000000	0.000000000000	0.000000000000	4000
