# scan initial plane
# b 1.15
# r 0
# e -0.4
# p12 0.2
# ndiv 8
# n_reps 3
# A:(0,1),	A':(0,0.178),	B:(1,0),	B'=(1.600,0),	C:(1,1),	D:(0,0),	E:(2.615,-0.462) 
# columns: ix iy x1_0 x2_0 rep x1_inf x2_inf sigma_1 sigma_2 t_relax
0	0	0.000000000000	0.000000000000	1	0.000000000000	0.000000000000	0.000000000000	0.000000000000	4000
0	0	0.000000000000	0.000000000000	2	0.000000000000	0.000000000000	0.000000000000	0.000000000000	4000
0	0	0.000000000000	0.000000000000	3	0.000000000000	0.000000000000	0.000000000000	0.000000000000	4000
0	1	0.000000000000	0.125000000000	1	0.000000000000	0.226376666667	0.000000000000	0.004737205811	12000
0	1	0.000000000000	0.125000000000	2	0.000000000000	0.227570833333	0.000000000000	0.005933220239	8000
0	1	0.000000000000	0.125000000000	3	0.000000000000	0.224103333333	0.000000000000	0.004651267553	64000
0	2	0.000000000000	0.250000000000	1	0.000000000000	0.228085000000	0.000000000000	0.005026151994	46000
0	2	0.000000000000	0.250000000000	2	0.000000000000	0.226290833333	0.000000000000	0.004893595807	36000
0	2	0.000000000000	0.250000000000	3	0.000000000000	0.223717500000	0.000000000000	0.004540876932	42000
0	3	0.000000000000	0.375000000000	1	0.000000000000	0.231115000000	0.000000000000	0.006194027309	80000
0	3	0.000000000000	0.375000000000	2	0.000000000000	0.224794166667	0.000000000000	0.004781831785	22000
0	3	0.000000000000	0.375000000000	3	0.000000000000	0.229910833333	0.000000000000	0.006036349443	16000
0	4	0.000000000000	0.500000000000	1	0.000000000000	0.226718333333	0.000000000000	0.004328935360	16000
0	4	0.000000000000	0.500000000000	2	0.000000000000	0.227435833333	0.000000000000	0.004098887405	18000
0	4	0.000000000000	0.500000000000	3	0.000000000000	0.228715000000	0.000000000000	0.003766875793	24000
0	5	0.000000000000	0.625000000000	1	0.000000000000	0.236093333333	0.000000000000	0.003875697633	6000
0	5	0.000000000000	0.625000000000	2	0.000000000000	0.225960833333	0.000000000000	0.004090443188	26000
0	5	0.000000000000	0.625000000000	3	0.000000000000	0.227082500000	0.000000000000	0.003729576703	42000
0	6	0.000000000000	0.750000000000	1	0.000000000000	0.225215000000	0.000000000000	0.004644179040	6000
0	6	0.000000000000	0.750000000000	2	0.000000000000	0.233489166667	0.000000000000	0.004896608631	50000
0	6	0.000000000000	0.750000000000	3	0.000000000000	0.227830833333	0.000000000000	0.005860582182	20000
0	7	0.000000000000	0.875000000000	1	0.000000000000	0.224818333333	0.000000000000	0.006426288454	24000
0	7	0.000000000000	0.875000000000	2	0.000000000000	0.230917500000	0.000000000000	0.005019896945	40000
0	7	0.000000000000	0.875000000000	3	0.000000000000	0.224899166667	0.000000000000	0.004798257244	26000
0	8	0.000000000000	1.000000000000	1	0.000000000000	1.000000000000	0.000000000000	0.000000000000	4000
0	8	0.000000000000	1.000000000000	2	0.000000000000	1.000000000000	0.000000000000	0.000000000000	4000
0	8	0.000000000000	1.000000000000	3	0.000000000000	1.000000000000	0.000000000000	0.000000000000	4000
1	0	0.125000000000	0.000000000000	1	1.000000000000	0.000000000000	0.000000000000	0.000000000000	6000
1	0	0.125000000000	0.000000000000	2	1.000000000000	0.000000000000	0.000000000000	0.000000000000	6000
1	0	0.125000000000	0.000000000000	3	1.000000000000	0.000000000000	0.000000000000	0.000000000000	6000
1	1	0.125000000000	0.125000000000	1	1.000000000000	0.000000000000	0.000000000000	0.000000000000	6000
1	1	0.125000000000	0.125000000000	2	1.000000000000	0.000000000000	0.000000000000	0.000000000000	6000
1	1	0.125000000000	0.125000000000	3	1.000000000000	0.000000000000	0.000000000000	0.000000000000	6000
1	2	0.125000000000	0.250000000000	1	1.000000000000	0.000000000000	0.000000000000	0.000000000000	8000
1	2	0.125000000000	0.250000000000	2	1.000000000000	0.000000000000	0.000000000000	0.000000000000	10000
1	2	0.125000000000	0.250000000000	3	1.000000000000	0.000000000000	0.000000000000	0.000000000000	10000
1	3	0.125000000000	0.375000000000	1	1.000000000000	0.000000000000	0.000000000000	0.000000000000	8000
1	3	0.125000000000	0.375000000000	2	1.000000000000	0.000000000000	0.000000000000	0.000000000000	6000
1	3	0.125000000000	0.375000000000	3	1.000000000000	0.000000000000	0.000000000000	0.000000000000	6000
1	4	0.125000000000	0.500000000000	1	1.000000000000	0.000000000000	0.000000000000	0.000000000000	10000
1	4	0.125000000000	0.500000000000	2	1.000000000000	0.000000000000	0.000000000000	0.000000000000	6000
1	4	0.125000000000	0.500000000000	3	1.000000000000	0.000000000000	0.000000000000	0.000000000000	8000
1	5	0.125000000000	0.625000000000	1	1.000000000000	0.000000000000	0.000000000000	0.000000000000	6000
1	5	0.125000000000	0.625000000000	2	1.000000000000	0.000000000000	0.000000000000	0.000000000000	8000
1	5	0.125000000000	0.625000000000	3	1.000000000000	0.000000000000	0.000000000000	0.000000000000	6000
1	6	0.125000000000	0.750000000000	1	1.000000000000	0.000000000000	0.000000000000	0.000000000000	6000
1	6	0.125000000000	0.750000000000	2	1.000000000000	0.000000000000	0.000000000000	0.000000000000	6000
1	6	0.125000000000	0.750000000000	3	1.000000000000	0.000000000000	0.000000000000	0.000000000000	10000
1	7	0.125000000000	0.875000000000	1	1.000000000000	0.000000000000	0.000000000000	0.000000000000	6000
1	7	0.125000000000	0.875000000000	2	1.000000000000	0.000000000000	0.000000000000	0.000000000000	6000
1	7	0.125000000000	0.875000000000	3	1.000000000000	0.000000000000	0.000000000000	0.000000000000	12000
1	8	0.125000000000	1.000000000000	1	0.000000000000	1.000000000000	0.000000000000	0.000000000000	6000
1	8	0.125000000000	1.000000000000	2	0.000000000000	1.000000000000	0.000000000000	0.000000000000	6000
1	8	0.125000000000	1.000000000000	3	0.000000000000	1.000000000000	0.000000000000	0.000000000000	6000
2	0	0.250000000000	0.000000000000	1	1.000000000000	0.000000000000	0.000000000000	0.000000000000	6000
2	0	0.250000000000	0.000000000000	2	1.000000000000	0.000000000000	0.000000000000	0.000000000000	6000
2	0	0.250000000000	0.000000000000	3	1.000000000000	0.000000000000	0.000000000000	0.000000000000	6000
2	1	0.250000000000	0.125000000000	1	1.000000000000	0.000000000000	0.000000000000	0.000000000000	6000
2	1	0.250000000000	0.125000000000	2	1.000000000000	0.000000000000	0.000000000000	0.000000000000	6000
2	1	0.250000000000	0.125000000000	3	1.000000000000	0.000000000000	0.000000000000	0.000000000000	6000
2	2	0.250000000000	0.250000000000	1	1.000000000000	0.000000000000	0.000000000000	0.000000000000	8000
2	2	0.250000000000	0.250000000000	2	1.000000000000	0.000000000000	0.000000000000	0.000000000000	10000
2	2	0.250000000000	0.250000000000	3	1.000000000000	0.000000000000	0.000000000000	0.000000000000	10000
2	3	0.250000000000	0.375000000000	1	1.000000000000	0.000000000000	0.000000000000	0.000000000000	8000
2	3	0.250000000000	0.375000000000	2	1.000000000000	0.000000000000	0.000000000000	0.000000000000	6000
2	3	0.250000000000	0.375000000000	3	1.000000000000	0.000000000000	0.000000000000	0.000000000000	6000
2	4	0.250000000000	0.500000000000	1	1.000000000000	0.000000000000	0.000000000000	0.000000000000	10000
2	4	0.250000000000	0.500000000000	2	1.000000000000	0.000000000000	0.000000000000	0.000000000000	6000
2	4	0.250000000000	0.500000000000	3	1.000000000000	0.000000000000	0.000000000000	0.000000000000	8000
2	5	0.250000000000	0.625000000000	1	1.000000000000	0.000000000000	0.000000000000	0.000000000000	6000
2	5	0.250000000000	0.625000000000	2	1.000000000000	0.000000000000	0.000000000000	0.000000000000	8000
2	5	0.250000000000	0.625000000000	3	1.000000000000	0.000000000000	0.000000000000	0.000000000000	6000
2	6	0.250000000000	0.750000000000	1	1.000000000000	0.000000000000	0.000000000000	0.000000000000	6000
2	6	0.250000000000	0.750000000000	2	1.000000000000	0.000000000000	0.000000000000	0.000000000000	8000
2	6	0.250000000000	0.750000000000	3	1.000000000000	0.000000000000	0.000000000000	0.000000000000	8000
2	7	0.250000000000	0.875000000000	1	1.000000000000	0.001399166667	0.000000000000	0.000613789177	6000
2	7	0.250000000000	0.875000000000	2	1.000000000000	0.000000000000	0.000000000000	0.000000000000	8000
2	7	0.250000000000	0.875000000000	3	1.000000000000	0.000000000000	0.000000000000	0.000000000000	8000
2	8	0.250000000000	1.000000000000	1	0.000000000000	1.000000000000	0.000000000000	0.000000000000	6000
2	8	0.250000000000	1.000000000000	2	0.000000000000	1.000000000000	0.000000000000	0.000000000000	6000
2	8	0.250000000000	1.000000000000	3	0.000000000000	1.000000000000	0.000000000000	0.000000000000	6000
3	0	0.375000000000	0.000000000000	1	1.000000000000	0.000000000000	0.000000000000	0.000000000000	6000
3	0	0.375000000000	0.000000000000	2	1.000000000000	0.000000000000	0.000000000000	0.000000000000	6000
3	0	0.375000000000	0.000000000000	3	1.000000000000	0.000000000000	0.000000000000	0.000000000000	6000
3	1	0.375000000000	0.125000000000	1	1.000000000000	0.000000000000	0.000000000000	0.000000000000	6000
3	1	0.375000000000	0.125000000000	2	1.000000000000	0.000000000000	0.000000000000	0.000000000000	6000
3	1	0.375000000000	0.125000000000	3	1.000000000000	0.000000000000	0.000000000000	0.000000000000	6000
3	2	0.375000000000	0.250000000000	1	1.000000000000	0.000000000000	0.000000000000	0.000000000000	8000
3	2	0.375000000000	0.250000000000	2	1.000000000000	0.000000000000	0.000000000000	0.000000000000	10000
3	2	0.375000000000	0.250000000000	3	1.000000000000	0.000000000000	0.000000000000	0.000000000000	10000
3	3	0.375000000000	0.375000000000	1	1.000000000000	0.000000000000	0.000000000000	0.000000000000	8000
3	3	0.375000000000	0.375000000000	2	1.000000000000	0.000000000000	0.000000000000	0.000000000000	6000
3	3	0.375000000000	0.375000000000	3	1.000000000000	0.000000000000	0.000000000000	0.000000000000	6000
3	4	0.375000000000	0.500000000000	1	1.000000000000	0.000000000000	0.000000000000	0.000000000000	10000
3	4	0.375000000000	0.500000000000	2	1.000000000000	0.000000000000	0.000000000000	0.000000000000	10000
3	4	0.375000000000	0.500000000000	3	1.000000000000	0.000000000000	0.000000000000	0.000000000000	6000
3	5	0.375000000000	0.625000000000	1	1.000000000000	0.000000000000	0.000000000000	0.000000000000	8000
3	5	0.375000000000	0.625000000000	2	1.000000000000	0.000000000000	0.000000000000	0.000000000000	6000
3	5	0.375000000000	0.625000000000	3	1.000000000000	0.000000000000	0.000000000000	0.000000000000	6000
3	6	0.375000000000	0.750000000000	1	1.000000000000	0.000000000000	0.000000000000	0.000000000000	12000
3	6	0.375000000000	0.750000000000	2	1.000000000000	0.000000000000	0.000000000000	0.000000000000	8000
3	6	0.375000000000	0.750000000000	3	1.000000000000	0.000000000000	0.000000000000	0.000000000000	8000
3	7	0.375000000000	0.875000000000	1	1.000000000000	0.000000000000	0.000000000000	0.000000000000	8000
3	7	0.375000000000	0.875000000000	2	1.000000000000	0.000000000000	0.000000000000	0.000000000000	8000
3	7	0.375000000000	0.875000000000	3	1.000000000000	0.000000000000	0.000000000000	0.000000000000	10000
3	8	0.375000000000	1.000000000000	1	0.000000000000	1.000000000000	0.000000000000	0.000000000000	6000
3	8	0.375000000000	1.000000000000	2	0.000000000000	1.000000000000	0.000000000000	0.000000000000	6000
3	8	0.375000000000	1.000000000000	3	0.000000000000	1.000000000000	0.000000000000	0.000000000000	6000
4	0	0.500000000000	0.000000000000	1	1.000000000000	0.000000000000	0.000000000000	0.000000000000	6000
4	0	0.500000000000	0.000000000000	2	1.000000000000	0.000000000000	0.000000000000	0.000000000000	6000
4	0	0.500000000000	0.000000000000	3	1.000000000000	0.000000000000	0.000000000000	0.000000000000	6000
4	1	0.500000000000	0.125000000000	1	1.000000000000	0.000000000000	0.000000000000	0.000000000000	6000
4	1	0.500000000000	0.125000000000	2	1.000000000000	0.000000000000	0.000000000000	0.000000000000	6000
4	1	0.500000000000	0.125000000000	3	1.000000000000	0.000000000000	0.000000000000	0.000000000000	6000
4	2	0.500000000000	0.250000000000	1	1.000000000000	0.000000000000	0.000000000000	0.000000000000	8000
4	2	0.500000000000	0.250000000000	2	1.000000000000	0.000000000000	0.000000000000	0.000000000000	10000
4	2	0.500000000000	0.250000000000	3	1.000000000000	0.000000000000	0.000000000000	0.000000000000	10000
4	3	0.500000000000	0.375000000000	1	1.000000000000	0.000000000000	0.000000000000	0.000000000000	8000
4	3	0.500000000000	0.375000000000	2	1.000000000000	0.000000000000	0.000000000000	0.000000000000	6000
4	3	0.500000000000	0.375000000000	3	1.000000000000	0.000000000000	0.000000000000	0.000000000000	6000
4	4	0.500000000000	0.500000000000	1	1.000000000000	0.000000000000	0.000000000000	0.000000000000	10000
4	4	0.500000000000	0.500000000000	2	1.000000000000	0.000000000000	0.000000000000	0.000000000000	10000
4	4	0.500000000000	0.500000000000	3	1.000000000000	0.000000000000	0.000000000000	0.000000000000	6000
4	5	0.500000000000	0.625000000000	1	1.000000000000	0.000000000000	0.000000000000	0.000000000000	8000
4	5	0.500000000000	0.625000000000	2	1.000000000000	0.000000000000	0.000000000000	0.000000000000	6000
4	5	0.500000000000	0.625000000000	3	1.000000000000	0.000000000000	0.000000000000	0.000000000000	8000
4	6	0.500000000000	0.750000000000	1	1.000000000000	0.000000000000	0.000000000000	0.000000000000	8000
4	6	0.500000000000	0.750000000000	2	1.000000000000	0.000000000000	0.000000000000	0.000000000000	12000
4	6	0.500000000000	0.750000000000	3	1.000000000000	0.000000000000	0.000000000000	0.000000000000	10000
4	7	0.500000000000	0.875000000000	1	1.000000000000	0.001506666667	0.000000000000	0.000738768646	6000
4	7	0.500000000000	0.875000000000	2	1.000000000000	0.000000000000	0.000000000000	0.000000000000	8000
4	7	0.500000000000	0.875000000000	3	1.000000000000	0.000000000000	0.000000000000	0.000000000000	8000
4	8	0.500000000000	1.000000000000	1	0.000000000000	1.000000000000	0.000000000000	0.000000000000	6000
4	8	0.500000000000	1.000000000000	2	0.000000000000	1.000000000000	0.000000000000	0.000000000000	6000
4	8	0.500000000000	1.000000000000	3	0.000000000000	1.000000000000	0.000000000000	0.000000000000	6000
5	0	0.625000000000	0.000000000000	1	1.000000000000	0.000000000000	0.000000000000	0.000000000000	6000
5	0	0.625000000000	0.000000000000	2	1.000000000000	0.000000000000	0.000000000000	0.000000000000	6000
5	0	0.625000000000	0.000000000000	3	1.000000000000	0.000000000000	0.000000000000	0.000000000000	6000
5	1	0.625000000000	0.125000000000	1	1.000000000000	0.000000000000	0.000000000000	0.000000000000	6000
5	1	0.625000000000	0.125000000000	2	1.000000000000	0.000000000000	0.000000000000	0.000000000000	6000
5	1	0.625000000000	0.125000000000	3	1.000000000000	0.000000000000	0.000000000000	0.000000000000	6000
5	2	0.625000000000	0.250000000000	1	1.000000000000	0.000000000000	0.000000000000	0.000000000000	8000
5	2	0.625000000000	0.250000000000	2	1.000000000000	0.000000000000	0.000000000000	0.000000000000	10000
5	2	0.625000000000	0.250000000000	3	1.000000000000	0.000000000000	0.000000000000	0.000000000000	10000
5	3	0.625000000000	0.375000000000	1	1.000000000000	0.000000000000	0.000000000000	0.000000000000	8000
5	3	0.625000000000	0.375000000000	2	1.000000000000	0.000000000000	0.000000000000	0.000000000000	6000
5	3	0.625000000000	0.375000000000	3	1.000000000000	0.000000000000	0.000000000000	0.000000000000	6000
5	4	0.625000000000	0.500000000000	1	1.000000000000	0.000000000000	0.000000000000	0.000000000000	10000
5	4	0.625000000000	0.500000000000	2	1.000000000000	0.000000000000	0.000000000000	0.000000000000	10000
5	4	0.625000000000	0.500000000000	3	1.000000000000	0.000000000000	0.000000000000	0.000000000000	6000
5	5	0.625000000000	0.625000000000	1	1.000000000000	0.000000000000	0.000000000000	0.000000000000	8000
5	5	0.625000000000	0.625000000000	2	1.000000000000	0.000000000000	0.000000000000	0.000000000000	6000
5	5	0.625000000000	0.625000000000	3	1.000000000000	0.000000000000	0.000000000000	0.000000000000	6000
5	6	0.625000000000	0.750000000000	1	1.000000000000	0.000000000000	0.000000000000	0.000000000000	12000
5	6	0.625000000000	0.750000000000	2	1.000000000000	0.000000000000	0.000000000000	0.000000000000	8000
5	6	0.625000000000	0.750000000000	3	1.000000000000	0.000000000000	0.000000000000	0.000000000000	8000
5	7	0.625000000000	0.875000000000	1	1.000000000000	0.000000000000	0.000000000000	0.000000000000	8000
5	7	0.625000000000	0.875000000000	2	1.000000000000	0.000000000000	0.000000000000	0.000000000000	8000
5	7	0.625000000000	0.875000000000	3	1.000000000000	0.000000000000	0.000000000000	0.000000000000	10000
5	8	0.625000000000	1.000000000000	1	0.000000000000	1.000000000000	0.000000000000	0.000000000000	6000
5	8	0.625000000000	1.000000000000	2	0.000000000000	1.000000000000	0.000000000000	0.000000000000	6000
5	8	0.625000000000	1.000000000000	3	0.000000000000	1.000000000000	0.000000000000	0.000000000000	6000
6	0	0.750000000000	0.000000000000	1	1.000000000000	0.000000000000	0.000000000000	0.000000000000	6000
6	0	0.750000000000	0.000000000000	2	1.000000000000	0.000000000000	0.000000000000	0.000000000000	6000
6	0	0.750000000000	0.000000000000	3	1.000000000000	0.000000000000	0.000000000000	0.000000000000	6000
6	1	0.750000000000	0.125000000000	1	1.000000000000	0.000000000000	0.000000000000	0.000000000000	6000
6	1	0.750000000000	0.125000000000	2	1.000000000000	0.000000000000	0.000000000000	0.000000000000	6000
6	1	0.750000000000	0.125000000000	3	1.000000000000	0.000000000000	0.000000000000	0.000000000000	6000
6	2	0.750000000000	0.250000000000	1	1.000000000000	0.000000000000	0.000000000000	0.000000000000	8000
6	2	0.750000000000	0.250000000000	2	1.000000000000	0.000000000000	0.000000000000	0.000000000000	10000
6	2	0.750000000000	0.250000000000	3	1.000000000000	0.000000000000	0.000000000000	0.000000000000	6000
6	3	0.750000000000	0.375000000000	1	1.000000000000	0.000000000000	0.000000000000	0.000000000000	10000
6	3	0.750000000000	0.375000000000	2	1.000000000000	0.000000000000	0.000000000000	0.000000000000	6000
6	3	0.750000000000	0.375000000000	3	1.000000000000	0.000000000000	0.000000000000	0.000000000000	8000
6	4	0.750000000000	0.500000000000	1	1.000000000000	0.000000000000	0.000000000000	0.000000000000	8000
6	4	0.750000000000	0.500000000000	2	1.000000000000	0.000000000000	0.000000000000	0.000000000000	8000
6	4	0.750000000000	0.500000000000	3	1.000000000000	0.000000000000	0.000000000000	0.000000000000	8000
6	5	0.750000000000	0.625000000000	1	1.000000000000	0.000000000000	0.000000000000	0.000000000000	10000
6	5	0.750000000000	0.625000000000	2	1.000000000000	0.000000000000	0.000000000000	0.000000000000	8000
6	5	0.750000000000	0.625000000000	3	1.000000000000	0.000000000000	0.000000000000	0.000000000000	8000
6	6	0.750000000000	0.750000000000	1	1.000000000000	0.000000000000	0.000000000000	0.000000000000	12000
6	6	0.750000000000	0.750000000000	2	1.000000000000	0.000000000000	0.000000000000	0.000000000000	6000
6	6	0.750000000000	0.750000000000	3	1.000000000000	0.000000000000	0.000000000000	0.000000000000	10000
6	7	0.750000000000	0.875000000000	1	1.000000000000	0.000000000000	0.000000000000	0.000000000000	14000
6	7	0.750000000000	0.875000000000	2	1.000000000000	0.000000000000	0.000000000000	0.000000000000	10000
6	7	0.750000000000	0.875000000000	3	1.000000000000	0.000000000000	0.000000000000	0.000000000000	8000
6	8	0.750000000000	1.000000000000	1	0.000000000000	1.000000000000	0.000000000000	0.000000000000	6000
6	8	0.750000000000	1.000000000000	2	0.000000000000	1.000000000000	0.000000000000	0.000000000000	6000
6	8	0.750000000000	1.000000000000	3	0.000000000000	1.000000000000	0.000000000000	0.000000000000	6000
7	0	0.875000000000	0.000000000000	1	1.000000000000	0.000000000000	0.000000000000	0.000000000000	6000
7	0	0.875000000000	0.000000000000	2	1.000000000000	0.000000000000	0.000000000000	0.000000000000	6000
7	0	0.875000000000	0.000000000000	3	1.000000000000	0.000000000000	0.000000000000	0.000000000000	6000
7	1	0.875000000000	0.125000000000	1	1.000000000000	0.000000000000	0.000000000000	0.000000000000	6000
7	1	0.875000000000	0.125000000000	2	1.000000000000	0.000000000000	0.000000000000	0.000000000000	6000
7	1	0.875000000000	0.125000000000	3	1.000000000000	0.000000000000	0.000000000000	0.000000000000	6000
7	2	0.875000000000	0.250000000000	1	1.000000000000	0.000000000000	0.000000000000	0.000000000000	8000
7	2	0.875000000000	0.250000000000	2	1.000000000000	0.000000000000	0.000000000000	0.000000000000	10000
7	2	0.875000000000	0.250000000000	3	1.000000000000	0.000000000000	0.000000000000	0.000000000000	6000
7	3	0.875000000000	0.375000000000	1	1.000000000000	0.000000000000	0.000000000000	0.000000000000	10000
7	3	0.875000000000	0.375000000000	2	1.000000000000	0.000000000000	0.000000000000	0.000000000000	6000
7	3	0.875000000000	0.375000000000	3	1.000000000000	0.000000000000	0.000000000000	0.000000000000	8000
7	4	0.875000000000	0.500000000000	1	1.000000000000	0.000000000000	0.000000000000	0.000000000000	8000
7	4	0.875000000000	0.500000000000	2	1.000000000000	0.000000000000	0.000000000000	0.000000000000	8000
7	4	0.875000000000	0.500000000000	3	1.000000000000	0.000000000000	0.000000000000	0.000000000000	8000
7	5	0.875000000000	0.625000000000	1	1.000000000000	0.000000000000	0.000000000000	0.000000000000	10000
7	5	0.875000000000	0.625000000000	2	1.000000000000	0.000000000000	0.000000000000	0.000000000000	6000
7	5	0.875000000000	0.625000000000	3	1.000000000000	0.000000000000	0.000000000000	0.000000000000	6000
7	6	0.875000000000	0.750000000000	1	1.000000000000	0.000000000000	0.000000000000	0.000000000000	12000
7	6	0.875000000000	0.750000000000	2	1.000000000000	0.000000000000	0.000000000000	0.000000000000	8000
7	6	0.875000000000	0.750000000000	3	1.000000000000	0.000000000000	0.000000000000	0.000000000000	8000
7	7	0.875000000000	0.875000000000	1	1.000000000000	0.000000000000	0.000000000000	0.000000000000	8000
7	7	0.875000000000	0.875000000000	2	1.000000000000	0.000000000000	0.000000000000	0.000000000000	8000
7	7	0.875000000000	0.875000000000	3	1.000000000000	0.000000000000	0.000000000000	0.000000000000	6000
7	8	0.875000000000	1.000000000000	1	0.000000000000	1.000000000000	0.000000000000	0.000000000000	6000
7	8	0.875000000000	1.000000000000	2	0.000000000000	1.000000000000	0.000000000000	0.000000000000	6000
7	8	0.875000000000	1.000000000000	3	0.000000000000	1.000000000000	0.000000000000	0.000000000000	6000
8	0	1.000000000000	0.000000000000	1	1.000000000000	0.000000000000	0.000000000000	0.000000000000	4000
8	0	1.000000000000	0.000000000000	2	1.000000000000	0.000000000000	0.000000000000	0.000000000000	4000
8	0	1.000000000000	0.000000000000	3	1.000000000000	0.000000000000	0.000000000000	0.000000000000	4000
8	1	1.000000000000	0.125000000000	1	1.000000000000	0.000000000000	0.000000000000	0.000000000000	6000
8	1	1.000000000000	0.125000000000	2	1.000000000000	0.000000000000	0.000000000000	0.000000000000	8000
8	1	1.000000000000	0.125000000000	3	1.000000000000	0.000000000000	0.000000000000	0.000000000000	6000
8	2	1.000000000000	0.250000000000	1	1.000000000000	0.000000000000	0.000000000000	0.000000000000	6000
8	2	1.000000000000	0.250000000000	2	1.000000000000	0.000000000000	0.000000000000	0.000000000000	6000
8	2	1.000000000000	0.250000000000	3	1.000000000000	0.000000000000	0.000000000000	0.000000000000	6000
8	3	1.000000000000	0.375000000000	1	1.000000000000	0.000000000000	0.000000000000	0.000000000000	8000
8	3	1.000000000000	0.375000000000	2	1.000000000000	0.000000000000	0.000000000000	0.000000000000	8000
8	3	1.000000000000	0.375000000000	3	1.000000000000	0.000000000000	0.000000000000	0.000000000000	8000
8	4	1.000000000000	0.500000000000	1	1.000000000000	0.000000000000	0.000000000000	0.000000000000	8000
8	4	1.000000000000	0.500000000000	2	1.000000000000	0.000000000000	0.000000000000	0.000000000000	8000
8	4	1.000000000000	0.500000000000	3	1.000000000000	0.000000000000	0.000000000000	0.000000000000	8000
8	5	1.000000000000	0.625000000000	1	1.000000000000	0.000000000000	0.000000000000	0.000000000000	6000
8	5	1.000000000000	0.625000000000	2	1.000000000000	0.000000000000	0.000000000000	0.000000000000	6000
8	5	1.000000000000	0.625000000000	3	1.000000000000	0.001598333333	0.000000000000	0.000927404725	14000
8	6	1.000000000000	0.750000000000	1	1.000000000000	0.000000000000	0.000000000000	0.000000000000	8000
8	6	1.000000000000	0.750000000000	2	1.000000000000	0.000000000000	0.000000000000	0.000000000000	8000
8	6	1.000000000000	0.750000000000	3	1.000000000000	0.000000000000	0.000000000000	0.000000000000	6000
8	7	1.000000000000	0.875000000000	1	1.000000000000	0.000000000000	0.000000000000	0.000000000000	14000
8	7	1.000000000000	0.875000000000	2	1.000000000000	0.000000000000	0.000000000000	0.000000000000	10000
8	7	1.000000000000	0.875000000000	3	1.000000000000	0.000000000000	0.000000000000	0.000000000000	8000
8	8	1.000000000000	1.000000000000	1	1.000000000000	1.000000000000	0.000000000000	0.000000000000	4000
8	8	1.000000000000	1.000000000000	2	1.000000000000	1.000000000000	0.000000000000	0.000000000000	4000
8	8	1.000000000000	1.000000000000	3	1.000000000000	1.000000000000	0.000000000000	0.000000000000	4000
