# scan initial plane
# b 1.02
# r 0
# e -0.4
# N1 800
# N2 800
# P11 0.9
# p12 0.05
# P22 0.9
# T_MCS 1000
# T_MAX 25000
# W 2000
# UPDATE_RULE 2
# FERMI_BETA 1
# DEGREE_ALPHA 1
# DEGREE_FACTOR_MIN 0.333333333333
# DEGREE_FACTOR_MAX 3
# ndiv 10
# n_reps 5
# A:(0,1),	A':(0,1.000),	B:(1,0),	B'=(1.000,0),	C:(1,1),	D:(0,0),	E:(0.488,0.488) 
# columns: ix iy x1_0 x2_0 rep x1_inf x2_inf sigma_1 sigma_2 t_relax
0	0	0.000000000000	0.000000000000	1	0.000000000000	0.000000000000	0.000000000000	0.000000000000	4000
0	0	0.000000000000	0.000000000000	2	0.000000000000	0.000000000000	0.000000000000	0.000000000000	4000
0	0	0.000000000000	0.000000000000	3	0.000000000000	0.000000000000	0.000000000000	0.000000000000	4000
0	0	0.000000000000	0.000000000000	4	0.000000000000	0.000000000000	0.000000000000	0.000000000000	4000
0	0	0.000000000000	0.000000000000	5	0.000000000000	0.000000000000	0.000000000000	0.000000000000	4000
0	1	0.000000000000	0.100000000000	1	0.000000000000	0.880726250000	0.000000000000	0.010004178228	14000
0	1	0.000000000000	0.100000000000	2	0.000000000000	0.920742500000	0.000000000000	0.009188579800	25000
0	1	0.000000000000	0.100000000000	3	0.000000000000	0.932390000000	0.000000000000	0.006662941902	12000
0	1	0.000000000000	0.100000000000	4	0.000000000000	0.904821250000	0.000000000000	0.006198429758	25000
0	1	0.000000000000	0.100000000000	5	0.000000000000	0.863958750000	0.000000000000	0.007463113224	25000
0	2	0.000000000000	0.200000000000	1	0.000000000000	0.923292500000	0.000000000000	0.007575533477	25000
0	2	0.000000000000	0.200000000000	2	0.000000000000	0.884667500000	0.000000000000	0.008027344331	25000
0	2	0.000000000000	0.200000000000	3	0.000000000000	0.903672500000	0.000000000000	0.007957374791	25000
0	2	0.000000000000	0.200000000000	4	0.000000000000	0.892827500000	0.000000000000	0.012186724745	25000
0	2	0.000000000000	0.200000000000	5	0.000000000000	0.892218750000	0.000000000000	0.008792028247	25000
0	3	0.000000000000	0.300000000000	1	0.000000000000	0.945847500000	0.000000000000	0.008795224541	25000
0	3	0.000000000000	0.300000000000	2	0.000000000000	0.892221250000	0.000000000000	0.010341944534	25000
0	3	0.000000000000	0.300000000000	3	0.000000000000	0.873726250000	0.000000000000	0.005347449734	25000
0	3	0.000000000000	0.300000000000	4	0.000000000000	0.893611250000	0.000000000000	0.010862218868	10000
0	3	0.000000000000	0.300000000000	5	0.000000000000	0.923906250000	0.000000000000	0.012485187357	25000
0	4	0.000000000000	0.400000000000	1	0.000000000000	0.861196250000	0.000000000000	0.015057403456	25000
0	4	0.000000000000	0.400000000000	2	0.000000000000	0.882092500000	0.000000000000	0.010057837931	25000
0	4	0.000000000000	0.400000000000	3	0.000000000000	0.894186250000	0.000000000000	0.009824950539	20000
0	4	0.000000000000	0.400000000000	4	0.000000000000	0.897827500000	0.000000000000	0.007113339113	25000
0	4	0.000000000000	0.400000000000	5	0.000000000000	0.866767500000	0.000000000000	0.006911400814	25000
0	5	0.000000000000	0.500000000000	1	0.000000000000	0.866401250000	0.000000000000	0.010358498174	25000
0	5	0.000000000000	0.500000000000	2	0.000000000000	1.000000000000	0.000000000000	0.000000000000	25000
0	5	0.000000000000	0.500000000000	3	0.000000000000	0.909370000000	0.000000000000	0.009822465619	20000
0	5	0.000000000000	0.500000000000	4	0.000000000000	0.918356250000	0.000000000000	0.011206872553	25000
0	5	0.000000000000	0.500000000000	5	0.000000000000	0.901596250000	0.000000000000	0.017682016348	25000
0	6	0.000000000000	0.600000000000	1	0.000000000000	0.920877500000	0.000000000000	0.009333989882	25000
0	6	0.000000000000	0.600000000000	2	0.000000000000	0.890033750000	0.000000000000	0.009232654838	10000
0	6	0.000000000000	0.600000000000	3	0.000000000000	0.912727500000	0.000000000000	0.008183036162	25000
0	6	0.000000000000	0.600000000000	4	0.000000000000	0.914833750000	0.000000000000	0.004899725068	22000
0	6	0.000000000000	0.600000000000	5	0.000000000000	0.896451250000	0.000000000000	0.015003184044	25000
0	7	0.000000000000	0.700000000000	1	0.000000000000	0.925853750000	0.000000000000	0.004527283372	12000
0	7	0.000000000000	0.700000000000	2	0.000000000000	0.938937500000	0.000000000000	0.005643841484	8000
0	7	0.000000000000	0.700000000000	3	0.000000000000	0.954816250000	0.000000000000	0.004373505572	25000
0	7	0.000000000000	0.700000000000	4	0.000000000000	1.000000000000	0.000000000000	0.000000000000	16000
0	7	0.000000000000	0.700000000000	5	0.000000000000	0.908758750000	0.000000000000	0.008413554471	12000
0	8	0.000000000000	0.800000000000	1	0.000000000000	1.000000000000	0.000000000000	0.000000000000	25000
0	8	0.000000000000	0.800000000000	2	0.000000000000	0.889437500000	0.000000000000	0.008307533260	25000
0	8	0.000000000000	0.800000000000	3	0.000000000000	0.934495000000	0.000000000000	0.005627089758	18000
0	8	0.000000000000	0.800000000000	4	0.000000000000	0.964951250000	0.000000000000	0.004743066795	25000
0	8	0.000000000000	0.800000000000	5	0.000000000000	0.941062500000	0.000000000000	0.008665805787	25000
0	9	0.000000000000	0.900000000000	1	0.000000000000	0.992810000000	0.000000000000	0.002503281130	25000
0	9	0.000000000000	0.900000000000	2	0.000000000000	1.000000000000	0.000000000000	0.000000000000	14000
0	9	0.000000000000	0.900000000000	3	0.000000000000	0.993928750000	0.000000000000	0.002237379450	25000
0	9	0.000000000000	0.900000000000	4	0.000000000000	0.925628750000	0.000000000000	0.005768623142	4000
0	9	0.000000000000	0.900000000000	5	0.000000000000	1.000000000000	0.000000000000	0.000000000000	22000
0	10	0.000000000000	1.000000000000	1	0.000000000000	1.000000000000	0.000000000000	0.000000000000	4000
0	10	0.000000000000	1.000000000000	2	0.000000000000	1.000000000000	0.000000000000	0.000000000000	4000
0	10	0.000000000000	1.000000000000	3	0.000000000000	1.000000000000	0.000000000000	0.000000000000	4000
0	10	0.000000000000	1.000000000000	4	0.000000000000	1.000000000000	0.000000000000	0.000000000000	4000
0	10	0.000000000000	1.000000000000	5	0.000000000000	1.000000000000	0.000000000000	0.000000000000	4000
1	0	0.100000000000	0.000000000000	1	0.849563750000	0.000000000000	0.009569793853	0.000000000000	25000
1	0	0.100000000000	0.000000000000	2	0.850781250000	0.000000000000	0.009978265216	0.000000000000	20000
1	0	0.100000000000	0.000000000000	3	0.895797500000	0.000000000000	0.010565302616	0.000000000000	25000
1	0	0.100000000000	0.000000000000	4	0.862058750000	0.000000000000	0.013608183883	0.000000000000	12000
1	0	0.100000000000	0.000000000000	5	0.842990000000	0.000000000000	0.008671113724	0.000000000000	25000
1	1	0.100000000000	0.100000000000	1	0.866630000000	0.045225000000	0.009356449281	0.006869065370	25000
1	1	0.100000000000	0.100000000000	2	0.045592500000	0.879711250000	0.005976540620	0.015527593732	25000
1	1	0.100000000000	0.100000000000	3	0.205182500000	0.765511250000	0.009123112129	0.014061709270	25000
1	1	0.100000000000	0.100000000000	4	0.962501250000	0.007247500000	0.003909279781	0.001579553335	25000
1	1	0.100000000000	0.100000000000	5	0.071432500000	0.861688750000	0.010527762228	0.018013339956	25000
1	2	0.100000000000	0.200000000000	1	0.103031250000	0.855886250000	0.011780359197	0.015242365405	25000
1	2	0.100000000000	0.200000000000	2	0.061201250000	0.900771250000	0.008758975716	0.014919301978	12000
1	2	0.100000000000	0.200000000000	3	0.032303750000	0.906288750000	0.004716756961	0.006799773736	25000
1	2	0.100000000000	0.200000000000	4	0.751821250000	0.183388750000	0.012632936199	0.007160907032	25000
1	2	0.100000000000	0.200000000000	5	0.086571250000	0.878672500000	0.005371134426	0.007531855522	25000
1	3	0.100000000000	0.300000000000	1	0.019313750000	0.935182500000	0.006925303840	0.005576258908	25000
1	3	0.100000000000	0.300000000000	2	0.047407500000	0.910660000000	0.007874226768	0.007922415330	25000
1	3	0.100000000000	0.300000000000	3	0.046457500000	0.848903750000	0.005356188711	0.008505160857	25000
1	3	0.100000000000	0.300000000000	4	0.026710000000	0.943497500000	0.005984811440	0.011705693786	25000
1	3	0.100000000000	0.300000000000	5	0.021103750000	0.868042500000	0.003856980650	0.006416286893	25000
1	4	0.100000000000	0.400000000000	1	0.098482500000	0.794953750000	0.006999057476	0.007627342249	25000
1	4	0.100000000000	0.400000000000	2	0.124707500000	0.837253750000	0.007367367023	0.010683606033	25000
1	4	0.100000000000	0.400000000000	3	0.000000000000	0.908366250000	0.000000000000	0.008670790393	25000
1	4	0.100000000000	0.400000000000	4	0.056007500000	0.931485000000	0.005916709491	0.011737415257	25000
1	4	0.100000000000	0.400000000000	5	0.038090000000	0.940767500000	0.007515750895	0.007927723036	25000
1	5	0.100000000000	0.500000000000	1	0.107626250000	0.817637500000	0.012319949456	0.015625608096	25000
1	5	0.100000000000	0.500000000000	2	0.000000000000	0.965667500000	0.000000000000	0.004439076385	25000
1	5	0.100000000000	0.500000000000	3	0.062772500000	0.926941250000	0.006658506173	0.007453684884	25000
1	5	0.100000000000	0.500000000000	4	0.027430000000	0.867745000000	0.004876615771	0.017115831171	25000
1	5	0.100000000000	0.500000000000	5	0.098766250000	0.780755000000	0.006776593588	0.012021834282	25000
1	6	0.100000000000	0.600000000000	1	0.054761250000	0.988756250000	0.004824646428	0.003759159443	25000
1	6	0.100000000000	0.600000000000	2	0.000000000000	0.889345000000	0.000000000000	0.008244783287	14000
1	6	0.100000000000	0.600000000000	3	0.000000000000	0.939515000000	0.000000000000	0.006624710317	25000
1	6	0.100000000000	0.600000000000	4	0.137105000000	0.804801250000	0.010524750371	0.008897013138	25000
1	6	0.100000000000	0.600000000000	5	0.099055000000	0.819180000000	0.015803000817	0.012389253149	25000
1	7	0.100000000000	0.700000000000	1	0.000000000000	0.905247500000	0.000000000000	0.008702843399	25000
1	7	0.100000000000	0.700000000000	2	0.044468750000	0.852658750000	0.004873970817	0.008138187208	25000
1	7	0.100000000000	0.700000000000	3	0.203338750000	0.757760000000	0.010149868510	0.011678507505	25000
1	7	0.100000000000	0.700000000000	4	0.068493750000	0.843835000000	0.006410108262	0.009443619907	25000
1	7	0.100000000000	0.700000000000	5	0.029291250000	0.907448750000	0.005280766747	0.006871082354	25000
1	8	0.100000000000	0.800000000000	1	0.000000000000	0.980748750000	0.000000000000	0.003019217881	25000
1	8	0.100000000000	0.800000000000	2	0.042387500000	1.000000000000	0.005924309343	0.000000000000	25000
1	8	0.100000000000	0.800000000000	3	0.037643750000	0.905010000000	0.005092023384	0.005471959644	25000
1	8	0.100000000000	0.800000000000	4	0.000000000000	0.941851250000	0.000000000000	0.006563298548	25000
1	8	0.100000000000	0.800000000000	5	0.000000000000	0.941353750000	0.000000000000	0.008496903601	22000
1	9	0.100000000000	0.900000000000	1	0.017940000000	0.951195000000	0.005137939609	0.006670426867	25000
1	9	0.100000000000	0.900000000000	2	0.046203750000	0.929417500000	0.006704522657	0.006595771217	25000
1	9	0.100000000000	0.900000000000	3	0.106758750000	0.895896250000	0.008667777472	0.010837585141	25000
1	9	0.100000000000	0.900000000000	4	0.015690000000	0.997575000000	0.003977558418	0.001355299538	25000
1	9	0.100000000000	0.900000000000	5	0.000000000000	1.000000000000	0.000000000000	0.000000000000	14000
1	10	0.100000000000	1.000000000000	1	0.024667500000	1.000000000000	0.005566792877	0.000000000000	18000
1	10	0.100000000000	1.000000000000	2	0.004205000000	1.000000000000	0.001582673325	0.000000000000	25000
1	10	0.100000000000	1.000000000000	3	0.023081250000	1.000000000000	0.003271951498	0.000000000000	6000
1	10	0.100000000000	1.000000000000	4	0.000000000000	1.000000000000	0.000000000000	0.000000000000	12000
1	10	0.100000000000	1.000000000000	5	0.018901250000	1.000000000000	0.002610891168	0.000000000000	25000
