# scan initial plane
# b 1.02
# r 0
# e -0.4
# N1 800
# N2 800
# P11 0.9
# p12 0.05
# P22 0.9
# T_MCS 1000
# T_MAX 25000
# W 2000
# UPDATE_RULE 2
# FERMI_BETA 1
# DEGREE_ALPHA 1
# DEGREE_FACTOR_MIN 0.333333333333
# DEGREE_FACTOR_MAX 3
# ndiv 10
# n_reps 5
# A:(0,1),	A':(0,1.000),	B:(1,0),	B'=(1.000,0),	C:(1,1),	D:(0,0),	E:(0.488,0.488) 
# columns: ix iy x1_0 x2_0 rep x1_inf x2_inf sigma_1 sigma_2 t_relax
4	0	0.400000000000	0.000000000000	1	0.864976250000	0.000000000000	0.010078570137	0.000000000000	25000
4	0	0.400000000000	0.000000000000	2	0.898815000000	0.000000000000	0.009501568544	0.000000000000	25000
4	0	0.400000000000	0.000000000000	3	0.874143750000	0.000000000000	0.010681379373	0.000000000000	25000
4	0	0.400000000000	0.000000000000	4	0.912903750000	0.000000000000	0.010085243456	0.000000000000	18000
4	0	0.400000000000	0.000000000000	5	0.851373750000	0.000000000000	0.009931194644	0.000000000000	14000
4	1	0.400000000000	0.100000000000	1	0.848290000000	0.093632500000	0.007372389513	0.008638297803	25000
4	1	0.400000000000	0.100000000000	2	0.860648750000	0.055536250000	0.007941386942	0.009391103037	25000
4	1	0.400000000000	0.100000000000	3	0.885581250000	0.000000000000	0.010601939070	0.000000000000	25000
4	1	0.400000000000	0.100000000000	4	0.926323750000	0.024513750000	0.006131575626	0.004982401305	25000
4	1	0.400000000000	0.100000000000	5	0.881175000000	0.015842500000	0.010386397463	0.003190865929	25000
4	2	0.400000000000	0.200000000000	1	0.983291250000	0.023487500000	0.003209093988	0.003746432237	25000
4	2	0.400000000000	0.200000000000	2	0.884670000000	0.048581250000	0.010771966406	0.004561402452	25000
4	2	0.400000000000	0.200000000000	3	0.087667500000	0.816916250000	0.007806752791	0.014025802886	25000
4	2	0.400000000000	0.200000000000	4	0.797977500000	0.094017500000	0.019200179443	0.007280552877	25000
4	2	0.400000000000	0.200000000000	5	0.820257500000	0.044008750000	0.015356110474	0.005973769485	25000
4	3	0.400000000000	0.300000000000	1	0.098148750000	0.866777500000	0.021990592240	0.028262473107	25000
4	3	0.400000000000	0.300000000000	2	0.073683750000	0.916053750000	0.007991897075	0.012878913574	25000
4	3	0.400000000000	0.300000000000	3	0.892496250000	0.072556250000	0.010121492877	0.005664791550	25000
4	3	0.400000000000	0.300000000000	4	0.486510000000	0.457840000000	0.013897748826	0.014521372878	25000
4	3	0.400000000000	0.300000000000	5	0.120898750000	0.853655000000	0.010630172223	0.010647386620	25000
4	4	0.400000000000	0.400000000000	1	0.103103750000	0.853485000000	0.009795975427	0.009065184917	25000
4	4	0.400000000000	0.400000000000	2	0.887450000000	0.043357500000	0.006963906662	0.006541309692	25000
4	4	0.400000000000	0.400000000000	3	0.881345000000	0.009540000000	0.010250264285	0.004111986556	25000
4	4	0.400000000000	0.400000000000	4	0.579793750000	0.377473750000	0.019590870339	0.016340394945	25000
4	4	0.400000000000	0.400000000000	5	0.832792500000	0.090430000000	0.008427326895	0.006490452679	25000
4	5	0.400000000000	0.500000000000	1	0.051265000000	0.881048750000	0.005280817838	0.007646332607	25000
4	5	0.400000000000	0.500000000000	2	0.047935000000	0.967648750000	0.003405491502	0.008417261207	25000
4	5	0.400000000000	0.500000000000	3	0.032835000000	0.994291250000	0.005548913447	0.002486673377	25000
4	5	0.400000000000	0.500000000000	4	0.099872500000	0.830298750000	0.009821001518	0.013285379643	25000
4	5	0.400000000000	0.500000000000	5	0.786368750000	0.146462500000	0.026739880930	0.015273977483	25000
4	6	0.400000000000	0.600000000000	1	0.135767500000	0.839428750000	0.008220805946	0.012612367254	25000
4	6	0.400000000000	0.600000000000	2	0.138945000000	0.813937500000	0.008851889965	0.008237768483	25000
4	6	0.400000000000	0.600000000000	3	0.048857500000	0.933181250000	0.014464423192	0.006341297027	25000
4	6	0.400000000000	0.600000000000	4	0.058385000000	0.944647500000	0.007678752388	0.006181743905	25000
4	6	0.400000000000	0.600000000000	5	0.003816250000	1.000000000000	0.001604602189	0.000000000000	25000
4	7	0.400000000000	0.700000000000	1	0.012093750000	0.950042500000	0.003263479544	0.009139740347	24000
4	7	0.400000000000	0.700000000000	2	0.025135000000	0.976033750000	0.004085993801	0.006171437035	25000
4	7	0.400000000000	0.700000000000	3	0.015137500000	1.000000000000	0.003630671498	0.000000000000	25000
4	7	0.400000000000	0.700000000000	4	0.047955000000	0.914438750000	0.009127124652	0.012057702896	25000
4	7	0.400000000000	0.700000000000	5	0.020665000000	0.871421250000	0.005646262505	0.007820583256	25000
4	8	0.400000000000	0.800000000000	1	0.049206250000	0.880333750000	0.011824845682	0.017667921606	25000
4	8	0.400000000000	0.800000000000	2	0.000000000000	1.000000000000	0.000000000000	0.000000000000	25000
4	8	0.400000000000	0.800000000000	3	0.034706250000	1.000000000000	0.003429491194	0.000000000000	25000
4	8	0.400000000000	0.800000000000	4	0.000000000000	0.917218750000	0.000000000000	0.011982556806	25000
4	8	0.400000000000	0.800000000000	5	0.063321250000	0.875820000000	0.009592008004	0.010018568846	25000
4	9	0.400000000000	0.900000000000	1	0.059015000000	0.892873750000	0.012518945603	0.010657031517	25000
4	9	0.400000000000	0.900000000000	2	0.036553750000	0.925137500000	0.005601622677	0.006275087288	25000
4	9	0.400000000000	0.900000000000	3	0.040261250000	0.944040000000	0.005955567120	0.007183880089	25000
4	9	0.400000000000	0.900000000000	4	0.065632500000	0.989013750000	0.009503104901	0.002961231556	25000
4	9	0.400000000000	0.900000000000	5	0.032337500000	0.971840000000	0.004724501526	0.003769181839	25000
4	10	0.400000000000	1.000000000000	1	0.037771250000	1.000000000000	0.008431470847	0.000000000000	25000
4	10	0.400000000000	1.000000000000	2	0.050245000000	1.000000000000	0.006063868031	0.000000000000	25000
4	10	0.400000000000	1.000000000000	3	0.021687500000	1.000000000000	0.003361252262	0.000000000000	25000
4	10	0.400000000000	1.000000000000	4	0.048321250000	1.000000000000	0.007302983603	0.000000000000	25000
4	10	0.400000000000	1.000000000000	5	0.019585000000	1.000000000000	0.005072635571	0.000000000000	25000
5	0	0.500000000000	0.000000000000	1	0.874063750000	0.000000000000	0.014596679811	0.000000000000	25000
5	0	0.500000000000	0.000000000000	2	0.876161250000	0.000000000000	0.007059995005	0.000000000000	10000
5	0	0.500000000000	0.000000000000	3	0.862185000000	0.000000000000	0.008229884933	0.000000000000	25000
5	0	0.500000000000	0.000000000000	4	0.916605000000	0.000000000000	0.008375582092	0.000000000000	10000
5	0	0.500000000000	0.000000000000	5	0.900333750000	0.000000000000	0.008306800007	0.000000000000	24000
5	1	0.500000000000	0.100000000000	1	0.847943750000	0.074985000000	0.010605936277	0.011124371967	25000
5	1	0.500000000000	0.100000000000	2	0.860716250000	0.046425000000	0.011085697593	0.010443164496	25000
5	1	0.500000000000	0.100000000000	3	0.769526250000	0.160466250000	0.011085887215	0.006089386592	25000
5	1	0.500000000000	0.100000000000	4	0.849245000000	0.076347500000	0.008299215443	0.009223811438	25000
5	1	0.500000000000	0.100000000000	5	0.847780000000	0.095292500000	0.009282120327	0.008983743730	25000
5	2	0.500000000000	0.200000000000	1	0.911248750000	0.000000000000	0.007168058803	0.000000000000	25000
5	2	0.500000000000	0.200000000000	2	0.867775000000	0.037081250000	0.007527020063	0.005971494342	25000
5	2	0.500000000000	0.200000000000	3	0.790357500000	0.137032500000	0.014502629762	0.006702480287	25000
5	2	0.500000000000	0.200000000000	4	0.843721250000	0.106375000000	0.013995860819	0.010168131141	25000
5	2	0.500000000000	0.200000000000	5	0.839608750000	0.039172500000	0.011384335247	0.005860051959	25000
5	3	0.500000000000	0.300000000000	1	0.763607500000	0.161638750000	0.013106471621	0.009494898052	25000
5	3	0.500000000000	0.300000000000	2	0.884250000000	0.029518750000	0.008417926496	0.004589774174	25000
5	3	0.500000000000	0.300000000000	3	0.809186250000	0.088096250000	0.009140626318	0.008788923063	25000
5	3	0.500000000000	0.300000000000	4	0.721640000000	0.217340000000	0.010308117301	0.005760704012	25000
5	3	0.500000000000	0.300000000000	5	0.748905000000	0.149263750000	0.030441740252	0.014237484131	25000
5	4	0.500000000000	0.400000000000	1	0.880238750000	0.015786250000	0.014583951027	0.006475699431	25000
5	4	0.500000000000	0.400000000000	2	0.887623750000	0.038551250000	0.012503953266	0.006477191903	25000
5	4	0.500000000000	0.400000000000	3	0.784066250000	0.153876250000	0.011906518745	0.019399648058	25000
5	4	0.500000000000	0.400000000000	4	0.156038750000	0.769492500000	0.007804989032	0.009673017162	25000
5	4	0.500000000000	0.400000000000	5	0.782727500000	0.126356250000	0.010934849779	0.011312028351	25000
5	5	0.500000000000	0.500000000000	1	0.147502500000	0.821556250000	0.010925485572	0.014552626133	25000
5	5	0.500000000000	0.500000000000	2	0.178210000000	0.759815000000	0.008078244428	0.011184262950	25000
5	5	0.500000000000	0.500000000000	3	0.207388750000	0.726738750000	0.012368368424	0.009508382895	25000
5	5	0.500000000000	0.500000000000	4	0.722925000000	0.221983750000	0.014927586303	0.011741530436	25000
5	5	0.500000000000	0.500000000000	5	0.037211250000	0.887958750000	0.006274306963	0.008727028243	25000
5	6	0.500000000000	0.600000000000	1	0.057553750000	0.864473750000	0.004201273514	0.023973343940	25000
5	6	0.500000000000	0.600000000000	2	0.043108750000	0.872597500000	0.005179134520	0.006809643162	25000
5	6	0.500000000000	0.600000000000	3	0.098065000000	0.844627500000	0.010932047368	0.010132937391	25000
5	6	0.500000000000	0.600000000000	4	0.863206250000	0.112101250000	0.016455198175	0.013927006945	25000
5	6	0.500000000000	0.600000000000	5	0.048376250000	0.873062500000	0.004329332114	0.009659290639	25000
5	7	0.500000000000	0.700000000000	1	0.064902500000	0.886413750000	0.007530584536	0.009963948952	25000
5	7	0.500000000000	0.700000000000	2	0.089681250000	0.865227500000	0.009144114269	0.016992446469	25000
5	7	0.500000000000	0.700000000000	3	0.036352500000	0.918620000000	0.007072757075	0.006041334515	25000
5	7	0.500000000000	0.700000000000	4	0.047033750000	0.974623750000	0.005112576344	0.002797154359	25000
5	7	0.500000000000	0.700000000000	5	0.014620000000	0.987442500000	0.002338229526	0.003282715335	25000
5	8	0.500000000000	0.800000000000	1	0.128430000000	0.829971250000	0.009519590201	0.009026230319	25000
5	8	0.500000000000	0.800000000000	2	0.061886250000	0.899878750000	0.015492111023	0.012902406094	25000
5	8	0.500000000000	0.800000000000	3	0.068487500000	0.862768750000	0.011272284957	0.007816036487	25000
5	8	0.500000000000	0.800000000000	4	0.061078750000	1.000000000000	0.005297433221	0.000000000000	25000
5	8	0.500000000000	0.800000000000	5	0.004557500000	0.879851250000	0.001634775594	0.008646231448	25000
5	9	0.500000000000	0.900000000000	1	0.107302500000	0.882170000000	0.010077980176	0.018109657222	25000
5	9	0.500000000000	0.900000000000	2	0.088393750000	0.860146250000	0.011975858826	0.008353514508	25000
5	9	0.500000000000	0.900000000000	3	0.046906250000	1.000000000000	0.004368493123	0.000000000000	25000
5	9	0.500000000000	0.900000000000	4	0.013755000000	0.883236250000	0.002039702279	0.007990907523	25000
5	9	0.500000000000	0.900000000000	5	0.030797500000	1.000000000000	0.003532204725	0.000000000000	25000
5	10	0.500000000000	1.000000000000	1	0.000000000000	1.000000000000	0.000000000000	0.000000000000	24000
5	10	0.500000000000	1.000000000000	2	0.031788750000	1.000000000000	0.005578019383	0.000000000000	25000
5	10	0.500000000000	1.000000000000	3	0.035206250000	1.000000000000	0.006633713484	0.000000000000	25000
5	10	0.500000000000	1.000000000000	4	0.028751250000	1.000000000000	0.004071549269	0.000000000000	25000
5	10	0.500000000000	1.000000000000	5	0.000000000000	1.000000000000	0.000000000000	0.000000000000	25000
