# scan initial plane
# b 1.02
# r 0
# e -0.4
# N1 800
# N2 800
# P11 0.9
# p12 0.05
# P22 0.9
# T_MCS 1000
# T_MAX 25000
# W 2000
# UPDATE_RULE 2
# FERMI_BETA 1
# DEGREE_ALPHA 1
# DEGREE_FACTOR_MIN 0.333333333333
# DEGREE_FACTOR_MAX 3
# ndiv 10
# n_reps 5
# A:(0,1),	A':(0,1.000),	B:(1,0),	B'=(1.000,0),	C:(1,1),	D:(0,0),	E:(0.488,0.488) 
# columns: ix iy x1_0 x2_0 rep x1_inf x2_inf sigma_1 sigma_2 t_relax
8	0	0.800000000000	0.000000000000	1	0.912663750000	0.000000000000	0.007022441750	0.000000000000	25000
8	0	0.800000000000	0.000000000000	2	0.904793750000	0.000000000000	0.007576744386	0.000000000000	25000
8	0	0.800000000000	0.000000000000	3	0.877866250000	0.000000000000	0.006912594115	0.000000000000	25000
8	0	0.800000000000	0.000000000000	4	0.936223750000	0.000000000000	0.007056737630	0.000000000000	14000
8	0	0.800000000000	0.000000000000	5	0.885817500000	0.000000000000	0.013328070236	0.000000000000	25000
8	1	0.800000000000	0.100000000000	1	0.885353750000	0.039752500000	0.011460869293	0.010509332273	25000
8	1	0.800000000000	0.100000000000	2	0.930818750000	0.037097500000	0.008990246686	0.003893507821	25000
8	1	0.800000000000	0.100000000000	3	0.908103750000	0.000000000000	0.006798355763	0.000000000000	25000
8	1	0.800000000000	0.100000000000	4	0.960548750000	0.009666250000	0.004801860973	0.003336548515	25000
8	1	0.800000000000	0.100000000000	5	0.839025000000	0.082081250000	0.008635439816	0.005812486209	25000
8	2	0.800000000000	0.200000000000	1	0.879513750000	0.065655000000	0.009610930935	0.009316230039	25000
8	2	0.800000000000	0.200000000000	2	0.938718750000	0.030407500000	0.005964365817	0.005344975445	25000
8	2	0.800000000000	0.200000000000	3	1.000000000000	0.003045000000	0.000000000000	0.001864188885	25000
8	2	0.800000000000	0.200000000000	4	0.890790000000	0.088512500000	0.009962436958	0.006354100514	25000
8	2	0.800000000000	0.200000000000	5	0.953253750000	0.000000000000	0.005467306455	0.000000000000	25000
8	3	0.800000000000	0.300000000000	1	0.859893750000	0.088018750000	0.009483153676	0.012361771691	25000
8	3	0.800000000000	0.300000000000	2	0.908313750000	0.059503750000	0.007298254103	0.004773293702	25000
8	3	0.800000000000	0.300000000000	3	0.882422500000	0.038096250000	0.007172111470	0.010401976955	25000
8	3	0.800000000000	0.300000000000	4	0.937008750000	0.080432500000	0.007018510913	0.006054665782	25000
8	3	0.800000000000	0.300000000000	5	1.000000000000	0.008647500000	0.000000000000	0.002571936743	25000
8	4	0.800000000000	0.400000000000	1	0.882401250000	0.040440000000	0.014640693660	0.005463973372	25000
8	4	0.800000000000	0.400000000000	2	0.871735000000	0.094793750000	0.009468271921	0.014090491133	25000
8	4	0.800000000000	0.400000000000	3	0.924208750000	0.000000000000	0.006782301272	0.000000000000	25000
8	4	0.800000000000	0.400000000000	4	0.828802500000	0.081797500000	0.012178693046	0.012371597519	25000
8	4	0.800000000000	0.400000000000	5	0.950373750000	0.024491250000	0.004185692112	0.005766366874	25000
8	5	0.800000000000	0.500000000000	1	0.906812500000	0.050582500000	0.013573608090	0.006319167321	25000
8	5	0.800000000000	0.500000000000	2	0.872890000000	0.018263750000	0.007865097568	0.002255179432	25000
8	5	0.800000000000	0.500000000000	3	0.871927500000	0.072721250000	0.007234653341	0.008384571365	25000
8	5	0.800000000000	0.500000000000	4	0.810117500000	0.092200000000	0.008883241567	0.008050997986	25000
8	5	0.800000000000	0.500000000000	5	0.884060000000	0.033930000000	0.010729353150	0.005151797358	25000
8	6	0.800000000000	0.600000000000	1	0.787353750000	0.122208750000	0.011648239348	0.005580748668	25000
8	6	0.800000000000	0.600000000000	2	0.845351250000	0.102167500000	0.010067033133	0.009984601194	25000
8	6	0.800000000000	0.600000000000	3	0.845322500000	0.068916250000	0.009702100262	0.006682988536	25000
8	6	0.800000000000	0.600000000000	4	0.908117500000	0.020043750000	0.005688072865	0.003008729115	25000
8	6	0.800000000000	0.600000000000	5	0.946578750000	0.005231250000	0.010651470075	0.002072711285	25000
8	7	0.800000000000	0.700000000000	1	0.862260000000	0.067951250000	0.007523230622	0.008224579299	25000
8	7	0.800000000000	0.700000000000	2	0.816927500000	0.114915000000	0.015331680573	0.018410437779	25000
8	7	0.800000000000	0.700000000000	3	0.771708750000	0.173833750000	0.011248144589	0.016051255909	25000
8	7	0.800000000000	0.700000000000	4	0.785652500000	0.125233750000	0.014465229401	0.008125989487	25000
8	7	0.800000000000	0.700000000000	5	0.344096250000	0.648596250000	0.021277629943	0.026855966122	25000
8	8	0.800000000000	0.800000000000	1	0.776536250000	0.130413750000	0.006478259124	0.010711768781	25000
8	8	0.800000000000	0.800000000000	2	0.055977500000	0.867943750000	0.003860459415	0.008384692989	25000
8	8	0.800000000000	0.800000000000	3	0.749146250000	0.185781250000	0.012135740589	0.013072977422	25000
8	8	0.800000000000	0.800000000000	4	0.737111250000	0.223385000000	0.012694820574	0.016577310011	25000
8	8	0.800000000000	0.800000000000	5	0.692757500000	0.257538750000	0.009630430361	0.008936157779	25000
8	9	0.800000000000	0.900000000000	1	0.144613750000	0.816226250000	0.008227130978	0.020062100122	25000
8	9	0.800000000000	0.900000000000	2	0.040452500000	0.882716250000	0.003734107967	0.006656226693	25000
8	9	0.800000000000	0.900000000000	3	0.039721250000	0.942261250000	0.004385269835	0.007350286569	25000
8	9	0.800000000000	0.900000000000	4	0.023351250000	0.962338750000	0.003051433628	0.008108679709	25000
8	9	0.800000000000	0.900000000000	5	0.001747500000	1.000000000000	0.001252872076	0.000000000000	25000
8	10	0.800000000000	1.000000000000	1	0.025201250000	1.000000000000	0.004971936855	0.000000000000	22000
8	10	0.800000000000	1.000000000000	2	0.015216250000	1.000000000000	0.004679591009	0.000000000000	25000
8	10	0.800000000000	1.000000000000	3	0.019290000000	1.000000000000	0.002947174212	0.000000000000	25000
8	10	0.800000000000	1.000000000000	4	0.029585000000	1.000000000000	0.003766807513	0.000000000000	25000
8	10	0.800000000000	1.000000000000	5	0.041278750000	1.000000000000	0.004947242782	0.000000000000	22000
9	0	0.900000000000	0.000000000000	1	1.000000000000	0.000000000000	0.000000000000	0.000000000000	25000
9	0	0.900000000000	0.000000000000	2	1.000000000000	0.000000000000	0.000000000000	0.000000000000	10000
9	0	0.900000000000	0.000000000000	3	0.963166250000	0.000000000000	0.004400160207	0.000000000000	18000
9	0	0.900000000000	0.000000000000	4	0.934736250000	0.000000000000	0.010817619624	0.000000000000	24000
9	0	0.900000000000	0.000000000000	5	0.945157500000	0.000000000000	0.009457418332	0.000000000000	18000
9	1	0.900000000000	0.100000000000	1	1.000000000000	0.006593750000	0.000000000000	0.002580466478	10000
9	1	0.900000000000	0.100000000000	2	0.919322500000	0.000000000000	0.003907926642	0.000000000000	25000
9	1	0.900000000000	0.100000000000	3	1.000000000000	0.000000000000	0.000000000000	0.000000000000	25000
9	1	0.900000000000	0.100000000000	4	0.826021250000	0.080236250000	0.016956448097	0.011197483292	25000
9	1	0.900000000000	0.100000000000	5	0.974062500000	0.000000000000	0.005467035964	0.000000000000	25000
9	2	0.900000000000	0.200000000000	1	0.932360000000	0.000000000000	0.006353061182	0.000000000000	25000
9	2	0.900000000000	0.200000000000	2	0.875431250000	0.021385000000	0.010460641039	0.006730914143	25000
9	2	0.900000000000	0.200000000000	3	0.974813750000	0.000000000000	0.003631726569	0.000000000000	25000
9	2	0.900000000000	0.200000000000	4	0.991910000000	0.000000000000	0.003413363598	0.000000000000	25000
9	2	0.900000000000	0.200000000000	5	0.994516250000	0.011355000000	0.001921748307	0.005152052372	25000
9	3	0.900000000000	0.300000000000	1	0.843740000000	0.015896250000	0.008618065099	0.007632393259	25000
9	3	0.900000000000	0.300000000000	2	0.856335000000	0.114933750000	0.011964465029	0.007082360713	25000
9	3	0.900000000000	0.300000000000	3	0.911038750000	0.000000000000	0.005063788393	0.000000000000	25000
9	3	0.900000000000	0.300000000000	4	0.996797500000	0.016438750000	0.002416056928	0.003053216840	25000
9	3	0.900000000000	0.300000000000	5	0.913990000000	0.047596250000	0.010890437394	0.011056340539	25000
9	4	0.900000000000	0.400000000000	1	0.949892500000	0.001600000000	0.007369846225	0.001196685864	25000
9	4	0.900000000000	0.400000000000	2	0.924918750000	0.057742500000	0.010001155386	0.007875601173	25000
9	4	0.900000000000	0.400000000000	3	0.830107500000	0.065555000000	0.007917022673	0.007760618674	25000
9	4	0.900000000000	0.400000000000	4	1.000000000000	0.034151250000	0.000000000000	0.005080366233	25000
9	4	0.900000000000	0.400000000000	5	0.885987500000	0.091636250000	0.014053152132	0.008975058502	25000
9	5	0.900000000000	0.500000000000	1	0.897832500000	0.050430000000	0.013126161467	0.006019090833	25000
9	5	0.900000000000	0.500000000000	2	0.932965000000	0.041213750000	0.013518307758	0.005877960859	25000
9	5	0.900000000000	0.500000000000	3	0.960008750000	0.018643750000	0.005948949566	0.005086798990	25000
9	5	0.900000000000	0.500000000000	4	0.932377500000	0.060386250000	0.009698952956	0.010541038228	25000
9	5	0.900000000000	0.500000000000	5	0.888750000000	0.026666250000	0.009084397409	0.003720502732	25000
9	6	0.900000000000	0.600000000000	1	0.885587500000	0.071208750000	0.005908341751	0.005781070984	25000
9	6	0.900000000000	0.600000000000	2	0.917231250000	0.027781250000	0.007285338846	0.006087653116	25000
9	6	0.900000000000	0.600000000000	3	0.884967500000	0.070147500000	0.009011910634	0.014689397440	25000
9	6	0.900000000000	0.600000000000	4	0.950626250000	0.041182500000	0.005740357144	0.005967080509	25000
9	6	0.900000000000	0.600000000000	5	0.842231250000	0.063362500000	0.006647727297	0.007249518900	25000
9	7	0.900000000000	0.700000000000	1	0.894661250000	0.056831250000	0.007325031879	0.008745331140	25000
9	7	0.900000000000	0.700000000000	2	0.818145000000	0.103993750000	0.007078556064	0.008318208403	25000
9	7	0.900000000000	0.700000000000	3	0.841748750000	0.098527500000	0.008307373134	0.008252831513	25000
9	7	0.900000000000	0.700000000000	4	1.000000000000	0.032580000000	0.000000000000	0.006569523090	25000
9	7	0.900000000000	0.700000000000	5	0.872026250000	0.036633750000	0.012988175050	0.005035651022	25000
9	8	0.900000000000	0.800000000000	1	0.903155000000	0.045051250000	0.008786961118	0.005464434644	25000
9	8	0.900000000000	0.800000000000	2	0.889281250000	0.048361250000	0.007624752310	0.004585939574	25000
9	8	0.900000000000	0.800000000000	3	0.834323750000	0.080455000000	0.005949129397	0.009534615036	25000
9	8	0.900000000000	0.800000000000	4	0.797880000000	0.145803750000	0.013121891405	0.013786042885	25000
9	8	0.900000000000	0.800000000000	5	0.867590000000	0.100512500000	0.013644250275	0.012541092367	25000
9	9	0.900000000000	0.900000000000	1	0.041566250000	0.858682500000	0.006709112134	0.008026744195	25000
9	9	0.900000000000	0.900000000000	2	0.005228750000	0.944485000000	0.002836332265	0.006999733657	25000
9	9	0.900000000000	0.900000000000	3	0.072825000000	0.967022500000	0.008270824114	0.004288036381	25000
9	9	0.900000000000	0.900000000000	4	0.162323750000	0.803985000000	0.010059345847	0.010158948234	25000
9	9	0.900000000000	0.900000000000	5	0.111576250000	0.871180000000	0.009723472598	0.008202698291	25000
9	10	0.900000000000	1.000000000000	1	0.054728750000	1.000000000000	0.006238090630	0.000000000000	25000
9	10	0.900000000000	1.000000000000	2	0.079942500000	1.000000000000	0.006805503922	0.000000000000	16000
9	10	0.900000000000	1.000000000000	3	0.021592500000	1.000000000000	0.002968207204	0.000000000000	25000
9	10	0.900000000000	1.000000000000	4	0.077263750000	1.000000000000	0.008422689008	0.000000000000	18000
9	10	0.900000000000	1.000000000000	5	0.044685000000	1.000000000000	0.008821165624	0.000000000000	25000
