# scan initial plane
# b 1.15
# r 0
# e -0.4
# p12 0.23
# ndiv 8
# n_reps 3
# A:(0,1),	A':(0,0.613),	B:(1,0),	B'=(0.613,0),	C:(1,1),	D:(0,0),	E:(0.333,0.333) 
# columns: ix iy x1_0 x2_0 rep x1_inf x2_inf sigma_1 sigma_2 t_relax
6	0	0.750000000000	0.000000000000	1	0.807360000000	0.000000000000	0.009125441013	0.000000000000	6000
6	0	0.750000000000	0.000000000000	2	0.806620000000	0.000000000000	0.010993473357	0.000000000000	26000
6	0	0.750000000000	0.000000000000	3	0.810236000000	0.000000000000	0.012720775217	0.000000000000	32000
6	1	0.750000000000	0.124000000000	1	0.797890000000	0.000000000000	0.011507054893	0.000000000000	32000
6	1	0.750000000000	0.124000000000	2	0.822176000000	0.000000000000	0.013247509974	0.000000000000	16000
6	1	0.750000000000	0.124000000000	3	0.823656000000	0.000000000000	0.013259316478	0.000000000000	26000
6	2	0.750000000000	0.250000000000	1	0.823590000000	0.000000000000	0.010244845380	0.000000000000	10000
6	2	0.750000000000	0.250000000000	2	0.821556000000	0.000000000000	0.013137406725	0.000000000000	44000
6	2	0.750000000000	0.250000000000	3	0.802862000000	0.000000000000	0.011316758592	0.000000000000	78000
6	3	0.750000000000	0.374000000000	1	0.797076000000	0.000000000000	0.012419519655	0.000000000000	108000
6	3	0.750000000000	0.374000000000	2	0.805346000000	0.000000000000	0.010512030574	0.000000000000	8000
6	3	0.750000000000	0.374000000000	3	0.838204000000	0.000000000000	0.011953797609	0.000000000000	90000
6	4	0.750000000000	0.500000000000	1	0.799816000000	0.000000000000	0.009586346647	0.000000000000	26000
6	4	0.750000000000	0.500000000000	2	0.820256000000	0.000000000000	0.013136019908	0.000000000000	76000
6	4	0.750000000000	0.500000000000	3	0.814032000000	0.000000000000	0.010056844242	0.000000000000	40000
6	5	0.750000000000	0.624000000000	1	0.795378000000	0.000000000000	0.011635484541	0.000000000000	24000
6	5	0.750000000000	0.624000000000	2	0.776116000000	0.000000000000	0.014113317460	0.000000000000	18000
6	5	0.750000000000	0.624000000000	3	0.804226000000	0.000000000000	0.012331463376	0.000000000000	14000
6	6	0.750000000000	0.750000000000	1	0.000000000000	0.791252000000	0.000000000000	0.010150444696	6000
6	6	0.750000000000	0.750000000000	2	0.792900000000	0.000000000000	0.011802766850	0.000000000000	64000
6	6	0.750000000000	0.750000000000	3	0.000000000000	0.780846000000	0.000000000000	0.012467386243	34000
6	7	0.750000000000	0.874000000000	1	0.000000000000	0.816030000000	0.000000000000	0.014352180499	132000
6	7	0.750000000000	0.874000000000	2	0.000000000000	0.777620000000	0.000000000000	0.009724101920	18000
6	7	0.750000000000	0.874000000000	3	0.000000000000	0.809704000000	0.000000000000	0.011490013246	64000
6	8	0.750000000000	1.000000000000	1	0.000000000000	1.000000000000	0.000000000000	0.000000000000	6000
6	8	0.750000000000	1.000000000000	2	0.000000000000	1.000000000000	0.000000000000	0.000000000000	6000
6	8	0.750000000000	1.000000000000	3	0.000000000000	1.000000000000	0.000000000000	0.000000000000	6000
