# scan initial plane
# b 1.06
# r 0
# e -0.4
# N1 800
# N2 300
# P11 0.9
# p12 0.02
# P22 0.9
# T_MCS 1000
# T_MAX 25000
# W 2000
# UPDATE_RULE 2
# FERMI_BETA 1
# DEGREE_ALPHA 1
# DEGREE_FACTOR_MIN 0.333333333333
# DEGREE_FACTOR_MAX 3
# ndiv 10
# n_reps 5
# A:(0,1),	A':(0,0.356),	B:(1,0),	B'=(0.050,0),	C:(1,1),	D:(0,0),	E:(0.030,0.343) 
# columns: ix iy x1_0 x2_0 rep x1_inf x2_inf sigma_1 sigma_2 t_relax
2	0	0.200000000000	0.000000000000	1	0.024381250000	0.000000000000	0.001958327343	0.000000000000	14000
2	0	0.200000000000	0.000000000000	2	0.027647500000	0.000000000000	0.001679788808	0.000000000000	6000
2	0	0.200000000000	0.000000000000	3	0.025843750000	0.000000000000	0.002028703792	0.000000000000	25000
2	0	0.200000000000	0.000000000000	4	0.024316250000	0.000000000000	0.002138456554	0.000000000000	25000
2	0	0.200000000000	0.000000000000	5	0.025358750000	0.000000000000	0.002390177585	0.000000000000	25000
2	1	0.200000000000	0.100000000000	1	0.013620000000	0.300893333333	0.001937131249	0.013929839929	25000
2	1	0.200000000000	0.100000000000	2	0.000000000000	0.267693333333	0.000000000000	0.017646895592	25000
2	1	0.200000000000	0.100000000000	3	0.025028750000	0.301246666667	0.003202302403	0.017507366611	25000
2	1	0.200000000000	0.100000000000	4	0.000000000000	0.286140000000	0.000000000000	0.010385215315	25000
2	1	0.200000000000	0.100000000000	5	0.000000000000	0.288120000000	0.000000000000	0.012776103820	25000
2	2	0.200000000000	0.200000000000	1	0.006893750000	0.305663333333	0.000965313559	0.014277700463	25000
2	2	0.200000000000	0.200000000000	2	0.007810000000	0.291593333333	0.001861918833	0.017454364285	25000
2	2	0.200000000000	0.200000000000	3	0.000000000000	0.307320000000	0.000000000000	0.010289753864	25000
2	2	0.200000000000	0.200000000000	4	0.014796250000	0.297416666667	0.002182128576	0.012948386628	25000
2	2	0.200000000000	0.200000000000	5	0.004826250000	0.314683333333	0.001101458873	0.011978633241	25000
2	3	0.200000000000	0.300000000000	1	0.018495000000	0.306923333333	0.002919717409	0.017396777897	25000
2	3	0.200000000000	0.300000000000	2	0.000000000000	0.295773333333	0.000000000000	0.014656628955	25000
2	3	0.200000000000	0.300000000000	3	0.000580000000	0.305840000000	0.000623689818	0.019671559652	25000
2	3	0.200000000000	0.300000000000	4	0.000000000000	0.287360000000	0.000000000000	0.013059728637	25000
2	3	0.200000000000	0.300000000000	5	0.013910000000	0.262530000000	0.001826776426	0.015548732595	25000
2	4	0.200000000000	0.400000000000	1	0.019995000000	0.313330000000	0.001666659159	0.018530426302	25000
2	4	0.200000000000	0.400000000000	2	0.000000000000	0.316700000000	0.000000000000	0.014974081341	25000
2	4	0.200000000000	0.400000000000	3	0.000000000000	0.291473333333	0.000000000000	0.018954615671	25000
2	4	0.200000000000	0.400000000000	4	0.013387500000	0.289133333333	0.003737236370	0.012396339168	25000
2	4	0.200000000000	0.400000000000	5	0.000000000000	0.286613333333	0.000000000000	0.015311158909	25000
2	5	0.200000000000	0.500000000000	1	0.005678750000	0.308970000000	0.000622996037	0.009839960046	25000
2	5	0.200000000000	0.500000000000	2	0.003975000000	0.318246666667	0.001089983056	0.011139764855	25000
2	5	0.200000000000	0.500000000000	3	0.000000000000	0.306936666667	0.000000000000	0.014382495555	25000
2	5	0.200000000000	0.500000000000	4	0.008350000000	0.297120000000	0.001256614133	0.015840906290	25000
2	5	0.200000000000	0.500000000000	5	0.023941250000	0.293226666667	0.003485991692	0.011501150126	25000
2	6	0.200000000000	0.600000000000	1	0.022478750000	0.290783333333	0.001810044806	0.013010683648	25000
2	6	0.200000000000	0.600000000000	2	0.015262500000	0.286076666667	0.002163943484	0.016846104796	10000
2	6	0.200000000000	0.600000000000	3	0.000000000000	0.301200000000	0.000000000000	0.013058733879	25000
2	6	0.200000000000	0.600000000000	4	0.015780000000	0.306696666667	0.001561341663	0.011445867624	25000
2	6	0.200000000000	0.600000000000	5	0.014342500000	0.268446666667	0.002446027760	0.014519648686	25000
2	7	0.200000000000	0.700000000000	1	0.000000000000	0.300060000000	0.000000000000	0.012822928455	25000
2	7	0.200000000000	0.700000000000	2	0.000000000000	0.287440000000	0.000000000000	0.011179059503	25000
2	7	0.200000000000	0.700000000000	3	0.007748750000	0.288066666667	0.000798246914	0.014312401785	25000
2	7	0.200000000000	0.700000000000	4	0.013006250000	0.279226666667	0.004264426547	0.013332572551	25000
2	7	0.200000000000	0.700000000000	5	0.003780000000	0.318636666667	0.000953616477	0.024485750659	8000
2	8	0.200000000000	0.800000000000	1	0.000000000000	0.300783333333	0.000000000000	0.015254404726	25000
2	8	0.200000000000	0.800000000000	2	0.015190000000	0.305313333333	0.002359309505	0.015073749668	25000
2	8	0.200000000000	0.800000000000	3	0.000000000000	0.283470000000	0.000000000000	0.010802170986	20000
2	8	0.200000000000	0.800000000000	4	0.015830000000	0.300520000000	0.002101312808	0.015220787874	25000
2	8	0.200000000000	0.800000000000	5	0.000000000000	0.332713333333	0.000000000000	0.019121340699	25000
2	9	0.200000000000	0.900000000000	1	0.024131250000	0.281363333333	0.003023818681	0.015906144686	25000
2	9	0.200000000000	0.900000000000	2	0.016300000000	0.281313333333	0.001917335697	0.010981609687	25000
2	9	0.200000000000	0.900000000000	3	0.012530000000	0.293106666667	0.002698983051	0.010847409299	25000
2	9	0.200000000000	0.900000000000	4	0.018838750000	0.289046666667	0.001968676363	0.015297518050	25000
2	9	0.200000000000	0.900000000000	5	0.023327500000	0.295303333333	0.002900738360	0.018092718050	25000
2	10	0.200000000000	1.000000000000	1	0.000000000000	1.000000000000	0.000000000000	0.000000000000	18000
2	10	0.200000000000	1.000000000000	2	0.009930000000	1.000000000000	0.001986434223	0.000000000000	25000
2	10	0.200000000000	1.000000000000	3	0.013982500000	1.000000000000	0.002069172594	0.000000000000	14000
2	10	0.200000000000	1.000000000000	4	0.003495000000	1.000000000000	0.001194582365	0.000000000000	18000
2	10	0.200000000000	1.000000000000	5	0.003982500000	1.000000000000	0.001600313955	0.000000000000	12000
3	0	0.300000000000	0.000000000000	1	0.026528750000	0.000000000000	0.002474618086	0.000000000000	25000
3	0	0.300000000000	0.000000000000	2	0.031026250000	0.000000000000	0.003820647299	0.000000000000	25000
3	0	0.300000000000	0.000000000000	3	0.028991250000	0.000000000000	0.003282683651	0.000000000000	25000
3	0	0.300000000000	0.000000000000	4	0.030133750000	0.000000000000	0.003032489807	0.000000000000	25000
3	0	0.300000000000	0.000000000000	5	0.039318750000	0.000000000000	0.004529953799	0.000000000000	22000
3	1	0.300000000000	0.100000000000	1	0.000000000000	0.302733333333	0.000000000000	0.017251855419	25000
3	1	0.300000000000	0.100000000000	2	0.017467500000	0.286173333333	0.002532732415	0.014058561600	25000
3	1	0.300000000000	0.100000000000	3	0.000000000000	0.305603333333	0.000000000000	0.015201621638	24000
3	1	0.300000000000	0.100000000000	4	0.018728750000	0.291373333333	0.004338554943	0.014983124011	10000
3	1	0.300000000000	0.100000000000	5	0.016658750000	0.299326666667	0.001997116524	0.013054813729	25000
3	2	0.300000000000	0.200000000000	1	0.000000000000	0.269833333333	0.000000000000	0.012956597894	25000
3	2	0.300000000000	0.200000000000	2	0.000000000000	0.291253333333	0.000000000000	0.014747579160	25000
3	2	0.300000000000	0.200000000000	3	0.000000000000	0.280646666667	0.000000000000	0.018541036560	25000
3	2	0.300000000000	0.200000000000	4	0.000000000000	0.312976666667	0.000000000000	0.017896112357	25000
3	2	0.300000000000	0.200000000000	5	0.000000000000	0.305113333333	0.000000000000	0.012031381131	25000
3	3	0.300000000000	0.300000000000	1	0.000000000000	0.304316666667	0.000000000000	0.012198983732	24000
3	3	0.300000000000	0.300000000000	2	0.000000000000	0.291323333333	0.000000000000	0.012066710633	25000
3	3	0.300000000000	0.300000000000	3	0.015820000000	0.284423333333	0.004543690143	0.012181692286	25000
3	3	0.300000000000	0.300000000000	4	0.008090000000	0.291086666667	0.003011182030	0.020518179910	25000
3	3	0.300000000000	0.300000000000	5	0.004676250000	0.313743333333	0.000981497211	0.009969294980	25000
3	4	0.300000000000	0.400000000000	1	0.016076250000	0.308153333333	0.001658990864	0.009535470196	25000
3	4	0.300000000000	0.400000000000	2	0.000000000000	0.307906666667	0.000000000000	0.014634392859	25000
3	4	0.300000000000	0.400000000000	3	0.015431250000	0.289573333333	0.001538815743	0.012372637100	25000
3	4	0.300000000000	0.400000000000	4	0.005367500000	0.300843333333	0.001768458706	0.016426020778	25000
3	4	0.300000000000	0.400000000000	5	0.000000000000	0.298483333333	0.000000000000	0.011274067793	25000
3	5	0.300000000000	0.500000000000	1	0.012182500000	0.283173333333	0.003264943124	0.016329146978	25000
3	5	0.300000000000	0.500000000000	2	0.008977500000	0.299966666667	0.002735663101	0.012912055050	25000
3	5	0.300000000000	0.500000000000	3	0.004172500000	0.288270000000	0.000675518375	0.012242516139	25000
3	5	0.300000000000	0.500000000000	4	0.015920000000	0.318896666667	0.001960853117	0.011564060453	25000
3	5	0.300000000000	0.500000000000	5	0.007693750000	0.328136666667	0.001961120708	0.019894762332	25000
3	6	0.300000000000	0.600000000000	1	0.006967500000	0.297300000000	0.001419624628	0.013250451440	25000
3	6	0.300000000000	0.600000000000	2	0.015968750000	0.307513333333	0.004628391507	0.010323153628	25000
3	6	0.300000000000	0.600000000000	3	0.000000000000	0.314320000000	0.000000000000	0.012554135471	24000
3	6	0.300000000000	0.600000000000	4	0.012978750000	0.285706666667	0.002257478050	0.017980901644	25000
3	6	0.300000000000	0.600000000000	5	0.000088750000	0.291313333333	0.000321191690	0.012674217583	25000
3	7	0.300000000000	0.700000000000	1	0.000030000000	0.284726666667	0.000191406992	0.014263233849	25000
3	7	0.300000000000	0.700000000000	2	0.016025000000	0.255680000000	0.001309041095	0.013318470194	25000
3	7	0.300000000000	0.700000000000	3	0.000000000000	0.294793333333	0.000000000000	0.011773147710	25000
3	7	0.300000000000	0.700000000000	4	0.000000000000	0.293296666667	0.000000000000	0.014932048288	25000
3	7	0.300000000000	0.700000000000	5	0.001467500000	0.291406666667	0.000474123975	0.017320802174	25000
3	8	0.300000000000	0.800000000000	1	0.017970000000	0.286270000000	0.002226192025	0.008793810196	25000
3	8	0.300000000000	0.800000000000	2	0.003765000000	0.306490000000	0.000612495021	0.012940574546	25000
3	8	0.300000000000	0.800000000000	3	0.012321250000	0.301256666667	0.001907583501	0.012753871094	25000
3	8	0.300000000000	0.800000000000	4	0.021413750000	0.295723333333	0.003431329547	0.016676643994	25000
3	8	0.300000000000	0.800000000000	5	0.017392500000	0.271146666667	0.004859867494	0.010469813502	25000
3	9	0.300000000000	0.900000000000	1	0.000000000000	0.303463333333	0.000000000000	0.013879968707	25000
3	9	0.300000000000	0.900000000000	2	0.007362500000	0.293996666667	0.002349678646	0.015366866106	25000
3	9	0.300000000000	0.900000000000	3	0.000000000000	0.310930000000	0.000000000000	0.010874947153	25000
3	9	0.300000000000	0.900000000000	4	0.000000000000	0.290943333333	0.000000000000	0.011318834570	25000
3	9	0.300000000000	0.900000000000	5	0.014493750000	0.271983333333	0.001409924226	0.018700103222	25000
3	10	0.300000000000	1.000000000000	1	0.012871250000	1.000000000000	0.003130760706	0.000000000000	20000
3	10	0.300000000000	1.000000000000	2	0.011651250000	1.000000000000	0.002090437961	0.000000000000	25000
3	10	0.300000000000	1.000000000000	3	0.009442500000	1.000000000000	0.002292121849	0.000000000000	25000
3	10	0.300000000000	1.000000000000	4	0.012935000000	1.000000000000	0.002059129674	0.000000000000	25000
3	10	0.300000000000	1.000000000000	5	0.012978750000	1.000000000000	0.002863989940	0.000000000000	20000
