# scan initial plane
# b 1.06
# r 0
# e -0.4
# N1 800
# N2 300
# P11 0.9
# p12 0.02
# P22 0.9
# T_MCS 1000
# T_MAX 25000
# W 2000
# UPDATE_RULE 2
# FERMI_BETA 1
# DEGREE_ALPHA 1
# DEGREE_FACTOR_MIN 0.333333333333
# DEGREE_FACTOR_MAX 3
# ndiv 10
# n_reps 5
# A:(0,1),	A':(0,0.356),	B:(1,0),	B'=(0.050,0),	C:(1,1),	D:(0,0),	E:(0.030,0.343) 
# columns: ix iy x1_0 x2_0 rep x1_inf x2_inf sigma_1 sigma_2 t_relax
6	0	0.600000000000	0.000000000000	1	0.030372500000	0.000000000000	0.004116666211	0.000000000000	25000
6	0	0.600000000000	0.000000000000	2	0.027022500000	0.000000000000	0.001795889465	0.000000000000	25000
6	0	0.600000000000	0.000000000000	3	0.034192500000	0.000000000000	0.003541872896	0.000000000000	8000
6	0	0.600000000000	0.000000000000	4	0.022836250000	0.000000000000	0.003726074619	0.000000000000	25000
6	0	0.600000000000	0.000000000000	5	0.033353750000	0.000000000000	0.002710861894	0.000000000000	25000
6	1	0.600000000000	0.100000000000	1	0.000000000000	0.294650000000	0.000000000000	0.009309956305	20000
6	1	0.600000000000	0.100000000000	2	0.000632500000	0.289400000000	0.000625267710	0.011134909449	25000
6	1	0.600000000000	0.100000000000	3	0.000000000000	0.282673333333	0.000000000000	0.021145274502	25000
6	1	0.600000000000	0.100000000000	4	0.025227500000	0.272486666667	0.002759004505	0.018471055492	25000
6	1	0.600000000000	0.100000000000	5	0.004003750000	0.300086666667	0.000796670020	0.013048050790	25000
6	2	0.600000000000	0.200000000000	1	0.008277500000	0.324273333333	0.003547263287	0.016685833490	25000
6	2	0.600000000000	0.200000000000	2	0.018228750000	0.313353333333	0.002075100475	0.013531215944	25000
6	2	0.600000000000	0.200000000000	3	0.015943750000	0.285573333333	0.002713878880	0.020434719365	25000
6	2	0.600000000000	0.200000000000	4	0.020731250000	0.296080000000	0.001556400758	0.009863388971	25000
6	2	0.600000000000	0.200000000000	5	0.022366250000	0.289120000000	0.004330768291	0.012425869163	25000
6	3	0.600000000000	0.300000000000	1	0.000000000000	0.290433333333	0.000000000000	0.013312922315	25000
6	3	0.600000000000	0.300000000000	2	0.012848750000	0.257633333333	0.003826823816	0.014183717584	25000
6	3	0.600000000000	0.300000000000	3	0.017298750000	0.280023333333	0.003497970374	0.017255514014	25000
6	3	0.600000000000	0.300000000000	4	0.000000000000	0.311000000000	0.000000000000	0.019242119115	16000
6	3	0.600000000000	0.300000000000	5	0.015301250000	0.284186666667	0.002898354947	0.022238348503	25000
6	4	0.600000000000	0.400000000000	1	0.015070000000	0.311603333333	0.001498071834	0.024001732920	16000
6	4	0.600000000000	0.400000000000	2	0.024938750000	0.285216666667	0.003319839193	0.014660270620	25000
6	4	0.600000000000	0.400000000000	3	0.010387500000	0.296426666667	0.002030447356	0.015725093560	25000
6	4	0.600000000000	0.400000000000	4	0.023677500000	0.306230000000	0.003094542768	0.010097863369	25000
6	4	0.600000000000	0.400000000000	5	0.020027500000	0.276210000000	0.002111119508	0.013982459975	25000
6	5	0.600000000000	0.500000000000	1	0.000000000000	0.291993333333	0.000000000000	0.020593570886	25000
6	5	0.600000000000	0.500000000000	2	0.000000000000	0.309126666667	0.000000000000	0.014292087842	25000
6	5	0.600000000000	0.500000000000	3	0.010330000000	0.292266666667	0.002224673948	0.019536276783	25000
6	5	0.600000000000	0.500000000000	4	0.000000000000	0.320610000000	0.000000000000	0.012777673760	25000
6	5	0.600000000000	0.500000000000	5	0.006443750000	0.299993333333	0.001001262185	0.013636850701	25000
6	6	0.600000000000	0.600000000000	1	0.000000000000	0.298063333333	0.000000000000	0.017124326696	25000
6	6	0.600000000000	0.600000000000	2	0.000000000000	0.334220000000	0.000000000000	0.012565142902	25000
6	6	0.600000000000	0.600000000000	3	0.010068750000	0.302336666667	0.002464708040	0.014982137809	25000
6	6	0.600000000000	0.600000000000	4	0.000000000000	0.311576666667	0.000000000000	0.007859056934	25000
6	6	0.600000000000	0.600000000000	5	0.010680000000	0.309200000000	0.001328293779	0.014402572713	25000
6	7	0.600000000000	0.700000000000	1	0.008765000000	0.294033333333	0.001384672278	0.012208974529	25000
6	7	0.600000000000	0.700000000000	2	0.002433750000	0.282133333333	0.000615469122	0.013426600722	25000
6	7	0.600000000000	0.700000000000	3	0.025403750000	0.311803333333	0.001856103056	0.016616982668	25000
6	7	0.600000000000	0.700000000000	4	0.022345000000	0.319893333333	0.002717233586	0.018257106676	25000
6	7	0.600000000000	0.700000000000	5	0.000000000000	0.285550000000	0.000000000000	0.015288271035	25000
6	8	0.600000000000	0.800000000000	1	0.000000000000	0.317816666667	0.000000000000	0.011478401376	25000
6	8	0.600000000000	0.800000000000	2	0.011760000000	0.298376666667	0.002368783683	0.011492857066	25000
6	8	0.600000000000	0.800000000000	3	0.000000000000	0.306373333333	0.000000000000	0.020355601890	16000
6	8	0.600000000000	0.800000000000	4	0.000000000000	0.284023333333	0.000000000000	0.014824878089	25000
6	8	0.600000000000	0.800000000000	5	0.023717500000	0.280776666667	0.004024862515	0.008772201445	25000
6	9	0.600000000000	0.900000000000	1	0.000000000000	0.270116666667	0.000000000000	0.011402473648	25000
6	9	0.600000000000	0.900000000000	2	0.021165000000	0.311873333333	0.005900431348	0.010061625265	25000
6	9	0.600000000000	0.900000000000	3	0.000000000000	0.327683333333	0.000000000000	0.018007146161	14000
6	9	0.600000000000	0.900000000000	4	0.012593750000	0.304680000000	0.001671995516	0.011703328639	25000
6	9	0.600000000000	0.900000000000	5	0.013536250000	0.296183333333	0.002548871355	0.010598786663	25000
6	10	0.600000000000	1.000000000000	1	0.016946250000	1.000000000000	0.002701684203	0.000000000000	20000
6	10	0.600000000000	1.000000000000	2	0.000000000000	1.000000000000	0.000000000000	0.000000000000	18000
6	10	0.600000000000	1.000000000000	3	0.016581250000	1.000000000000	0.004094108286	0.000000000000	6000
6	10	0.600000000000	1.000000000000	4	0.000000000000	1.000000000000	0.000000000000	0.000000000000	14000
6	10	0.600000000000	1.000000000000	5	0.010102500000	1.000000000000	0.001532348473	0.000000000000	8000
7	0	0.700000000000	0.000000000000	1	0.033052500000	0.000000000000	0.003307103065	0.000000000000	25000
7	0	0.700000000000	0.000000000000	2	0.034851250000	0.000000000000	0.002238877735	0.000000000000	18000
7	0	0.700000000000	0.000000000000	3	0.033855000000	0.000000000000	0.003067716722	0.000000000000	25000
7	0	0.700000000000	0.000000000000	4	0.035287500000	0.000000000000	0.004222430896	0.000000000000	18000
7	0	0.700000000000	0.000000000000	5	0.035191250000	0.000000000000	0.002667555396	0.000000000000	25000
7	1	0.700000000000	0.100000000000	1	0.000000000000	0.309373333333	0.000000000000	0.011899299419	25000
7	1	0.700000000000	0.100000000000	2	0.000000000000	0.319716666667	0.000000000000	0.019106901496	25000
7	1	0.700000000000	0.100000000000	3	0.001402500000	0.285536666667	0.000445889636	0.010310537569	25000
7	1	0.700000000000	0.100000000000	4	0.013757500000	0.318590000000	0.001815761752	0.010460464680	25000
7	1	0.700000000000	0.100000000000	5	0.000000000000	0.305030000000	0.000000000000	0.014303197518	25000
7	2	0.700000000000	0.200000000000	1	0.000000000000	0.293996666667	0.000000000000	0.014558110940	25000
7	2	0.700000000000	0.200000000000	2	0.000000000000	0.303086666667	0.000000000000	0.006874087234	25000
7	2	0.700000000000	0.200000000000	3	0.007158750000	0.289310000000	0.000937944923	0.022328113823	25000
7	2	0.700000000000	0.200000000000	4	0.000000000000	0.301180000000	0.000000000000	0.009916055182	20000
7	2	0.700000000000	0.200000000000	5	0.000000000000	0.300043333333	0.000000000000	0.009059198651	20000
7	3	0.700000000000	0.300000000000	1	0.019763750000	0.288286666667	0.002248094163	0.009898721928	25000
7	3	0.700000000000	0.300000000000	2	0.017977500000	0.282556666667	0.002616192503	0.013724132299	25000
7	3	0.700000000000	0.300000000000	3	0.000000000000	0.299643333333	0.000000000000	0.020724705388	22000
7	3	0.700000000000	0.300000000000	4	0.016413750000	0.285843333333	0.001580861335	0.011470654749	25000
7	3	0.700000000000	0.300000000000	5	0.000000000000	0.293570000000	0.000000000000	0.017919219309	22000
7	4	0.700000000000	0.400000000000	1	0.000000000000	0.302626666667	0.000000000000	0.016504400616	25000
7	4	0.700000000000	0.400000000000	2	0.000000000000	0.294126666667	0.000000000000	0.019363511246	25000
7	4	0.700000000000	0.400000000000	3	0.002941250000	0.309746666667	0.000907363900	0.012345913378	25000
7	4	0.700000000000	0.400000000000	4	0.019450000000	0.293946666667	0.002313623317	0.010892822725	25000
7	4	0.700000000000	0.400000000000	5	0.000000000000	0.298613333333	0.000000000000	0.018959986315	25000
7	5	0.700000000000	0.500000000000	1	0.000000000000	0.322290000000	0.000000000000	0.013376236862	25000
7	5	0.700000000000	0.500000000000	2	0.000000000000	0.309630000000	0.000000000000	0.012798185818	25000
7	5	0.700000000000	0.500000000000	3	0.011281250000	0.291516666667	0.001815077255	0.015850196489	25000
7	5	0.700000000000	0.500000000000	4	0.000000000000	0.293556666667	0.000000000000	0.013615838896	25000
7	5	0.700000000000	0.500000000000	5	0.011677500000	0.281830000000	0.002098308044	0.018547404598	25000
7	6	0.700000000000	0.600000000000	1	0.000000000000	0.298030000000	0.000000000000	0.014866670632	25000
7	6	0.700000000000	0.600000000000	2	0.000000000000	0.297946666667	0.000000000000	0.009573570559	25000
7	6	0.700000000000	0.600000000000	3	0.008785000000	0.290296666667	0.002016268916	0.012411886751	25000
7	6	0.700000000000	0.600000000000	4	0.009606250000	0.298560000000	0.001325766229	0.012699908964	25000
7	6	0.700000000000	0.600000000000	5	0.011057500000	0.279620000000	0.001895134635	0.020279715651	25000
7	7	0.700000000000	0.700000000000	1	0.007963750000	0.297676666667	0.000728545961	0.012650689307	25000
7	7	0.700000000000	0.700000000000	2	0.000000000000	0.289800000000	0.000000000000	0.013039129871	25000
7	7	0.700000000000	0.700000000000	3	0.000000000000	0.328566666667	0.000000000000	0.011016160867	25000
7	7	0.700000000000	0.700000000000	4	0.004301250000	0.280126666667	0.000844999978	0.010547547671	25000
7	7	0.700000000000	0.700000000000	5	0.009615000000	0.310020000000	0.002145519343	0.015297430803	16000
7	8	0.700000000000	0.800000000000	1	0.016857500000	0.296313333333	0.003220161205	0.025049559153	25000
7	8	0.700000000000	0.800000000000	2	0.020362500000	0.295020000000	0.002696802086	0.014457130027	25000
7	8	0.700000000000	0.800000000000	3	0.000000000000	0.300056666667	0.000000000000	0.018560925718	25000
7	8	0.700000000000	0.800000000000	4	0.000000000000	0.323866666667	0.000000000000	0.015211554536	20000
7	8	0.700000000000	0.800000000000	5	0.017916250000	0.295556666667	0.001766931092	0.015238478347	25000
7	9	0.700000000000	0.900000000000	1	0.008685000000	0.270316666667	0.001912801299	0.011490991089	25000
7	9	0.700000000000	0.900000000000	2	0.000000000000	0.289476666667	0.000000000000	0.009079752059	25000
7	9	0.700000000000	0.900000000000	3	0.002837500000	0.292213333333	0.000697553102	0.009424021963	25000
7	9	0.700000000000	0.900000000000	4	0.002767500000	0.307766666667	0.001147719918	0.010377750127	25000
7	9	0.700000000000	0.900000000000	5	0.000000000000	0.302290000000	0.000000000000	0.016506413754	25000
7	10	0.700000000000	1.000000000000	1	0.012182500000	1.000000000000	0.002814736487	0.000000000000	25000
7	10	0.700000000000	1.000000000000	2	0.000000000000	1.000000000000	0.000000000000	0.000000000000	12000
7	10	0.700000000000	1.000000000000	3	0.005757500000	1.000000000000	0.001526974263	0.000000000000	22000
7	10	0.700000000000	1.000000000000	4	0.008973750000	1.000000000000	0.001744144626	0.000000000000	22000
7	10	0.700000000000	1.000000000000	5	0.010760000000	1.000000000000	0.002346493348	0.000000000000	25000
