# scan initial plane
# b 1.15
# r 0
# e -0.4
# p12 0.2
# ndiv 8
# n_reps 3
# A:(0,1),	A':(0,0.533),	B:(1,0),	B'=(0.533,0),	C:(1,1),	D:(0,0),	E:(0.308,0.308) 
# columns: ix iy x1_0 x2_0 rep x1_inf x2_inf sigma_1 sigma_2 t_relax
7	0	0.874000000000	0.000000000000	1	0.665706000000	0.000000000000	0.009959556052	0.000000000000	20000
7	0	0.874000000000	0.000000000000	2	0.653162000000	0.000000000000	0.011196567292	0.000000000000	25000
7	0	0.874000000000	0.000000000000	3	0.668538000000	0.000000000000	0.011804656111	0.000000000000	22000
7	1	0.874000000000	0.124000000000	1	0.267120000000	0.421244000000	0.014877598695	0.021809174769	25000
7	1	0.874000000000	0.124000000000	2	0.436932000000	0.254166000000	0.021642730507	0.020515685154	25000
7	1	0.874000000000	0.124000000000	3	0.520562000000	0.165388000000	0.020636133504	0.016645195058	25000
7	2	0.874000000000	0.250000000000	1	0.613194000000	0.077604000000	0.015033708005	0.012517822490	25000
7	2	0.874000000000	0.250000000000	2	0.673300000000	0.000000000000	0.010965319796	0.000000000000	25000
7	2	0.874000000000	0.250000000000	3	0.339324000000	0.341750000000	0.015077212818	0.019043953691	25000
7	3	0.874000000000	0.374000000000	1	0.406530000000	0.274548000000	0.018109750497	0.017241257406	25000
7	3	0.874000000000	0.374000000000	2	0.397982000000	0.295760000000	0.032971302413	0.033599752132	25000
7	3	0.874000000000	0.374000000000	3	0.345416000000	0.341746000000	0.021449639415	0.019000118118	25000
7	4	0.874000000000	0.500000000000	1	0.316852000000	0.367796000000	0.018372033846	0.017205301695	25000
7	4	0.874000000000	0.500000000000	2	0.411288000000	0.274014000000	0.020861069969	0.026629625250	25000
7	4	0.874000000000	0.500000000000	3	0.347042000000	0.331328000000	0.028590621883	0.026983634532	25000
7	5	0.874000000000	0.624000000000	1	0.686114000000	0.000000000000	0.012730792476	0.000000000000	12000
7	5	0.874000000000	0.624000000000	2	0.277628000000	0.401894000000	0.014772401289	0.014677881462	25000
7	5	0.874000000000	0.624000000000	3	0.373056000000	0.297422000000	0.025967502290	0.031252882406	25000
7	6	0.874000000000	0.750000000000	1	0.303744000000	0.385510000000	0.024365552408	0.027534888234	25000
7	6	0.874000000000	0.750000000000	2	0.511106000000	0.167932000000	0.020149510336	0.021760075296	25000
7	6	0.874000000000	0.750000000000	3	0.654584000000	0.000000000000	0.009794839605	0.000000000000	20000
7	7	0.874000000000	0.874000000000	1	0.331900000000	0.347276000000	0.019813696843	0.022161745576	25000
7	7	0.874000000000	0.874000000000	2	0.425588000000	0.255050000000	0.018709256861	0.021002252131	25000
7	7	0.874000000000	0.874000000000	3	0.354958000000	0.335068000000	0.022156740671	0.020710971013	25000
7	8	0.874000000000	1.000000000000	1	0.000000000000	1.000000000000	0.000000000000	0.000000000000	8000
7	8	0.874000000000	1.000000000000	2	0.000000000000	1.000000000000	0.000000000000	0.000000000000	6000
7	8	0.874000000000	1.000000000000	3	0.000000000000	1.000000000000	0.000000000000	0.000000000000	6000
