# scan initial plane
# b 1.174
# r 0
# e -0.4
# p12 0.1
# ndiv 10
# n_reps 5
# A:(0,1),	A':(0,0.230),	B:(1,0),	B'=(0.230,0),	C:(1,1),	D:(0,0),	E:(0.173,0.173) 
# columns: ix iy x1_0 x2_0 rep x1_inf x2_inf sigma_1 sigma_2 t_relax
2	0	0.200000000000	0.000000000000	1	0.217140000000	0.000000000000	0.016377992509	0.000000000000	8000
2	0	0.200000000000	0.000000000000	2	0.207670000000	0.000000000000	0.013449981487	0.000000000000	16000
2	0	0.200000000000	0.000000000000	3	0.216590000000	0.000000000000	0.015315236089	0.000000000000	14000
2	0	0.200000000000	0.000000000000	4	0.205130000000	0.000000000000	0.010947737344	0.000000000000	8000
2	0	0.200000000000	0.000000000000	5	0.210515000000	0.000000000000	0.013322434547	0.000000000000	10000
2	1	0.200000000000	0.100000000000	1	0.145170000000	0.161350000000	0.009839609643	0.017954103983	30000
2	1	0.200000000000	0.100000000000	2	0.153160000000	0.149870000000	0.011240139712	0.012427290032	30000
2	1	0.200000000000	0.100000000000	3	0.152760000000	0.146200000000	0.017721355661	0.018422795646	30000
2	1	0.200000000000	0.100000000000	4	0.155335000000	0.136165000000	0.023546065323	0.015819862295	30000
2	1	0.200000000000	0.100000000000	5	0.137405000000	0.159525000000	0.013301048564	0.011945378482	30000
2	2	0.200000000000	0.200000000000	1	0.142985000000	0.156400000000	0.016877488694	0.023138180036	30000
2	2	0.200000000000	0.200000000000	2	0.156970000000	0.142260000000	0.012067092223	0.012086707099	30000
2	2	0.200000000000	0.200000000000	3	0.153240000000	0.155950000000	0.014598476479	0.011147724959	30000
2	2	0.200000000000	0.200000000000	4	0.146130000000	0.174185000000	0.013618317024	0.020443304618	30000
2	2	0.200000000000	0.200000000000	5	0.140130000000	0.155800000000	0.013866339653	0.011614426154	30000
2	3	0.200000000000	0.300000000000	1	0.156445000000	0.142105000000	0.014671476655	0.014880033279	30000
2	3	0.200000000000	0.300000000000	2	0.167460000000	0.148855000000	0.013659611451	0.017089646896	30000
2	3	0.200000000000	0.300000000000	3	0.145320000000	0.152820000000	0.014342360451	0.012150935982	30000
2	3	0.200000000000	0.300000000000	4	0.144570000000	0.157430000000	0.009197809506	0.017996359881	30000
2	3	0.200000000000	0.300000000000	5	0.163670000000	0.134310000000	0.016389011553	0.016068045372	30000
2	4	0.200000000000	0.400000000000	1	0.158305000000	0.139260000000	0.010766517213	0.011793705588	30000
2	4	0.200000000000	0.400000000000	2	0.147335000000	0.149330000000	0.012182823819	0.012900291373	30000
2	4	0.200000000000	0.400000000000	3	0.143890000000	0.146315000000	0.015660880025	0.013525113815	30000
2	4	0.200000000000	0.400000000000	4	0.150380000000	0.148630000000	0.017702230621	0.015906794967	30000
2	4	0.200000000000	0.400000000000	5	0.148715000000	0.150410000000	0.014341529014	0.018476289489	30000
2	5	0.200000000000	0.500000000000	1	0.145040000000	0.138040000000	0.020946053020	0.010237832447	30000
2	5	0.200000000000	0.500000000000	2	0.149520000000	0.140210000000	0.013566637522	0.013555059559	30000
2	5	0.200000000000	0.500000000000	3	0.138090000000	0.144100000000	0.010005098800	0.012123818993	30000
2	5	0.200000000000	0.500000000000	4	0.145130000000	0.135980000000	0.013983155174	0.012523835133	30000
2	5	0.200000000000	0.500000000000	5	0.143950000000	0.160055000000	0.012564050118	0.011151068170	30000
2	6	0.200000000000	0.600000000000	1	0.142525000000	0.158170000000	0.020057459377	0.021071191117	30000
2	6	0.200000000000	0.600000000000	2	0.152705000000	0.141145000000	0.011556016464	0.011251247289	30000
2	6	0.200000000000	0.600000000000	3	0.144905000000	0.151690000000	0.015730970677	0.012277811069	30000
2	6	0.200000000000	0.600000000000	4	0.141130000000	0.151605000000	0.011591266430	0.011531780303	30000
2	6	0.200000000000	0.600000000000	5	0.156020000000	0.129520000000	0.016066042379	0.016483060738	30000
2	7	0.200000000000	0.700000000000	1	0.164180000000	0.124740000000	0.023147643798	0.020734326908	30000
2	7	0.200000000000	0.700000000000	2	0.145325000000	0.141325000000	0.015606503066	0.018201666838	30000
2	7	0.200000000000	0.700000000000	3	0.146605000000	0.136540000000	0.020985456020	0.016672023163	30000
2	7	0.200000000000	0.700000000000	4	0.159865000000	0.143825000000	0.016449235616	0.015000646466	30000
2	7	0.200000000000	0.700000000000	5	0.137260000000	0.142940000000	0.019263007643	0.020590783870	30000
2	8	0.200000000000	0.800000000000	1	0.156445000000	0.144910000000	0.011957422588	0.012857185042	30000
2	8	0.200000000000	0.800000000000	2	0.150365000000	0.133075000000	0.017359237256	0.013055260044	30000
2	8	0.200000000000	0.800000000000	3	0.149665000000	0.150330000000	0.014027100004	0.011871479774	30000
2	8	0.200000000000	0.800000000000	4	0.156380000000	0.138095000000	0.008736241865	0.018773609760	30000
2	8	0.200000000000	0.800000000000	5	0.149020000000	0.156325000000	0.023001492749	0.016053881216	30000
2	9	0.200000000000	0.900000000000	1	0.153265000000	0.142725000000	0.020245361188	0.013052576173	30000
2	9	0.200000000000	0.900000000000	2	0.162340000000	0.154295000000	0.015571347625	0.011692505706	30000
2	9	0.200000000000	0.900000000000	3	0.150920000000	0.141125000000	0.020622290825	0.016744842930	30000
2	9	0.200000000000	0.900000000000	4	0.140465000000	0.147395000000	0.016108017980	0.014889952508	30000
2	9	0.200000000000	0.900000000000	5	0.144200000000	0.144780000000	0.015665420690	0.013237327027	14000
2	10	0.200000000000	1.000000000000	1	0.000000000000	1.000000000000	0.000000000000	0.000000000000	6000
2	10	0.200000000000	1.000000000000	2	0.000000000000	1.000000000000	0.000000000000	0.000000000000	8000
2	10	0.200000000000	1.000000000000	3	0.000000000000	1.000000000000	0.000000000000	0.000000000000	6000
2	10	0.200000000000	1.000000000000	4	0.000000000000	1.000000000000	0.000000000000	0.000000000000	6000
2	10	0.200000000000	1.000000000000	5	0.000000000000	1.000000000000	0.000000000000	0.000000000000	8000
