# scan initial plane
# b 1.174
# r 0
# e -0.4
# p12 0.1
# ndiv 10
# n_reps 5
# A:(0,1),	A':(0,0.230),	B:(1,0),	B'=(0.230,0),	C:(1,1),	D:(0,0),	E:(0.173,0.173) 
# columns: ix iy x1_0 x2_0 rep x1_inf x2_inf sigma_1 sigma_2 t_relax
9	0	0.900000000000	0.000000000000	1	0.208595000000	0.000000000000	0.012274022431	0.000000000000	8000
9	0	0.900000000000	0.000000000000	2	0.212415000000	0.000000000000	0.013992446661	0.000000000000	30000
9	0	0.900000000000	0.000000000000	3	0.205115000000	0.000000000000	0.014316659587	0.000000000000	20000
9	0	0.900000000000	0.000000000000	4	0.208360000000	0.000000000000	0.015690972137	0.000000000000	24000
9	0	0.900000000000	0.000000000000	5	0.196905000000	0.000000000000	0.015913806089	0.000000000000	20000
9	1	0.900000000000	0.100000000000	1	0.142875000000	0.148920000000	0.016447793314	0.014157472728	30000
9	1	0.900000000000	0.100000000000	2	0.142630000000	0.151675000000	0.020679960367	0.019077036151	30000
9	1	0.900000000000	0.100000000000	3	0.155240000000	0.159190000000	0.017256598454	0.017842708938	30000
9	1	0.900000000000	0.100000000000	4	0.157815000000	0.156410000000	0.016303882715	0.014624492325	30000
9	1	0.900000000000	0.100000000000	5	0.170015000000	0.148320000000	0.011519873371	0.012823495703	30000
9	2	0.900000000000	0.200000000000	1	0.139620000000	0.146475000000	0.013163543553	0.018737675295	30000
9	2	0.900000000000	0.200000000000	2	0.144840000000	0.146340000000	0.022967409560	0.022361897380	30000
9	2	0.900000000000	0.200000000000	3	0.150810000000	0.160245000000	0.016936077785	0.014471503011	30000
9	2	0.900000000000	0.200000000000	4	0.145610000000	0.143880000000	0.013355008658	0.014217867201	30000
9	2	0.900000000000	0.200000000000	5	0.156705000000	0.138170000000	0.011828266267	0.023158960198	30000
9	3	0.900000000000	0.300000000000	1	0.141880000000	0.149690000000	0.010486924028	0.014188206554	30000
9	3	0.900000000000	0.300000000000	2	0.161745000000	0.132745000000	0.014516911370	0.013452544218	30000
9	3	0.900000000000	0.300000000000	3	0.149580000000	0.156715000000	0.020087984646	0.020103181661	30000
9	3	0.900000000000	0.300000000000	4	0.133275000000	0.151005000000	0.014736571567	0.016794255626	30000
9	3	0.900000000000	0.300000000000	5	0.147540000000	0.147025000000	0.016629038605	0.016055595821	30000
9	4	0.900000000000	0.400000000000	1	0.152445000000	0.161980000000	0.013521457200	0.014009849245	30000
9	4	0.900000000000	0.400000000000	2	0.156335000000	0.133680000000	0.013144030605	0.015431971544	30000
9	4	0.900000000000	0.400000000000	3	0.153140000000	0.155905000000	0.016217379671	0.018187544138	30000
9	4	0.900000000000	0.400000000000	4	0.145840000000	0.148165000000	0.018286026872	0.015041077389	30000
9	4	0.900000000000	0.400000000000	5	0.147825000000	0.140795000000	0.013052384447	0.011043773809	18000
9	5	0.900000000000	0.500000000000	1	0.148580000000	0.139550000000	0.013411318483	0.015929571597	28000
9	5	0.900000000000	0.500000000000	2	0.140350000000	0.158520000000	0.016391955228	0.014328814149	30000
9	5	0.900000000000	0.500000000000	3	0.160785000000	0.129685000000	0.015772049091	0.011410783539	30000
9	5	0.900000000000	0.500000000000	4	0.157545000000	0.135960000000	0.017733088773	0.020596179321	30000
9	5	0.900000000000	0.500000000000	5	0.137955000000	0.159410000000	0.023907415995	0.013545677738	30000
9	6	0.900000000000	0.600000000000	1	0.153745000000	0.149650000000	0.017128729327	0.011835014473	30000
9	6	0.900000000000	0.600000000000	2	0.159840000000	0.136350000000	0.014592372574	0.014089926402	30000
9	6	0.900000000000	0.600000000000	3	0.148870000000	0.150005000000	0.016202951448	0.025242070778	30000
9	6	0.900000000000	0.600000000000	4	0.142425000000	0.153935000000	0.011237021209	0.017730062891	30000
9	6	0.900000000000	0.600000000000	5	0.139775000000	0.151160000000	0.015361000467	0.011770426625	30000
9	7	0.900000000000	0.700000000000	1	0.155315000000	0.147330000000	0.016145787731	0.010343020742	30000
9	7	0.900000000000	0.700000000000	2	0.129135000000	0.162320000000	0.016477204656	0.015295474872	30000
9	7	0.900000000000	0.700000000000	3	0.164270000000	0.143265000000	0.015527659457	0.018743427944	30000
9	7	0.900000000000	0.700000000000	4	0.148940000000	0.151480000000	0.020891693633	0.018097987102	30000
9	7	0.900000000000	0.700000000000	5	0.133810000000	0.154095000000	0.019808490005	0.019535547410	16000
9	8	0.900000000000	0.800000000000	1	0.152335000000	0.153330000000	0.015183982624	0.012178235070	30000
9	8	0.900000000000	0.800000000000	2	0.147500000000	0.140650000000	0.012190102485	0.010527978834	30000
9	8	0.900000000000	0.800000000000	3	0.157205000000	0.147530000000	0.010678342662	0.025075443722	30000
9	8	0.900000000000	0.800000000000	4	0.131785000000	0.149820000000	0.015431360987	0.018005326762	30000
9	8	0.900000000000	0.800000000000	5	0.164990000000	0.126570000000	0.013994489835	0.015217314700	30000
9	9	0.900000000000	0.900000000000	1	0.157705000000	0.137145000000	0.019730617635	0.016431493206	30000
9	9	0.900000000000	0.900000000000	2	0.142755000000	0.128370000000	0.014903257432	0.015220866427	30000
9	9	0.900000000000	0.900000000000	3	0.149800000000	0.145645000000	0.016487323368	0.011575533161	30000
9	9	0.900000000000	0.900000000000	4	0.143950000000	0.158015000000	0.024659797355	0.014371545370	30000
9	9	0.900000000000	0.900000000000	5	0.147895000000	0.156290000000	0.015801698284	0.012348618886	30000
9	10	0.900000000000	1.000000000000	1	0.000000000000	1.000000000000	0.000000000000	0.000000000000	6000
9	10	0.900000000000	1.000000000000	2	0.000000000000	1.000000000000	0.000000000000	0.000000000000	8000
9	10	0.900000000000	1.000000000000	3	0.002845000000	1.000000000000	0.003904640985	0.000000000000	6000
9	10	0.900000000000	1.000000000000	4	0.000000000000	1.000000000000	0.000000000000	0.000000000000	8000
9	10	0.900000000000	1.000000000000	5	0.000000000000	1.000000000000	0.000000000000	0.000000000000	6000
