# scan initial plane
# b 1.174
# r 0
# e -0.4
# N1 300
# N2 300
# P11 0.9
# p12 0.3
# P22 0.9
# T_MCS 1000
# T_MAX 30000
# W 2000
# UPDATE_RULE 0
# FERMI_BETA 1
# DEGREE_ALPHA 0.5
# DEGREE_FACTOR_MIN 0.5
# DEGREE_FACTOR_MAX 2
# ndiv 10
# n_reps 5
# A:(0,1),	A':(0,0.690),	B:(1,0),	B'=(0.690,0),	C:(1,1),	D:(0,0),	E:(0.347,0.347) 
# columns: ix iy x1_0 x2_0 rep x1_inf x2_inf sigma_1 sigma_2 t_relax
8	0	0.800000000000	0.000000000000	1	0.698633333333	0.000000000000	0.012336755200	0.000000000000	12000
8	0	0.800000000000	0.000000000000	2	0.698413333333	0.000000000000	0.011587113296	0.000000000000	6000
8	0	0.800000000000	0.000000000000	3	0.702010000000	0.000000000000	0.014122220608	0.000000000000	8000
8	0	0.800000000000	0.000000000000	4	0.700963333333	0.000000000000	0.012515579880	0.000000000000	28000
8	0	0.800000000000	0.000000000000	5	0.706130000000	0.000000000000	0.012412782814	0.000000000000	12000
8	1	0.800000000000	0.100000000000	1	0.690340000000	0.000000000000	0.010271368561	0.000000000000	30000
8	1	0.800000000000	0.100000000000	2	0.710306666667	0.000000000000	0.014346528833	0.000000000000	8000
8	1	0.800000000000	0.100000000000	3	0.687490000000	0.000000000000	0.009616139970	0.000000000000	30000
8	1	0.800000000000	0.100000000000	4	0.692483333333	0.000000000000	0.013819134143	0.000000000000	30000
8	1	0.800000000000	0.100000000000	5	0.699063333333	0.000000000000	0.012739547195	0.000000000000	8000
8	2	0.800000000000	0.200000000000	1	0.691530000000	0.000000000000	0.008708325610	0.000000000000	10000
8	2	0.800000000000	0.200000000000	2	0.697500000000	0.000000000000	0.011031496550	0.000000000000	12000
8	2	0.800000000000	0.200000000000	3	0.696920000000	0.000000000000	0.014394007577	0.000000000000	18000
8	2	0.800000000000	0.200000000000	4	0.690750000000	0.000000000000	0.014080806171	0.000000000000	22000
8	2	0.800000000000	0.200000000000	5	0.693806666667	0.000000000000	0.011315357980	0.000000000000	24000
8	3	0.800000000000	0.300000000000	1	0.688550000000	0.000000000000	0.011901691534	0.000000000000	22000
8	3	0.800000000000	0.300000000000	2	0.694610000000	0.000000000000	0.014622492018	0.000000000000	12000
8	3	0.800000000000	0.300000000000	3	0.696526666667	0.000000000000	0.009933734397	0.000000000000	16000
8	3	0.800000000000	0.300000000000	4	0.698060000000	0.000000000000	0.013989237486	0.000000000000	14000
8	3	0.800000000000	0.300000000000	5	0.694216666667	0.000000000000	0.010556095555	0.000000000000	12000
8	4	0.800000000000	0.400000000000	1	0.711530000000	0.000000000000	0.010927572703	0.000000000000	8000
8	4	0.800000000000	0.400000000000	2	0.705740000000	0.000000000000	0.012320884879	0.000000000000	8000
8	4	0.800000000000	0.400000000000	3	0.695520000000	0.000000000000	0.013944000368	0.000000000000	30000
8	4	0.800000000000	0.400000000000	4	0.681550000000	0.000000000000	0.016684599962	0.000000000000	14000
8	4	0.800000000000	0.400000000000	5	0.700350000000	0.000000000000	0.012099196553	0.000000000000	30000
8	5	0.800000000000	0.500000000000	1	0.692266666667	0.000000000000	0.013851139892	0.000000000000	8000
8	5	0.800000000000	0.500000000000	2	0.685550000000	0.000000000000	0.010586606770	0.000000000000	22000
8	5	0.800000000000	0.500000000000	3	0.702796666667	0.000000000000	0.009445226959	0.000000000000	14000
8	5	0.800000000000	0.500000000000	4	0.687723333333	0.000000000000	0.010756354155	0.000000000000	28000
8	5	0.800000000000	0.500000000000	5	0.703996666667	0.000000000000	0.010755779227	0.000000000000	12000
8	6	0.800000000000	0.600000000000	1	0.709270000000	0.000000000000	0.011726235739	0.000000000000	18000
8	6	0.800000000000	0.600000000000	2	0.692730000000	0.000000000000	0.012841374139	0.000000000000	30000
8	6	0.800000000000	0.600000000000	3	0.704770000000	0.000000000000	0.011614827870	0.000000000000	30000
8	6	0.800000000000	0.600000000000	4	0.689056666667	0.000000000000	0.013586563839	0.000000000000	8000
8	6	0.800000000000	0.600000000000	5	0.688403333333	0.000000000000	0.015257242182	0.000000000000	10000
8	7	0.800000000000	0.700000000000	1	0.690230000000	0.000000000000	0.009437664056	0.000000000000	20000
8	7	0.800000000000	0.700000000000	2	0.000000000000	0.701003333333	0.000000000000	0.010014114719	30000
8	7	0.800000000000	0.700000000000	3	0.699700000000	0.000000000000	0.013916149423	0.000000000000	12000
8	7	0.800000000000	0.700000000000	4	0.696066666667	0.000000000000	0.013976639709	0.000000000000	30000
8	7	0.800000000000	0.700000000000	5	0.701260000000	0.000000000000	0.012559774110	0.000000000000	18000
8	8	0.800000000000	0.800000000000	1	0.000000000000	0.696230000000	0.000000000000	0.010905932913	26000
8	8	0.800000000000	0.800000000000	2	0.704433333333	0.000000000000	0.013896634477	0.000000000000	22000
8	8	0.800000000000	0.800000000000	3	0.000000000000	0.689516666667	0.000000000000	0.015683718774	14000
8	8	0.800000000000	0.800000000000	4	0.701590000000	0.000000000000	0.015480108397	0.000000000000	10000
8	8	0.800000000000	0.800000000000	5	0.000000000000	0.700860000000	0.000000000000	0.010919996016	16000
8	9	0.800000000000	0.900000000000	1	0.000000000000	0.687020000000	0.000000000000	0.014107790077	30000
8	9	0.800000000000	0.900000000000	2	0.000000000000	0.696206666667	0.000000000000	0.012725971489	30000
8	9	0.800000000000	0.900000000000	3	0.000000000000	0.699963333333	0.000000000000	0.011420555356	12000
8	9	0.800000000000	0.900000000000	4	0.000000000000	0.691726666667	0.000000000000	0.009876152228	16000
8	9	0.800000000000	0.900000000000	5	0.000000000000	0.694173333333	0.000000000000	0.013435749470	10000
8	10	0.800000000000	1.000000000000	1	0.000000000000	1.000000000000	0.000000000000	0.000000000000	6000
8	10	0.800000000000	1.000000000000	2	0.000000000000	1.000000000000	0.000000000000	0.000000000000	6000
8	10	0.800000000000	1.000000000000	3	0.000000000000	1.000000000000	0.000000000000	0.000000000000	6000
8	10	0.800000000000	1.000000000000	4	0.000000000000	1.000000000000	0.000000000000	0.000000000000	6000
8	10	0.800000000000	1.000000000000	5	0.000000000000	1.000000000000	0.000000000000	0.000000000000	6000
9	0	0.900000000000	0.000000000000	1	0.695800000000	0.000000000000	0.014372423824	0.000000000000	8000
9	0	0.900000000000	0.000000000000	2	0.683193333333	0.000000000000	0.013933855536	0.000000000000	30000
9	0	0.900000000000	0.000000000000	3	0.697210000000	0.000000000000	0.011614440997	0.000000000000	8000
9	0	0.900000000000	0.000000000000	4	0.693200000000	0.000000000000	0.012045958040	0.000000000000	30000
9	0	0.900000000000	0.000000000000	5	0.692563333333	0.000000000000	0.012197006932	0.000000000000	30000
9	1	0.900000000000	0.100000000000	1	0.708673333333	0.000000000000	0.011015401600	0.000000000000	30000
9	1	0.900000000000	0.100000000000	2	0.711640000000	0.000000000000	0.012242651050	0.000000000000	22000
9	1	0.900000000000	0.100000000000	3	0.690363333333	0.000000000000	0.009673296887	0.000000000000	18000
9	1	0.900000000000	0.100000000000	4	0.709446666667	0.000000000000	0.012497333271	0.000000000000	30000
9	1	0.900000000000	0.100000000000	5	0.705440000000	0.000000000000	0.011775235339	0.000000000000	18000
9	2	0.900000000000	0.200000000000	1	0.701853333333	0.000000000000	0.011404955341	0.000000000000	24000
9	2	0.900000000000	0.200000000000	2	0.695750000000	0.000000000000	0.009151145594	0.000000000000	22000
9	2	0.900000000000	0.200000000000	3	0.702943333333	0.000000000000	0.009210468649	0.000000000000	30000
9	2	0.900000000000	0.200000000000	4	0.689510000000	0.000000000000	0.010593231849	0.000000000000	30000
9	2	0.900000000000	0.200000000000	5	0.692353333333	0.000000000000	0.012469321267	0.000000000000	22000
9	3	0.900000000000	0.300000000000	1	0.696933333333	0.000000000000	0.013734213797	0.000000000000	28000
9	3	0.900000000000	0.300000000000	2	0.698836666667	0.000000000000	0.014422173869	0.000000000000	20000
9	3	0.900000000000	0.300000000000	3	0.685856666667	0.000000000000	0.011827717701	0.000000000000	26000
9	3	0.900000000000	0.300000000000	4	0.692603333333	0.000000000000	0.013724265206	0.000000000000	22000
9	3	0.900000000000	0.300000000000	5	0.691943333333	0.000000000000	0.013668262071	0.000000000000	18000
9	4	0.900000000000	0.400000000000	1	0.690613333333	0.000000000000	0.010375094019	0.000000000000	20000
9	4	0.900000000000	0.400000000000	2	0.695213333333	0.000000000000	0.012567205169	0.000000000000	30000
9	4	0.900000000000	0.400000000000	3	0.695240000000	0.000000000000	0.010056461670	0.000000000000	18000
9	4	0.900000000000	0.400000000000	4	0.692193333333	0.000000000000	0.013970047562	0.000000000000	14000
9	4	0.900000000000	0.400000000000	5	0.701780000000	0.000000000000	0.010337882043	0.000000000000	8000
9	5	0.900000000000	0.500000000000	1	0.704306666667	0.000000000000	0.012390207851	0.000000000000	30000
9	5	0.900000000000	0.500000000000	2	0.684453333333	0.000000000000	0.010844193371	0.000000000000	6000
9	5	0.900000000000	0.500000000000	3	0.711740000000	0.000000000000	0.013204885127	0.000000000000	30000
9	5	0.900000000000	0.500000000000	4	0.680913333333	0.000000000000	0.012265790034	0.000000000000	10000
9	5	0.900000000000	0.500000000000	5	0.681593333333	0.000000000000	0.012179612686	0.000000000000	30000
9	6	0.900000000000	0.600000000000	1	0.705370000000	0.000000000000	0.015641006183	0.000000000000	30000
9	6	0.900000000000	0.600000000000	2	0.692623333333	0.000000000000	0.013056702823	0.000000000000	12000
9	6	0.900000000000	0.600000000000	3	0.698923333333	0.000000000000	0.010958243208	0.000000000000	20000
9	6	0.900000000000	0.600000000000	4	0.697743333333	0.000000000000	0.014234116257	0.000000000000	14000
9	6	0.900000000000	0.600000000000	5	0.678320000000	0.000000000000	0.012746505668	0.000000000000	18000
9	7	0.900000000000	0.700000000000	1	0.706706666667	0.000000000000	0.011042760741	0.000000000000	10000
9	7	0.900000000000	0.700000000000	2	0.695610000000	0.000000000000	0.010634686272	0.000000000000	30000
9	7	0.900000000000	0.700000000000	3	0.709116666667	0.000000000000	0.009858736973	0.000000000000	30000
9	7	0.900000000000	0.700000000000	4	0.688506666667	0.000000000000	0.011828350072	0.000000000000	30000
9	7	0.900000000000	0.700000000000	5	0.698800000000	0.000000000000	0.010722119788	0.000000000000	30000
9	8	0.900000000000	0.800000000000	1	0.692673333333	0.000000000000	0.012568484843	0.000000000000	26000
9	8	0.900000000000	0.800000000000	2	0.699093333333	0.000000000000	0.009140590508	0.000000000000	10000
9	8	0.900000000000	0.800000000000	3	0.692973333333	0.000000000000	0.015722801766	0.000000000000	22000
9	8	0.900000000000	0.800000000000	4	0.699260000000	0.000000000000	0.010684875599	0.000000000000	8000
9	8	0.900000000000	0.800000000000	5	0.684193333333	0.000000000000	0.011525523074	0.000000000000	30000
9	9	0.900000000000	0.900000000000	1	0.000000000000	0.693336666667	0.000000000000	0.009507385512	20000
9	9	0.900000000000	0.900000000000	2	0.688270000000	0.000000000000	0.012550261093	0.000000000000	26000
9	9	0.900000000000	0.900000000000	3	0.698716666667	0.000000000000	0.012105078348	0.000000000000	14000
9	9	0.900000000000	0.900000000000	4	0.000000000000	0.695076666667	0.000000000000	0.011564075842	10000
9	9	0.900000000000	0.900000000000	5	0.700123333333	0.000000000000	0.010942479613	0.000000000000	28000
9	10	0.900000000000	1.000000000000	1	0.000000000000	1.000000000000	0.000000000000	0.000000000000	6000
9	10	0.900000000000	1.000000000000	2	0.000000000000	1.000000000000	0.000000000000	0.000000000000	6000
9	10	0.900000000000	1.000000000000	3	0.000000000000	1.000000000000	0.000000000000	0.000000000000	6000
9	10	0.900000000000	1.000000000000	4	0.000000000000	1.000000000000	0.000000000000	0.000000000000	6000
9	10	0.900000000000	1.000000000000	5	0.000000000000	1.000000000000	0.000000000000	0.000000000000	6000
