# scan initial plane
# b 1.174
# r 0
# e -0.4
# N1 300
# N2 300
# P11 0.9
# p12 0.3
# P22 0.9
# T_MCS 1000
# T_MAX 30000
# W 2000
# UPDATE_RULE 0
# FERMI_BETA 1
# DEGREE_ALPHA 0.5
# DEGREE_FACTOR_MIN 0.5
# DEGREE_FACTOR_MAX 2
# ndiv 10
# n_reps 5
# A:(0,1),	A':(0,0.690),	B:(1,0),	B'=(0.690,0),	C:(1,1),	D:(0,0),	E:(0.347,0.347) 
# columns: ix iy x1_0 x2_0 rep x1_inf x2_inf sigma_1 sigma_2 t_relax
4	0	0.400000000000	0.000000000000	1	0.686590000000	0.000000000000	0.011219923153	0.000000000000	6000
4	0	0.400000000000	0.000000000000	2	0.690156666667	0.000000000000	0.011581048629	0.000000000000	4000
4	0	0.400000000000	0.000000000000	3	0.694510000000	0.000000000000	0.011508601282	0.000000000000	6000
4	0	0.400000000000	0.000000000000	4	0.695043333333	0.000000000000	0.012752545483	0.000000000000	30000
4	0	0.400000000000	0.000000000000	5	0.692056666667	0.000000000000	0.010648169126	0.000000000000	26000
4	1	0.400000000000	0.100000000000	1	0.689546666667	0.000000000000	0.013278794027	0.000000000000	8000
4	1	0.400000000000	0.100000000000	2	0.685656666667	0.000000000000	0.010424848505	0.000000000000	30000
4	1	0.400000000000	0.100000000000	3	0.707220000000	0.000000000000	0.010590634510	0.000000000000	30000
4	1	0.400000000000	0.100000000000	4	0.695470000000	0.000000000000	0.010428543579	0.000000000000	26000
4	1	0.400000000000	0.100000000000	5	0.686020000000	0.000000000000	0.013345158253	0.000000000000	18000
4	2	0.400000000000	0.200000000000	1	0.688546666667	0.000000000000	0.011689597561	0.000000000000	30000
4	2	0.400000000000	0.200000000000	2	0.696563333333	0.000000000000	0.010998447328	0.000000000000	10000
4	2	0.400000000000	0.200000000000	3	0.685446666667	0.000000000000	0.011417226641	0.000000000000	14000
4	2	0.400000000000	0.200000000000	4	0.709556666667	0.000000000000	0.013185411955	0.000000000000	6000
4	2	0.400000000000	0.200000000000	5	0.692666666667	0.000000000000	0.013333333333	0.000000000000	12000
4	3	0.400000000000	0.300000000000	1	0.685356666667	0.000000000000	0.009960745443	0.000000000000	18000
4	3	0.400000000000	0.300000000000	2	0.695693333333	0.000000000000	0.014426621791	0.000000000000	18000
4	3	0.400000000000	0.300000000000	3	0.697280000000	0.000000000000	0.011519107839	0.000000000000	20000
4	3	0.400000000000	0.300000000000	4	0.697533333333	0.000000000000	0.010032978653	0.000000000000	6000
4	3	0.400000000000	0.300000000000	5	0.000000000000	0.688360000000	0.000000000000	0.012638702602	30000
4	4	0.400000000000	0.400000000000	1	0.693196666667	0.000000000000	0.011940664020	0.000000000000	18000
4	4	0.400000000000	0.400000000000	2	0.685803333333	0.000000000000	0.013991878016	0.000000000000	30000
4	4	0.400000000000	0.400000000000	3	0.000000000000	0.693343333333	0.000000000000	0.011668211443	10000
4	4	0.400000000000	0.400000000000	4	0.676546666667	0.000000000000	0.011924531904	0.000000000000	26000
4	4	0.400000000000	0.400000000000	5	0.000000000000	0.697870000000	0.000000000000	0.013285147749	14000
4	5	0.400000000000	0.500000000000	1	0.000000000000	0.689996666667	0.000000000000	0.011750851707	22000
4	5	0.400000000000	0.500000000000	2	0.000000000000	0.706580000000	0.000000000000	0.012920418100	16000
4	5	0.400000000000	0.500000000000	3	0.000000000000	0.689546666667	0.000000000000	0.012500474465	12000
4	5	0.400000000000	0.500000000000	4	0.000000000000	0.697400000000	0.000000000000	0.010347966648	30000
4	5	0.400000000000	0.500000000000	5	0.000000000000	0.699603333333	0.000000000000	0.010600289279	20000
4	6	0.400000000000	0.600000000000	1	0.000000000000	0.691423333333	0.000000000000	0.012698724426	30000
4	6	0.400000000000	0.600000000000	2	0.000000000000	0.695496666667	0.000000000000	0.012202549916	18000
4	6	0.400000000000	0.600000000000	3	0.000000000000	0.701180000000	0.000000000000	0.011064307832	20000
4	6	0.400000000000	0.600000000000	4	0.000000000000	0.720136666667	0.000000000000	0.015413089567	14000
4	6	0.400000000000	0.600000000000	5	0.000000000000	0.693376666667	0.000000000000	0.010590837720	24000
4	7	0.400000000000	0.700000000000	1	0.000000000000	0.681170000000	0.000000000000	0.011517975680	28000
4	7	0.400000000000	0.700000000000	2	0.000000000000	0.690646666667	0.000000000000	0.012500857050	30000
4	7	0.400000000000	0.700000000000	3	0.000000000000	0.697213333333	0.000000000000	0.014730404171	30000
4	7	0.400000000000	0.700000000000	4	0.000000000000	0.690513333333	0.000000000000	0.012380126583	28000
4	7	0.400000000000	0.700000000000	5	0.000000000000	0.704836666667	0.000000000000	0.012811614250	6000
4	8	0.400000000000	0.800000000000	1	0.000000000000	0.706280000000	0.000000000000	0.013227198532	18000
4	8	0.400000000000	0.800000000000	2	0.000000000000	0.692876666667	0.000000000000	0.012872513414	14000
4	8	0.400000000000	0.800000000000	3	0.000000000000	0.692350000000	0.000000000000	0.009213284259	6000
4	8	0.400000000000	0.800000000000	4	0.000000000000	0.690516666667	0.000000000000	0.013489647204	18000
4	8	0.400000000000	0.800000000000	5	0.000000000000	0.688533333333	0.000000000000	0.011478607280	10000
4	9	0.400000000000	0.900000000000	1	0.000000000000	0.694766666667	0.000000000000	0.014213953740	30000
4	9	0.400000000000	0.900000000000	2	0.000000000000	0.692756666667	0.000000000000	0.012992417987	12000
4	9	0.400000000000	0.900000000000	3	0.000000000000	0.699270000000	0.000000000000	0.010193893265	12000
4	9	0.400000000000	0.900000000000	4	0.000000000000	0.703706666667	0.000000000000	0.014923322351	30000
4	9	0.400000000000	0.900000000000	5	0.000000000000	0.693323333333	0.000000000000	0.011695821810	30000
4	10	0.400000000000	1.000000000000	1	0.000000000000	1.000000000000	0.000000000000	0.000000000000	6000
4	10	0.400000000000	1.000000000000	2	0.000000000000	1.000000000000	0.000000000000	0.000000000000	6000
4	10	0.400000000000	1.000000000000	3	0.000000000000	1.000000000000	0.000000000000	0.000000000000	6000
4	10	0.400000000000	1.000000000000	4	0.000000000000	1.000000000000	0.000000000000	0.000000000000	6000
4	10	0.400000000000	1.000000000000	5	0.000000000000	1.000000000000	0.000000000000	0.000000000000	6000
5	0	0.500000000000	0.000000000000	1	0.686436666667	0.000000000000	0.011439705230	0.000000000000	20000
5	0	0.500000000000	0.000000000000	2	0.685636666667	0.000000000000	0.016094454473	0.000000000000	10000
5	0	0.500000000000	0.000000000000	3	0.689803333333	0.000000000000	0.013325622979	0.000000000000	4000
5	0	0.500000000000	0.000000000000	4	0.702586666667	0.000000000000	0.013536089339	0.000000000000	30000
5	0	0.500000000000	0.000000000000	5	0.689206666667	0.000000000000	0.014206226929	0.000000000000	4000
5	1	0.500000000000	0.100000000000	1	0.685846666667	0.000000000000	0.010544873157	0.000000000000	14000
5	1	0.500000000000	0.100000000000	2	0.699326666667	0.000000000000	0.009944342946	0.000000000000	30000
5	1	0.500000000000	0.100000000000	3	0.697480000000	0.000000000000	0.010489341874	0.000000000000	30000
5	1	0.500000000000	0.100000000000	4	0.689926666667	0.000000000000	0.012425516493	0.000000000000	30000
5	1	0.500000000000	0.100000000000	5	0.701763333333	0.000000000000	0.012058305227	0.000000000000	16000
5	2	0.500000000000	0.200000000000	1	0.696540000000	0.000000000000	0.012347864538	0.000000000000	16000
5	2	0.500000000000	0.200000000000	2	0.693226666667	0.000000000000	0.010029971768	0.000000000000	30000
5	2	0.500000000000	0.200000000000	3	0.698843333333	0.000000000000	0.010019773022	0.000000000000	30000
5	2	0.500000000000	0.200000000000	4	0.706313333333	0.000000000000	0.009693767311	0.000000000000	8000
5	2	0.500000000000	0.200000000000	5	0.705940000000	0.000000000000	0.011729762174	0.000000000000	6000
5	3	0.500000000000	0.300000000000	1	0.708083333333	0.000000000000	0.010365565346	0.000000000000	30000
5	3	0.500000000000	0.300000000000	2	0.691956666667	0.000000000000	0.012309918796	0.000000000000	10000
5	3	0.500000000000	0.300000000000	3	0.687903333333	0.000000000000	0.016478874961	0.000000000000	14000
5	3	0.500000000000	0.300000000000	4	0.691366666667	0.000000000000	0.013481781228	0.000000000000	24000
5	3	0.500000000000	0.300000000000	5	0.687963333333	0.000000000000	0.010899730563	0.000000000000	24000
5	4	0.500000000000	0.400000000000	1	0.687390000000	0.000000000000	0.012460553263	0.000000000000	18000
5	4	0.500000000000	0.400000000000	2	0.000000000000	0.693733333333	0.000000000000	0.010959729523	30000
5	4	0.500000000000	0.400000000000	3	0.698390000000	0.000000000000	0.011796532087	0.000000000000	8000
5	4	0.500000000000	0.400000000000	4	0.696643333333	0.000000000000	0.013603760349	0.000000000000	18000
5	4	0.500000000000	0.400000000000	5	0.688490000000	0.000000000000	0.011382956291	0.000000000000	16000
5	5	0.500000000000	0.500000000000	1	0.692410000000	0.000000000000	0.012267307418	0.000000000000	24000
5	5	0.500000000000	0.500000000000	2	0.000000000000	0.709843333333	0.000000000000	0.014068326760	30000
5	5	0.500000000000	0.500000000000	3	0.000000000000	0.696113333333	0.000000000000	0.012013618861	8000
5	5	0.500000000000	0.500000000000	4	0.683433333333	0.000000000000	0.009293290813	0.000000000000	28000
5	5	0.500000000000	0.500000000000	5	0.690930000000	0.000000000000	0.013192937430	0.000000000000	14000
5	6	0.500000000000	0.600000000000	1	0.000000000000	0.689213333333	0.000000000000	0.011625866022	30000
5	6	0.500000000000	0.600000000000	2	0.000000000000	0.697050000000	0.000000000000	0.013059319416	30000
5	6	0.500000000000	0.600000000000	3	0.000000000000	0.699353333333	0.000000000000	0.010168398579	30000
5	6	0.500000000000	0.600000000000	4	0.000000000000	0.699433333333	0.000000000000	0.011330712763	30000
5	6	0.500000000000	0.600000000000	5	0.000000000000	0.698850000000	0.000000000000	0.012140492503	14000
5	7	0.500000000000	0.700000000000	1	0.000000000000	0.704746666667	0.000000000000	0.011019756578	20000
5	7	0.500000000000	0.700000000000	2	0.000000000000	0.701956666667	0.000000000000	0.013779017268	30000
5	7	0.500000000000	0.700000000000	3	0.000000000000	0.691866666667	0.000000000000	0.011604845980	30000
5	7	0.500000000000	0.700000000000	4	0.000000000000	0.703493333333	0.000000000000	0.014294554552	18000
5	7	0.500000000000	0.700000000000	5	0.000000000000	0.700506666667	0.000000000000	0.011488532821	20000
5	8	0.500000000000	0.800000000000	1	0.000000000000	0.705653333333	0.000000000000	0.014305399914	18000
5	8	0.500000000000	0.800000000000	2	0.000000000000	0.704286666667	0.000000000000	0.010808802338	20000
5	8	0.500000000000	0.800000000000	3	0.000000000000	0.694316666667	0.000000000000	0.011878399478	10000
5	8	0.500000000000	0.800000000000	4	0.000000000000	0.702663333333	0.000000000000	0.012138029704	30000
5	8	0.500000000000	0.800000000000	5	0.000000000000	0.693083333333	0.000000000000	0.012278682495	30000
5	9	0.500000000000	0.900000000000	1	0.000000000000	0.687000000000	0.000000000000	0.014769199042	6000
5	9	0.500000000000	0.900000000000	2	0.000000000000	0.697180000000	0.000000000000	0.013619013252	10000
5	9	0.500000000000	0.900000000000	3	0.000000000000	0.685063333333	0.000000000000	0.012192446668	16000
5	9	0.500000000000	0.900000000000	4	0.000000000000	0.696286666667	0.000000000000	0.015410810916	18000
5	9	0.500000000000	0.900000000000	5	0.000000000000	0.686896666667	0.000000000000	0.011646862929	30000
5	10	0.500000000000	1.000000000000	1	0.000000000000	1.000000000000	0.000000000000	0.000000000000	6000
5	10	0.500000000000	1.000000000000	2	0.000000000000	1.000000000000	0.000000000000	0.000000000000	6000
5	10	0.500000000000	1.000000000000	3	0.000000000000	1.000000000000	0.000000000000	0.000000000000	6000
5	10	0.500000000000	1.000000000000	4	0.000000000000	1.000000000000	0.000000000000	0.000000000000	6000
5	10	0.500000000000	1.000000000000	5	0.000000000000	1.000000000000	0.000000000000	0.000000000000	6000
