# scan initial plane
# b 1.174
# r 0
# e -0.4
# N1 300
# N2 300
# P11 0.9
# p12 0.3
# P22 0.9
# T_MCS 1000
# T_MAX 30000
# W 2000
# UPDATE_RULE 0
# FERMI_BETA 1
# DEGREE_ALPHA 0.5
# DEGREE_FACTOR_MIN 0.5
# DEGREE_FACTOR_MAX 2
# ndiv 10
# n_reps 5
# A:(0,1),	A':(0,0.690),	B:(1,0),	B'=(0.690,0),	C:(1,1),	D:(0,0),	E:(0.347,0.347) 
# columns: ix iy x1_0 x2_0 rep x1_inf x2_inf sigma_1 sigma_2 t_relax
6	0	0.600000000000	0.000000000000	1	0.695576666667	0.000000000000	0.007921643151	0.000000000000	6000
6	0	0.600000000000	0.000000000000	2	0.689323333333	0.000000000000	0.012683440328	0.000000000000	6000
6	0	0.600000000000	0.000000000000	3	0.702126666667	0.000000000000	0.011350257242	0.000000000000	30000
6	0	0.600000000000	0.000000000000	4	0.707963333333	0.000000000000	0.010694740646	0.000000000000	4000
6	0	0.600000000000	0.000000000000	5	0.698333333333	0.000000000000	0.014652008327	0.000000000000	10000
6	1	0.600000000000	0.100000000000	1	0.698886666667	0.000000000000	0.011694610702	0.000000000000	10000
6	1	0.600000000000	0.100000000000	2	0.697020000000	0.000000000000	0.009648916544	0.000000000000	30000
6	1	0.600000000000	0.100000000000	3	0.693303333333	0.000000000000	0.012371424823	0.000000000000	30000
6	1	0.600000000000	0.100000000000	4	0.695913333333	0.000000000000	0.013813881142	0.000000000000	30000
6	1	0.600000000000	0.100000000000	5	0.706076666667	0.000000000000	0.013020039225	0.000000000000	22000
6	2	0.600000000000	0.200000000000	1	0.717066666667	0.000000000000	0.009912081541	0.000000000000	6000
6	2	0.600000000000	0.200000000000	2	0.689013333333	0.000000000000	0.011958843894	0.000000000000	10000
6	2	0.600000000000	0.200000000000	3	0.694553333333	0.000000000000	0.010460450326	0.000000000000	30000
6	2	0.600000000000	0.200000000000	4	0.691786666667	0.000000000000	0.016863602587	0.000000000000	8000
6	2	0.600000000000	0.200000000000	5	0.694523333333	0.000000000000	0.009378146267	0.000000000000	24000
6	3	0.600000000000	0.300000000000	1	0.700850000000	0.000000000000	0.014413987679	0.000000000000	30000
6	3	0.600000000000	0.300000000000	2	0.706953333333	0.000000000000	0.012773796655	0.000000000000	30000
6	3	0.600000000000	0.300000000000	3	0.684720000000	0.000000000000	0.012050824782	0.000000000000	16000
6	3	0.600000000000	0.300000000000	4	0.693416666667	0.000000000000	0.011819450987	0.000000000000	16000
6	3	0.600000000000	0.300000000000	5	0.692793333333	0.000000000000	0.012055813184	0.000000000000	20000
6	4	0.600000000000	0.400000000000	1	0.700430000000	0.000000000000	0.010181513034	0.000000000000	18000
6	4	0.600000000000	0.400000000000	2	0.000000000000	0.699110000000	0.000000000000	0.013031156678	30000
6	4	0.600000000000	0.400000000000	3	0.710230000000	0.000000000000	0.012412406475	0.000000000000	30000
6	4	0.600000000000	0.400000000000	4	0.696800000000	0.000000000000	0.012622175697	0.000000000000	8000
6	4	0.600000000000	0.400000000000	5	0.690790000000	0.000000000000	0.009787436648	0.000000000000	8000
6	5	0.600000000000	0.500000000000	1	0.695426666667	0.000000000000	0.012944624237	0.000000000000	12000
6	5	0.600000000000	0.500000000000	2	0.703926666667	0.000000000000	0.014758017752	0.000000000000	12000
6	5	0.600000000000	0.500000000000	3	0.681196666667	0.000000000000	0.012168925108	0.000000000000	24000
6	5	0.600000000000	0.500000000000	4	0.702536666667	0.000000000000	0.011588291488	0.000000000000	20000
6	5	0.600000000000	0.500000000000	5	0.690646666667	0.000000000000	0.013135995455	0.000000000000	30000
6	6	0.600000000000	0.600000000000	1	0.697660000000	0.000000000000	0.013144811713	0.000000000000	30000
6	6	0.600000000000	0.600000000000	2	0.000000000000	0.695916666667	0.000000000000	0.014908751859	16000
6	6	0.600000000000	0.600000000000	3	0.000000000000	0.699983333333	0.000000000000	0.011603204582	18000
6	6	0.600000000000	0.600000000000	4	0.000000000000	0.693946666667	0.000000000000	0.017645322379	30000
6	6	0.600000000000	0.600000000000	5	0.000000000000	0.691506666667	0.000000000000	0.010075731478	10000
6	7	0.600000000000	0.700000000000	1	0.000000000000	0.695430000000	0.000000000000	0.016282649327	28000
6	7	0.600000000000	0.700000000000	2	0.000000000000	0.686423333333	0.000000000000	0.010360894605	18000
6	7	0.600000000000	0.700000000000	3	0.000000000000	0.706880000000	0.000000000000	0.011170961928	30000
6	7	0.600000000000	0.700000000000	4	0.000000000000	0.699230000000	0.000000000000	0.011599688094	18000
6	7	0.600000000000	0.700000000000	5	0.000000000000	0.703226666667	0.000000000000	0.013270194181	30000
6	8	0.600000000000	0.800000000000	1	0.000000000000	0.693310000000	0.000000000000	0.014042276524	16000
6	8	0.600000000000	0.800000000000	2	0.000000000000	0.700116666667	0.000000000000	0.013260467815	30000
6	8	0.600000000000	0.800000000000	3	0.000000000000	0.703726666667	0.000000000000	0.010956926212	30000
6	8	0.600000000000	0.800000000000	4	0.000000000000	0.699820000000	0.000000000000	0.012104301472	10000
6	8	0.600000000000	0.800000000000	5	0.000000000000	0.701553333333	0.000000000000	0.011049299541	26000
6	9	0.600000000000	0.900000000000	1	0.000000000000	0.701773333333	0.000000000000	0.012753916878	10000
6	9	0.600000000000	0.900000000000	2	0.000000000000	0.686446666667	0.000000000000	0.013105173322	30000
6	9	0.600000000000	0.900000000000	3	0.000000000000	0.696333333333	0.000000000000	0.013555867339	12000
6	9	0.600000000000	0.900000000000	4	0.000000000000	0.689760000000	0.000000000000	0.011103508911	30000
6	9	0.600000000000	0.900000000000	5	0.000000000000	0.705206666667	0.000000000000	0.009887677491	30000
6	10	0.600000000000	1.000000000000	1	0.000000000000	1.000000000000	0.000000000000	0.000000000000	6000
6	10	0.600000000000	1.000000000000	2	0.000000000000	1.000000000000	0.000000000000	0.000000000000	6000
6	10	0.600000000000	1.000000000000	3	0.000000000000	1.000000000000	0.000000000000	0.000000000000	6000
6	10	0.600000000000	1.000000000000	4	0.000000000000	1.000000000000	0.000000000000	0.000000000000	6000
6	10	0.600000000000	1.000000000000	5	0.000000000000	1.000000000000	0.000000000000	0.000000000000	6000
7	0	0.700000000000	0.000000000000	1	0.688096666667	0.000000000000	0.010671461531	0.000000000000	22000
7	0	0.700000000000	0.000000000000	2	0.705933333333	0.000000000000	0.014389902415	0.000000000000	30000
7	0	0.700000000000	0.000000000000	3	0.707290000000	0.000000000000	0.013416503614	0.000000000000	14000
7	0	0.700000000000	0.000000000000	4	0.693720000000	0.000000000000	0.009915976667	0.000000000000	26000
7	0	0.700000000000	0.000000000000	5	0.694873333333	0.000000000000	0.012578993422	0.000000000000	16000
7	1	0.700000000000	0.100000000000	1	0.685513333333	0.000000000000	0.011984810392	0.000000000000	30000
7	1	0.700000000000	0.100000000000	2	0.690576666667	0.000000000000	0.011583103665	0.000000000000	28000
7	1	0.700000000000	0.100000000000	3	0.688670000000	0.000000000000	0.012193431829	0.000000000000	12000
7	1	0.700000000000	0.100000000000	4	0.696386666667	0.000000000000	0.012372335053	0.000000000000	14000
7	1	0.700000000000	0.100000000000	5	0.685080000000	0.000000000000	0.014701048668	0.000000000000	24000
7	2	0.700000000000	0.200000000000	1	0.699793333333	0.000000000000	0.009524424929	0.000000000000	12000
7	2	0.700000000000	0.200000000000	2	0.697633333333	0.000000000000	0.011130063916	0.000000000000	30000
7	2	0.700000000000	0.200000000000	3	0.687466666667	0.000000000000	0.012393647219	0.000000000000	24000
7	2	0.700000000000	0.200000000000	4	0.697730000000	0.000000000000	0.014182674228	0.000000000000	14000
7	2	0.700000000000	0.200000000000	5	0.691420000000	0.000000000000	0.013075809689	0.000000000000	30000
7	3	0.700000000000	0.300000000000	1	0.695843333333	0.000000000000	0.013521359829	0.000000000000	10000
7	3	0.700000000000	0.300000000000	2	0.698616666667	0.000000000000	0.011363879129	0.000000000000	16000
7	3	0.700000000000	0.300000000000	3	0.694183333333	0.000000000000	0.012257195844	0.000000000000	8000
7	3	0.700000000000	0.300000000000	4	0.701136666667	0.000000000000	0.012023925561	0.000000000000	30000
7	3	0.700000000000	0.300000000000	5	0.692430000000	0.000000000000	0.018371455799	0.000000000000	18000
7	4	0.700000000000	0.400000000000	1	0.696133333333	0.000000000000	0.013700483890	0.000000000000	16000
7	4	0.700000000000	0.400000000000	2	0.688640000000	0.000000000000	0.013392235594	0.000000000000	28000
7	4	0.700000000000	0.400000000000	3	0.691033333333	0.000000000000	0.011209722570	0.000000000000	30000
7	4	0.700000000000	0.400000000000	4	0.708636666667	0.000000000000	0.011086920112	0.000000000000	14000
7	4	0.700000000000	0.400000000000	5	0.689716666667	0.000000000000	0.013818248788	0.000000000000	10000
7	5	0.700000000000	0.500000000000	1	0.691446666667	0.000000000000	0.013507226076	0.000000000000	16000
7	5	0.700000000000	0.500000000000	2	0.685966666667	0.000000000000	0.013202519788	0.000000000000	16000
7	5	0.700000000000	0.500000000000	3	0.699470000000	0.000000000000	0.011018492358	0.000000000000	20000
7	5	0.700000000000	0.500000000000	4	0.690456666667	0.000000000000	0.012203658210	0.000000000000	30000
7	5	0.700000000000	0.500000000000	5	0.695610000000	0.000000000000	0.011129369883	0.000000000000	26000
7	6	0.700000000000	0.600000000000	1	0.687690000000	0.000000000000	0.011223035382	0.000000000000	14000
7	6	0.700000000000	0.600000000000	2	0.000000000000	0.698283333333	0.000000000000	0.013465219845	14000
7	6	0.700000000000	0.600000000000	3	0.685103333333	0.000000000000	0.013372913808	0.000000000000	24000
7	6	0.700000000000	0.600000000000	4	0.000000000000	0.700836666667	0.000000000000	0.012059614923	18000
7	6	0.700000000000	0.600000000000	5	0.695386666667	0.000000000000	0.011612579712	0.000000000000	10000
7	7	0.700000000000	0.700000000000	1	0.000000000000	0.698760000000	0.000000000000	0.013177102718	30000
7	7	0.700000000000	0.700000000000	2	0.699780000000	0.000000000000	0.012734135332	0.000000000000	12000
7	7	0.700000000000	0.700000000000	3	0.000000000000	0.704336666667	0.000000000000	0.009952841199	30000
7	7	0.700000000000	0.700000000000	4	0.000000000000	0.698536666667	0.000000000000	0.012774525852	22000
7	7	0.700000000000	0.700000000000	5	0.698766666667	0.000000000000	0.010582574345	0.000000000000	30000
7	8	0.700000000000	0.800000000000	1	0.000000000000	0.701323333333	0.000000000000	0.014446134882	14000
7	8	0.700000000000	0.800000000000	2	0.000000000000	0.705783333333	0.000000000000	0.014004930651	16000
7	8	0.700000000000	0.800000000000	3	0.000000000000	0.699983333333	0.000000000000	0.009427485805	18000
7	8	0.700000000000	0.800000000000	4	0.000000000000	0.685143333333	0.000000000000	0.016762205649	30000
7	8	0.700000000000	0.800000000000	5	0.000000000000	0.698276666667	0.000000000000	0.011297589811	10000
7	9	0.700000000000	0.900000000000	1	0.000000000000	0.703350000000	0.000000000000	0.014094464577	24000
7	9	0.700000000000	0.900000000000	2	0.000000000000	0.695536666667	0.000000000000	0.010711574947	8000
7	9	0.700000000000	0.900000000000	3	0.000000000000	0.693450000000	0.000000000000	0.012124816611	16000
7	9	0.700000000000	0.900000000000	4	0.000000000000	0.705736666667	0.000000000000	0.013583390497	10000
7	9	0.700000000000	0.900000000000	5	0.000000000000	0.694960000000	0.000000000000	0.012463206220	8000
7	10	0.700000000000	1.000000000000	1	0.000000000000	1.000000000000	0.000000000000	0.000000000000	6000
7	10	0.700000000000	1.000000000000	2	0.000000000000	1.000000000000	0.000000000000	0.000000000000	6000
7	10	0.700000000000	1.000000000000	3	0.000000000000	1.000000000000	0.000000000000	0.000000000000	6000
7	10	0.700000000000	1.000000000000	4	0.000000000000	1.000000000000	0.000000000000	0.000000000000	6000
7	10	0.700000000000	1.000000000000	5	0.000000000000	1.000000000000	0.000000000000	0.000000000000	6000
