# scan initial plane
# b 1.2
# r 0
# e -0.4
# p12 0.2
# ndiv 12
# n_reps 5
# A:(0,1),	A':(0,0.300),	B:(1,0),	B'=(0.533,0),	C:(1,1),	D:(0,0),	E:(0.458,0.094) 
# columns: ix iy x1_0 x2_0 rep x1_inf x2_inf sigma_1 sigma_2 t_relax
10	0	0.833333333333	0.000000000000	1	0.435300000000	0.000000000000	0.036548616347	0.000000000000	24000
10	0	0.833333333333	0.000000000000	2	0.455250000000	0.000000000000	0.026886476244	0.000000000000	20000
10	0	0.833333333333	0.000000000000	3	0.450633333333	0.000000000000	0.035828205746	0.000000000000	10000
10	0	0.833333333333	0.000000000000	4	0.437550000000	0.000000000000	0.028125901659	0.000000000000	22000
10	0	0.833333333333	0.000000000000	5	0.427316666667	0.000000000000	0.043093452597	0.000000000000	30000
10	1	0.833333333333	0.075000000000	1	0.453666666667	0.000000000000	0.040171194107	0.000000000000	12000
10	1	0.833333333333	0.075000000000	2	0.432466666667	0.000000000000	0.039948025403	0.000000000000	14000
10	1	0.833333333333	0.075000000000	3	0.444966666667	0.000000000000	0.033874469766	0.000000000000	10000
10	1	0.833333333333	0.075000000000	4	0.417000000000	0.000000000000	0.050637137313	0.000000000000	6000
10	1	0.833333333333	0.075000000000	5	0.458050000000	0.000000000000	0.036706650781	0.000000000000	30000
10	2	0.833333333333	0.162500000000	1	0.434866666667	0.000000000000	0.037795791501	0.000000000000	10000
10	2	0.833333333333	0.162500000000	2	0.445716666667	0.000000000000	0.031351455263	0.000000000000	14000
10	2	0.833333333333	0.162500000000	3	0.450483333333	0.000000000000	0.033007074499	0.000000000000	14000
10	2	0.833333333333	0.162500000000	4	0.428466666667	0.000000000000	0.037132269957	0.000000000000	26000
10	2	0.833333333333	0.162500000000	5	0.474083333333	0.000000000000	0.040479328997	0.000000000000	30000
10	3	0.833333333333	0.250000000000	1	0.446950000000	0.000000000000	0.042843770191	0.000000000000	12000
10	3	0.833333333333	0.250000000000	2	0.432116666667	0.000000000000	0.034825106832	0.000000000000	8000
10	3	0.833333333333	0.250000000000	3	0.434500000000	0.000000000000	0.031809951023	0.000000000000	30000
10	3	0.833333333333	0.250000000000	4	0.450700000000	0.000000000000	0.034272050746	0.000000000000	6000
10	3	0.833333333333	0.250000000000	5	0.447066666667	0.000000000000	0.039639629023	0.000000000000	30000
10	4	0.833333333333	0.325000000000	1	0.456200000000	0.000000000000	0.037957588916	0.000000000000	18000
10	4	0.833333333333	0.325000000000	2	0.410883333333	0.000000000000	0.030894205799	0.000000000000	10000
10	4	0.833333333333	0.325000000000	3	0.437800000000	0.000000000000	0.036181981738	0.000000000000	30000
10	4	0.833333333333	0.325000000000	4	0.445716666667	0.000000000000	0.041119872318	0.000000000000	30000
10	4	0.833333333333	0.325000000000	5	0.428633333333	0.000000000000	0.036717121836	0.000000000000	8000
10	5	0.833333333333	0.412500000000	1	0.425016666667	0.000000000000	0.039333222346	0.000000000000	8000
10	5	0.833333333333	0.412500000000	2	0.451400000000	0.000000000000	0.025751652220	0.000000000000	20000
10	5	0.833333333333	0.412500000000	3	0.448500000000	0.000000000000	0.040899340941	0.000000000000	16000
10	5	0.833333333333	0.412500000000	4	0.435616666667	0.000000000000	0.035632389299	0.000000000000	6000
10	5	0.833333333333	0.412500000000	5	0.451433333333	0.000000000000	0.039072937850	0.000000000000	20000
10	6	0.833333333333	0.500000000000	1	0.455700000000	0.000000000000	0.037977435655	0.000000000000	18000
10	6	0.833333333333	0.500000000000	2	0.439116666667	0.000000000000	0.031473786082	0.000000000000	16000
10	6	0.833333333333	0.500000000000	3	0.452816666667	0.000000000000	0.040853557738	0.000000000000	8000
10	6	0.833333333333	0.500000000000	4	0.455616666667	0.000000000000	0.039018912480	0.000000000000	26000
10	6	0.833333333333	0.500000000000	5	0.430566666667	0.000000000000	0.033410171698	0.000000000000	14000
10	7	0.833333333333	0.575000000000	1	0.446250000000	0.000000000000	0.035695323231	0.000000000000	30000
10	7	0.833333333333	0.575000000000	2	0.423616666667	0.000000000000	0.032501768815	0.000000000000	30000
10	7	0.833333333333	0.575000000000	3	0.439533333333	0.000000000000	0.041257133201	0.000000000000	8000
10	7	0.833333333333	0.575000000000	4	0.442116666667	0.000000000000	0.032604950621	0.000000000000	16000
10	7	0.833333333333	0.575000000000	5	0.455550000000	0.000000000000	0.033057378757	0.000000000000	8000
10	8	0.833333333333	0.662500000000	1	0.433450000000	0.000000000000	0.034941802195	0.000000000000	26000
10	8	0.833333333333	0.662500000000	2	0.440983333333	0.000000000000	0.042579487256	0.000000000000	18000
10	8	0.833333333333	0.662500000000	3	0.424833333333	0.000000000000	0.033491035027	0.000000000000	14000
10	8	0.833333333333	0.662500000000	4	0.431716666667	0.000000000000	0.040233410724	0.000000000000	10000
10	8	0.833333333333	0.662500000000	5	0.435883333333	0.000000000000	0.036455358451	0.000000000000	14000
10	9	0.833333333333	0.750000000000	1	0.432050000000	0.000000000000	0.038269306469	0.000000000000	28000
10	9	0.833333333333	0.750000000000	2	0.451250000000	0.000000000000	0.035885663382	0.000000000000	6000
10	9	0.833333333333	0.750000000000	3	0.434766666667	0.000000000000	0.031225497568	0.000000000000	10000
10	9	0.833333333333	0.750000000000	4	0.433083333333	0.000000000000	0.034621324876	0.000000000000	12000
10	9	0.833333333333	0.750000000000	5	0.437183333333	0.000000000000	0.050168326937	0.000000000000	18000
10	10	0.833333333333	0.825000000000	1	0.438600000000	0.000000000000	0.033690710186	0.000000000000	6000
10	10	0.833333333333	0.825000000000	2	0.432566666667	0.000000000000	0.036088519922	0.000000000000	16000
10	10	0.833333333333	0.825000000000	3	0.444600000000	0.000000000000	0.039358045205	0.000000000000	14000
10	10	0.833333333333	0.825000000000	4	0.445650000000	0.000000000000	0.037252423019	0.000000000000	12000
10	10	0.833333333333	0.825000000000	5	0.442883333333	0.000000000000	0.035414945786	0.000000000000	6000
10	11	0.833333333333	0.912500000000	1	0.438266666667	0.000000000000	0.040173907349	0.000000000000	30000
10	11	0.833333333333	0.912500000000	2	0.432183333333	0.000000000000	0.037658348434	0.000000000000	30000
10	11	0.833333333333	0.912500000000	3	0.449300000000	0.000000000000	0.042735656498	0.000000000000	6000
10	11	0.833333333333	0.912500000000	4	0.433050000000	0.000000000000	0.035336502241	0.000000000000	30000
10	11	0.833333333333	0.912500000000	5	0.427883333333	0.000000000000	0.030411074374	0.000000000000	30000
10	12	0.833333333333	1.000000000000	1	0.000000000000	1.000000000000	0.000000000000	0.000000000000	6000
10	12	0.833333333333	1.000000000000	2	0.000000000000	1.000000000000	0.000000000000	0.000000000000	6000
10	12	0.833333333333	1.000000000000	3	0.000000000000	1.000000000000	0.000000000000	0.000000000000	6000
10	12	0.833333333333	1.000000000000	4	0.000000000000	1.000000000000	0.000000000000	0.000000000000	6000
10	12	0.833333333333	1.000000000000	5	0.000000000000	1.000000000000	0.000000000000	0.000000000000	6000
11	0	0.916666666667	0.000000000000	1	0.449733333333	0.000000000000	0.032272681488	0.000000000000	10000
11	0	0.916666666667	0.000000000000	2	0.441533333333	0.000000000000	0.039817792099	0.000000000000	30000
11	0	0.916666666667	0.000000000000	3	0.410966666667	0.000000000000	0.042254071018	0.000000000000	16000
11	0	0.916666666667	0.000000000000	4	0.449500000000	0.000000000000	0.035690356952	0.000000000000	18000
11	0	0.916666666667	0.000000000000	5	0.449233333333	0.000000000000	0.034099812927	0.000000000000	24000
11	1	0.916666666667	0.075000000000	1	0.444916666667	0.000000000000	0.033985835011	0.000000000000	6000
11	1	0.916666666667	0.075000000000	2	0.440850000000	0.000000000000	0.038249422167	0.000000000000	30000
11	1	0.916666666667	0.075000000000	3	0.457800000000	0.000000000000	0.044215425960	0.000000000000	30000
11	1	0.916666666667	0.075000000000	4	0.458283333333	0.000000000000	0.042276948754	0.000000000000	30000
11	1	0.916666666667	0.075000000000	5	0.432700000000	0.000000000000	0.033889898080	0.000000000000	6000
11	2	0.916666666667	0.162500000000	1	0.436650000000	0.000000000000	0.039549652443	0.000000000000	16000
11	2	0.916666666667	0.162500000000	2	0.424300000000	0.000000000000	0.034595056425	0.000000000000	8000
11	2	0.916666666667	0.162500000000	3	0.444033333333	0.000000000000	0.031106087826	0.000000000000	10000
11	2	0.916666666667	0.162500000000	4	0.459483333333	0.000000000000	0.033637414323	0.000000000000	30000
11	2	0.916666666667	0.162500000000	5	0.438400000000	0.000000000000	0.029799239274	0.000000000000	6000
11	3	0.916666666667	0.250000000000	1	0.440000000000	0.000000000000	0.028698456041	0.000000000000	20000
11	3	0.916666666667	0.250000000000	2	0.444533333333	0.000000000000	0.043834706358	0.000000000000	20000
11	3	0.916666666667	0.250000000000	3	0.441933333333	0.000000000000	0.041048107988	0.000000000000	30000
11	3	0.916666666667	0.250000000000	4	0.423250000000	0.000000000000	0.035408287199	0.000000000000	26000
11	3	0.916666666667	0.250000000000	5	0.447683333333	0.000000000000	0.032979769028	0.000000000000	6000
11	4	0.916666666667	0.325000000000	1	0.444033333333	0.000000000000	0.034921444487	0.000000000000	10000
11	4	0.916666666667	0.325000000000	2	0.440433333333	0.000000000000	0.039221812462	0.000000000000	6000
11	4	0.916666666667	0.325000000000	3	0.424366666667	0.000000000000	0.035067328032	0.000000000000	24000
11	4	0.916666666667	0.325000000000	4	0.420433333333	0.000000000000	0.033495285584	0.000000000000	10000
11	4	0.916666666667	0.325000000000	5	0.445816666667	0.000000000000	0.033241444083	0.000000000000	8000
11	5	0.916666666667	0.412500000000	1	0.424850000000	0.000000000000	0.032963914744	0.000000000000	6000
11	5	0.916666666667	0.412500000000	2	0.431983333333	0.000000000000	0.034724230172	0.000000000000	30000
11	5	0.916666666667	0.412500000000	3	0.462933333333	0.000000000000	0.032126224748	0.000000000000	8000
11	5	0.916666666667	0.412500000000	4	0.424533333333	0.000000000000	0.034219193085	0.000000000000	28000
11	5	0.916666666667	0.412500000000	5	0.423466666667	0.000000000000	0.033992220089	0.000000000000	16000
11	6	0.916666666667	0.500000000000	1	0.444366666667	0.000000000000	0.029518792945	0.000000000000	6000
11	6	0.916666666667	0.500000000000	2	0.438066666667	0.000000000000	0.031985357010	0.000000000000	24000
11	6	0.916666666667	0.500000000000	3	0.437850000000	0.000000000000	0.034744723440	0.000000000000	30000
11	6	0.916666666667	0.500000000000	4	0.455116666667	0.000000000000	0.035564121685	0.000000000000	10000
11	6	0.916666666667	0.500000000000	5	0.419300000000	0.000000000000	0.036862838589	0.000000000000	6000
11	7	0.916666666667	0.575000000000	1	0.441250000000	0.000000000000	0.035738140896	0.000000000000	24000
11	7	0.916666666667	0.575000000000	2	0.463583333333	0.000000000000	0.034444182084	0.000000000000	30000
11	7	0.916666666667	0.575000000000	3	0.469950000000	0.000000000000	0.037776125354	0.000000000000	12000
11	7	0.916666666667	0.575000000000	4	0.435000000000	0.000000000000	0.038424946018	0.000000000000	28000
11	7	0.916666666667	0.575000000000	5	0.474983333333	0.000000000000	0.038871006184	0.000000000000	8000
11	8	0.916666666667	0.662500000000	1	0.440533333333	0.000000000000	0.037380945853	0.000000000000	24000
11	8	0.916666666667	0.662500000000	2	0.406516666667	0.000000000000	0.046523324231	0.000000000000	26000
11	8	0.916666666667	0.662500000000	3	0.437033333333	0.000000000000	0.036406224618	0.000000000000	18000
11	8	0.916666666667	0.662500000000	4	0.446333333333	0.000000000000	0.048808515241	0.000000000000	30000
11	8	0.916666666667	0.662500000000	5	0.443583333333	0.000000000000	0.040092121565	0.000000000000	24000
11	9	0.916666666667	0.750000000000	1	0.429233333333	0.000000000000	0.043628279362	0.000000000000	8000
11	9	0.916666666667	0.750000000000	2	0.463416666667	0.000000000000	0.044945174155	0.000000000000	16000
11	9	0.916666666667	0.750000000000	3	0.443483333333	0.000000000000	0.031901683963	0.000000000000	24000
11	9	0.916666666667	0.750000000000	4	0.416816666667	0.000000000000	0.042266845262	0.000000000000	6000
11	9	0.916666666667	0.750000000000	5	0.437250000000	0.000000000000	0.036895782941	0.000000000000	6000
11	10	0.916666666667	0.825000000000	1	0.447650000000	0.000000000000	0.030324309232	0.000000000000	16000
11	10	0.916666666667	0.825000000000	2	0.435233333333	0.000000000000	0.030697432015	0.000000000000	18000
11	10	0.916666666667	0.825000000000	3	0.480183333333	0.000000000000	0.031308535435	0.000000000000	8000
11	10	0.916666666667	0.825000000000	4	0.450166666667	0.000000000000	0.029481769456	0.000000000000	8000
11	10	0.916666666667	0.825000000000	5	0.413233333333	0.000000000000	0.038292887514	0.000000000000	24000
11	11	0.916666666667	0.912500000000	1	0.444000000000	0.000000000000	0.036458443562	0.000000000000	8000
11	11	0.916666666667	0.912500000000	2	0.456066666667	0.000000000000	0.041196054334	0.000000000000	10000
11	11	0.916666666667	0.912500000000	3	0.440233333333	0.000000000000	0.037733457486	0.000000000000	22000
11	11	0.916666666667	0.912500000000	4	0.435833333333	0.000000000000	0.031247288838	0.000000000000	8000
11	11	0.916666666667	0.912500000000	5	0.464300000000	0.000000000000	0.032307522316	0.000000000000	26000
11	12	0.916666666667	1.000000000000	1	0.000000000000	1.000000000000	0.000000000000	0.000000000000	6000
11	12	0.916666666667	1.000000000000	2	0.000000000000	1.000000000000	0.000000000000	0.000000000000	6000
11	12	0.916666666667	1.000000000000	3	0.000000000000	1.000000000000	0.000000000000	0.000000000000	6000
11	12	0.916666666667	1.000000000000	4	0.000000000000	1.000000000000	0.000000000000	0.000000000000	6000
11	12	0.916666666667	1.000000000000	5	0.000000000000	1.000000000000	0.000000000000	0.000000000000	6000
