# scan initial plane
# b 1.15
# r 0
# e -0.4
# p12 0.21
# ndiv 8
# n_reps 5
# A:(0,1),	A':(0,0.560),	B:(1,0),	B'=(0.560,0),	C:(1,1),	D:(0,0),	E:(0.316,0.316) 
# columns: ix iy x1_0 x2_0 rep x1_inf x2_inf sigma_1 sigma_2 t_relax
5	0	0.624000000000	0.000000000000	1	0.635040000000	0.000000000000	0.013103973219	0.000000000000	10000
5	0	0.624000000000	0.000000000000	2	0.630714000000	0.000000000000	0.011347553524	0.000000000000	14000
5	0	0.624000000000	0.000000000000	3	0.639274000000	0.000000000000	0.009742065070	0.000000000000	12000
5	0	0.624000000000	0.000000000000	4	0.639360000000	0.000000000000	0.010262929783	0.000000000000	18000
5	0	0.624000000000	0.000000000000	5	0.626352000000	0.000000000000	0.014158974983	0.000000000000	38000
5	1	0.624000000000	0.124000000000	1	0.283008000000	0.386590000000	0.014815783592	0.017612896244	208000
5	1	0.624000000000	0.124000000000	2	0.340948000000	0.330260000000	0.011008291351	0.013162129069	276000
5	1	0.624000000000	0.124000000000	3	0.430936000000	0.243696000000	0.022987743263	0.023581681019	202000
5	1	0.624000000000	0.124000000000	4	0.294472000000	0.378732000000	0.034722656564	0.031068012447	118000
5	1	0.624000000000	0.124000000000	5	0.425252000000	0.258720000000	0.013992436681	0.014486803218	246000
5	2	0.624000000000	0.250000000000	1	0.396092000000	0.275284000000	0.021922594193	0.021243790684	186000
5	2	0.624000000000	0.250000000000	2	0.326352000000	0.339290000000	0.012868943457	0.014638927495	138000
5	2	0.624000000000	0.250000000000	3	0.344504000000	0.321600000000	0.027514051083	0.026263620805	380000
5	2	0.624000000000	0.250000000000	4	0.393682000000	0.275858000000	0.030851364357	0.037658491712	64000
5	2	0.624000000000	0.250000000000	5	0.394134000000	0.275366000000	0.017435424802	0.014035920029	300000
5	3	0.624000000000	0.374000000000	1	0.291708000000	0.377498000000	0.021408153705	0.018171466595	400000
5	3	0.624000000000	0.374000000000	2	0.442816000000	0.224164000000	0.012237152115	0.013575175483	142000
5	3	0.624000000000	0.374000000000	3	0.348458000000	0.311762000000	0.023679927681	0.027081225023	56000
5	3	0.624000000000	0.374000000000	4	0.367240000000	0.297860000000	0.011135636596	0.015527959219	8000
5	3	0.624000000000	0.374000000000	5	0.355528000000	0.319620000000	0.016688670640	0.014344523881	400000
5	4	0.624000000000	0.500000000000	1	0.344796000000	0.321922000000	0.010919598052	0.016089275334	24000
5	4	0.624000000000	0.500000000000	2	0.341112000000	0.332840000000	0.018359862215	0.015592868163	142000
5	4	0.624000000000	0.500000000000	3	0.394628000000	0.271566000000	0.021511028342	0.017201847213	400000
5	4	0.624000000000	0.500000000000	4	0.416042000000	0.255270000000	0.014372780274	0.013260125600	400000
5	4	0.624000000000	0.500000000000	5	0.380306000000	0.289218000000	0.014480886025	0.017829592546	48000
5	5	0.624000000000	0.624000000000	1	0.284144000000	0.386374000000	0.011878061810	0.015599855111	196000
5	5	0.624000000000	0.624000000000	2	0.404948000000	0.256224000000	0.011419268615	0.015034089525	400000
5	5	0.624000000000	0.624000000000	3	0.326230000000	0.345870000000	0.033335121574	0.037469334809	400000
5	5	0.624000000000	0.624000000000	4	0.325486000000	0.342404000000	0.014630169030	0.015665317941	44000
5	5	0.624000000000	0.624000000000	5	0.370786000000	0.303174000000	0.018204549146	0.017626809933	204000
5	6	0.624000000000	0.750000000000	1	0.386982000000	0.288042000000	0.022993920857	0.021982663021	80000
5	6	0.624000000000	0.750000000000	2	0.406238000000	0.265584000000	0.028504734271	0.024549982600	400000
5	6	0.624000000000	0.750000000000	3	0.279370000000	0.391036000000	0.027972657535	0.028027705155	40000
5	6	0.624000000000	0.750000000000	4	0.328714000000	0.343066000000	0.027966628977	0.024453744695	400000
5	6	0.624000000000	0.750000000000	5	0.347904000000	0.312656000000	0.015506360993	0.016773163178	120000
5	7	0.624000000000	0.874000000000	1	0.398144000000	0.275392000000	0.013237616798	0.015291309956	92000
5	7	0.624000000000	0.874000000000	2	0.353412000000	0.319704000000	0.028961578497	0.026731609809	400000
5	7	0.624000000000	0.874000000000	3	0.343266000000	0.333932000000	0.019452600023	0.025396226971	234000
5	7	0.624000000000	0.874000000000	4	0.388348000000	0.283486000000	0.015960878599	0.016704815319	400000
5	7	0.624000000000	0.874000000000	5	0.292466000000	0.381174000000	0.018734829539	0.008631351240	122000
5	8	0.624000000000	1.000000000000	1	0.000000000000	1.000000000000	0.000000000000	0.000000000000	6000
5	8	0.624000000000	1.000000000000	2	0.000000000000	1.000000000000	0.000000000000	0.000000000000	6000
5	8	0.624000000000	1.000000000000	3	0.000000000000	1.000000000000	0.000000000000	0.000000000000	6000
5	8	0.624000000000	1.000000000000	4	0.000000000000	1.000000000000	0.000000000000	0.000000000000	6000
5	8	0.624000000000	1.000000000000	5	0.000000000000	1.000000000000	0.000000000000	0.000000000000	6000
