# scan initial plane
# b 1.3
# r 0
# e -0.4
# p12 0.1
# ndiv 10
# n_reps 5
# A:(0,1),	A':(0,0.133),	B:(1,0),	B'=(0.133,0),	C:(1,1),	D:(0,0),	E:(0.108,0.108) 
# columns: ix iy x1_0 x2_0 rep x1_inf x2_inf sigma_1 sigma_2 t_relax
1	0	0.100000000000	0.000000000000	1	0.089760000000	0.000000000000	0.016906455224	0.000000000000	30000
1	0	0.100000000000	0.000000000000	2	0.090650000000	0.000000000000	0.014348636987	0.000000000000	8000
1	0	0.100000000000	0.000000000000	3	0.089030000000	0.000000000000	0.017258532874	0.000000000000	30000
1	0	0.100000000000	0.000000000000	4	0.101510000000	0.000000000000	0.012891318245	0.000000000000	22000
1	0	0.100000000000	0.000000000000	5	0.090830000000	0.000000000000	0.014388124204	0.000000000000	30000
1	1	0.100000000000	0.100000000000	1	0.063420000000	0.075640000000	0.019361778805	0.016292816081	30000
1	1	0.100000000000	0.100000000000	2	0.073150000000	0.056230000000	0.020924036783	0.019613051057	4000
1	1	0.100000000000	0.100000000000	3	0.000000000000	0.087370000000	0.000000000000	0.019119326574	30000
1	1	0.100000000000	0.100000000000	4	0.082630000000	0.063870000000	0.013592934483	0.013187001062	30000
1	1	0.100000000000	0.100000000000	5	0.069810000000	0.073560000000	0.020810982605	0.015924194798	30000
1	2	0.100000000000	0.200000000000	1	0.000000000000	0.083240000000	0.000000000000	0.014802753849	30000
1	2	0.100000000000	0.200000000000	2	0.035540000000	0.074090000000	0.018221976853	0.015369063345	30000
1	2	0.100000000000	0.200000000000	3	0.078000000000	0.067870000000	0.011150081808	0.012398258620	30000
1	2	0.100000000000	0.200000000000	4	0.061190000000	0.060980000000	0.015300915594	0.012860987715	30000
1	2	0.100000000000	0.200000000000	5	0.090100000000	0.072610000000	0.016955160792	0.014680034176	22000
1	3	0.100000000000	0.300000000000	1	0.062980000000	0.072570000000	0.015606510281	0.014584505744	30000
1	3	0.100000000000	0.300000000000	2	0.057760000000	0.067870000000	0.014006376354	0.012284706509	30000
1	3	0.100000000000	0.300000000000	3	0.000000000000	0.088560000000	0.000000000000	0.011698857349	20000
1	3	0.100000000000	0.300000000000	4	0.000000000000	0.099930000000	0.000000000000	0.018270985987	30000
1	3	0.100000000000	0.300000000000	5	0.069560000000	0.067430000000	0.016262560403	0.012200161636	30000
1	4	0.100000000000	0.400000000000	1	0.061190000000	0.067680000000	0.014666253748	0.016855316719	30000
1	4	0.100000000000	0.400000000000	2	0.081120000000	0.059040000000	0.013672327254	0.016085308114	30000
1	4	0.100000000000	0.400000000000	3	0.070020000000	0.066940000000	0.016807203280	0.012899721036	30000
1	4	0.100000000000	0.400000000000	4	0.012460000000	0.091490000000	0.012795003404	0.016803638364	30000
1	4	0.100000000000	0.400000000000	5	0.065670000000	0.086280000000	0.015478717346	0.015152266866	30000
1	5	0.100000000000	0.500000000000	1	0.068360000000	0.065960000000	0.012941324425	0.023892451721	30000
1	5	0.100000000000	0.500000000000	2	0.088300000000	0.000000000000	0.017833340350	0.000000000000	30000
1	5	0.100000000000	0.500000000000	3	0.076450000000	0.072240000000	0.016774351817	0.015582850356	6000
1	5	0.100000000000	0.500000000000	4	0.053700000000	0.066050000000	0.020845732046	0.018238150403	30000
1	5	0.100000000000	0.500000000000	5	0.000000000000	0.097430000000	0.000000000000	0.016067148261	20000
1	6	0.100000000000	0.600000000000	1	0.073610000000	0.069100000000	0.018209873682	0.015100265495	30000
1	6	0.100000000000	0.600000000000	2	0.035790000000	0.096840000000	0.014056083148	0.019789037521	30000
1	6	0.100000000000	0.600000000000	3	0.000000000000	0.091690000000	0.000000000000	0.016867970489	30000
1	6	0.100000000000	0.600000000000	4	0.070360000000	0.063600000000	0.017394624830	0.014534484898	30000
1	6	0.100000000000	0.600000000000	5	0.092700000000	0.000000000000	0.013018428457	0.000000000000	12000
1	7	0.100000000000	0.700000000000	1	0.077330000000	0.078460000000	0.015697691471	0.016867510572	30000
1	7	0.100000000000	0.700000000000	2	0.073610000000	0.064900000000	0.015713523310	0.015093635010	30000
1	7	0.100000000000	0.700000000000	3	0.000000000000	0.085340000000	0.000000000000	0.018531805844	30000
1	7	0.100000000000	0.700000000000	4	0.000000000000	0.085420000000	0.000000000000	0.018296402880	28000
1	7	0.100000000000	0.700000000000	5	0.000000000000	0.094350000000	0.000000000000	0.019254824025	20000
1	8	0.100000000000	0.800000000000	1	0.047410000000	0.075320000000	0.012663026978	0.015967233716	30000
1	8	0.100000000000	0.800000000000	2	0.058480000000	0.068060000000	0.017087468554	0.013936664975	30000
1	8	0.100000000000	0.800000000000	3	0.053740000000	0.078500000000	0.012726915352	0.020571173354	30000
1	8	0.100000000000	0.800000000000	4	0.064750000000	0.073160000000	0.012731834102	0.020776093137	30000
1	8	0.100000000000	0.800000000000	5	0.000000000000	0.094820000000	0.000000000000	0.014593854206	24000
1	9	0.100000000000	0.900000000000	1	0.041910000000	0.085380000000	0.023537330050	0.014291950877	30000
1	9	0.100000000000	0.900000000000	2	0.000000000000	0.080100000000	0.000000000000	0.017107971320	30000
1	9	0.100000000000	0.900000000000	3	0.000000000000	0.088790000000	0.000000000000	0.016331031890	20000
1	9	0.100000000000	0.900000000000	4	0.100970000000	0.000000000000	0.012153468921	0.000000000000	12000
1	9	0.100000000000	0.900000000000	5	0.073700000000	0.087350000000	0.020501959183	0.011251848919	30000
1	10	0.100000000000	1.000000000000	1	0.000000000000	1.000000000000	0.000000000000	0.000000000000	6000
1	10	0.100000000000	1.000000000000	2	0.000000000000	1.000000000000	0.000000000000	0.000000000000	6000
1	10	0.100000000000	1.000000000000	3	0.000000000000	1.000000000000	0.000000000000	0.000000000000	6000
1	10	0.100000000000	1.000000000000	4	0.000000000000	1.000000000000	0.000000000000	0.000000000000	6000
1	10	0.100000000000	1.000000000000	5	0.000000000000	1.000000000000	0.000000000000	0.000000000000	6000
