# scan initial plane
# b 1.15
# r 0
# e -0.4
# p12 0.2
# ndiv 12
# n_reps 5
# A:(0,1),	A':(0,0.533),	B:(1,0),	B'=(0.533,0),	C:(1,1),	D:(0,0),	E:(0.308,0.308) 
# columns: ix iy x1_0 x2_0 rep x1_inf x2_inf sigma_1 sigma_2 t_relax
2	0	0.150000000000	0.000000000000	1	0.000000000000	0.000000000000	0.000000000000	0.000000000000	6000
2	0	0.150000000000	0.000000000000	2	0.000000000000	0.000000000000	0.000000000000	0.000000000000	6000
2	0	0.150000000000	0.000000000000	3	0.000000000000	0.000000000000	0.000000000000	0.000000000000	6000
2	0	0.150000000000	0.000000000000	4	0.000000000000	0.000000000000	0.000000000000	0.000000000000	6000
2	0	0.150000000000	0.000000000000	5	0.000000000000	0.000000000000	0.000000000000	0.000000000000	6000
2	1	0.150000000000	0.050000000000	1	0.000000000000	0.000000000000	0.000000000000	0.000000000000	6000
2	1	0.150000000000	0.050000000000	2	0.000000000000	0.000000000000	0.000000000000	0.000000000000	6000
2	1	0.150000000000	0.050000000000	3	0.000000000000	0.000000000000	0.000000000000	0.000000000000	8000
2	1	0.150000000000	0.050000000000	4	0.000000000000	0.000000000000	0.000000000000	0.000000000000	6000
2	1	0.150000000000	0.050000000000	5	0.000000000000	0.000000000000	0.000000000000	0.000000000000	8000
2	2	0.150000000000	0.150000000000	1	0.000000000000	0.000000000000	0.000000000000	0.000000000000	6000
2	2	0.150000000000	0.150000000000	2	0.000000000000	0.000000000000	0.000000000000	0.000000000000	12000
2	2	0.150000000000	0.150000000000	3	0.000000000000	0.000000000000	0.000000000000	0.000000000000	6000
2	2	0.150000000000	0.150000000000	4	0.000000000000	0.000000000000	0.000000000000	0.000000000000	6000
2	2	0.150000000000	0.150000000000	5	0.000000000000	0.000000000000	0.000000000000	0.000000000000	8000
2	3	0.150000000000	0.250000000000	1	0.000000000000	0.000000000000	0.000000000000	0.000000000000	6000
2	3	0.150000000000	0.250000000000	2	0.000000000000	0.000000000000	0.000000000000	0.000000000000	6000
2	3	0.150000000000	0.250000000000	3	0.000000000000	0.000000000000	0.000000000000	0.000000000000	6000
2	3	0.150000000000	0.250000000000	4	0.000000000000	0.000000000000	0.000000000000	0.000000000000	6000
2	3	0.150000000000	0.250000000000	5	0.000000000000	0.000000000000	0.000000000000	0.000000000000	6000
2	4	0.150000000000	0.300000000000	1	0.000000000000	0.000000000000	0.000000000000	0.000000000000	6000
2	4	0.150000000000	0.300000000000	2	0.000000000000	0.000000000000	0.000000000000	0.000000000000	6000
2	4	0.150000000000	0.300000000000	3	0.000000000000	0.000000000000	0.000000000000	0.000000000000	8000
2	4	0.150000000000	0.300000000000	4	0.000000000000	0.000000000000	0.000000000000	0.000000000000	6000
2	4	0.150000000000	0.300000000000	5	0.000000000000	0.000000000000	0.000000000000	0.000000000000	6000
2	5	0.150000000000	0.400000000000	1	0.000000000000	0.000000000000	0.000000000000	0.000000000000	10000
2	5	0.150000000000	0.400000000000	2	0.000000000000	0.000000000000	0.000000000000	0.000000000000	6000
2	5	0.150000000000	0.400000000000	3	0.000000000000	0.000000000000	0.000000000000	0.000000000000	6000
2	5	0.150000000000	0.400000000000	4	0.000000000000	0.000000000000	0.000000000000	0.000000000000	6000
2	5	0.150000000000	0.400000000000	5	0.000000000000	0.000000000000	0.000000000000	0.000000000000	8000
2	6	0.150000000000	0.500000000000	1	0.000000000000	0.000000000000	0.000000000000	0.000000000000	6000
2	6	0.150000000000	0.500000000000	2	0.000000000000	0.000000000000	0.000000000000	0.000000000000	6000
2	6	0.150000000000	0.500000000000	3	0.000000000000	0.000000000000	0.000000000000	0.000000000000	8000
2	6	0.150000000000	0.500000000000	4	0.000000000000	0.000000000000	0.000000000000	0.000000000000	6000
2	6	0.150000000000	0.500000000000	5	0.000000000000	0.000000000000	0.000000000000	0.000000000000	8000
2	7	0.150000000000	0.550000000000	1	0.000000000000	0.000000000000	0.000000000000	0.000000000000	6000
2	7	0.150000000000	0.550000000000	2	0.000000000000	0.000000000000	0.000000000000	0.000000000000	10000
2	7	0.150000000000	0.550000000000	3	0.000000000000	0.000000000000	0.000000000000	0.000000000000	8000
2	7	0.150000000000	0.550000000000	4	0.000000000000	0.000000000000	0.000000000000	0.000000000000	6000
2	7	0.150000000000	0.550000000000	5	0.000000000000	0.000000000000	0.000000000000	0.000000000000	6000
2	8	0.150000000000	0.650000000000	1	0.000000000000	0.000000000000	0.000000000000	0.000000000000	6000
2	8	0.150000000000	0.650000000000	2	0.000000000000	0.000000000000	0.000000000000	0.000000000000	6000
2	8	0.150000000000	0.650000000000	3	0.000000000000	0.000000000000	0.000000000000	0.000000000000	8000
2	8	0.150000000000	0.650000000000	4	0.000000000000	0.000000000000	0.000000000000	0.000000000000	8000
2	8	0.150000000000	0.650000000000	5	0.000000000000	0.000000000000	0.000000000000	0.000000000000	8000
2	9	0.150000000000	0.750000000000	1	0.000000000000	0.000000000000	0.000000000000	0.000000000000	6000
2	9	0.150000000000	0.750000000000	2	0.000000000000	0.000000000000	0.000000000000	0.000000000000	6000
2	9	0.150000000000	0.750000000000	3	0.000000000000	0.000000000000	0.000000000000	0.000000000000	6000
2	9	0.150000000000	0.750000000000	4	0.000000000000	0.000000000000	0.000000000000	0.000000000000	6000
2	9	0.150000000000	0.750000000000	5	0.000000000000	0.000000000000	0.000000000000	0.000000000000	6000
2	10	0.150000000000	0.800000000000	1	0.000000000000	0.000000000000	0.000000000000	0.000000000000	6000
2	10	0.150000000000	0.800000000000	2	0.000000000000	0.000000000000	0.000000000000	0.000000000000	6000
2	10	0.150000000000	0.800000000000	3	0.000000000000	0.000000000000	0.000000000000	0.000000000000	6000
2	10	0.150000000000	0.800000000000	4	0.000000000000	0.000000000000	0.000000000000	0.000000000000	6000
2	10	0.150000000000	0.800000000000	5	0.000000000000	0.000000000000	0.000000000000	0.000000000000	6000
2	11	0.150000000000	0.900000000000	1	0.000000000000	0.000000000000	0.000000000000	0.000000000000	8000
2	11	0.150000000000	0.900000000000	2	0.000000000000	0.000000000000	0.000000000000	0.000000000000	6000
2	11	0.150000000000	0.900000000000	3	0.000000000000	0.000000000000	0.000000000000	0.000000000000	6000
2	11	0.150000000000	0.900000000000	4	0.000000000000	0.000000000000	0.000000000000	0.000000000000	6000
2	11	0.150000000000	0.900000000000	5	0.000000000000	1.000000000000	0.000000000000	0.000000000000	6000
2	12	0.150000000000	1.000000000000	1	0.000000000000	1.000000000000	0.000000000000	0.000000000000	6000
2	12	0.150000000000	1.000000000000	2	0.000000000000	1.000000000000	0.000000000000	0.000000000000	6000
2	12	0.150000000000	1.000000000000	3	0.000000000000	1.000000000000	0.000000000000	0.000000000000	6000
2	12	0.150000000000	1.000000000000	4	0.000000000000	1.000000000000	0.000000000000	0.000000000000	6000
2	12	0.150000000000	1.000000000000	5	0.000000000000	1.000000000000	0.000000000000	0.000000000000	6000
3	0	0.250000000000	0.000000000000	1	0.000000000000	0.000000000000	0.000000000000	0.000000000000	6000
3	0	0.250000000000	0.000000000000	2	0.000000000000	0.000000000000	0.000000000000	0.000000000000	8000
3	0	0.250000000000	0.000000000000	3	0.000000000000	0.000000000000	0.000000000000	0.000000000000	6000
3	0	0.250000000000	0.000000000000	4	0.000000000000	0.000000000000	0.000000000000	0.000000000000	6000
3	0	0.250000000000	0.000000000000	5	0.000000000000	0.000000000000	0.000000000000	0.000000000000	6000
3	1	0.250000000000	0.050000000000	1	0.000000000000	0.000000000000	0.000000000000	0.000000000000	6000
3	1	0.250000000000	0.050000000000	2	0.000000000000	0.000000000000	0.000000000000	0.000000000000	6000
3	1	0.250000000000	0.050000000000	3	0.000000000000	0.000000000000	0.000000000000	0.000000000000	6000
3	1	0.250000000000	0.050000000000	4	0.000000000000	0.000000000000	0.000000000000	0.000000000000	6000
3	1	0.250000000000	0.050000000000	5	0.000000000000	0.000000000000	0.000000000000	0.000000000000	6000
3	2	0.250000000000	0.150000000000	1	0.000000000000	0.000000000000	0.000000000000	0.000000000000	6000
3	2	0.250000000000	0.150000000000	2	0.000000000000	0.000000000000	0.000000000000	0.000000000000	6000
3	2	0.250000000000	0.150000000000	3	0.000000000000	0.000000000000	0.000000000000	0.000000000000	6000
3	2	0.250000000000	0.150000000000	4	0.000000000000	0.000000000000	0.000000000000	0.000000000000	6000
3	2	0.250000000000	0.150000000000	5	0.000000000000	0.000000000000	0.000000000000	0.000000000000	6000
3	3	0.250000000000	0.250000000000	1	0.000000000000	0.000000000000	0.000000000000	0.000000000000	6000
3	3	0.250000000000	0.250000000000	2	0.000000000000	0.000000000000	0.000000000000	0.000000000000	6000
3	3	0.250000000000	0.250000000000	3	0.000000000000	0.000000000000	0.000000000000	0.000000000000	8000
3	3	0.250000000000	0.250000000000	4	0.000000000000	0.000000000000	0.000000000000	0.000000000000	6000
3	3	0.250000000000	0.250000000000	5	0.000000000000	0.000000000000	0.000000000000	0.000000000000	6000
3	4	0.250000000000	0.300000000000	1	0.000000000000	0.000000000000	0.000000000000	0.000000000000	8000
3	4	0.250000000000	0.300000000000	2	0.000000000000	0.000000000000	0.000000000000	0.000000000000	6000
3	4	0.250000000000	0.300000000000	3	0.000000000000	0.000000000000	0.000000000000	0.000000000000	6000
3	4	0.250000000000	0.300000000000	4	0.000000000000	0.000000000000	0.000000000000	0.000000000000	6000
3	4	0.250000000000	0.300000000000	5	0.000000000000	0.000000000000	0.000000000000	0.000000000000	8000
3	5	0.250000000000	0.400000000000	1	0.000000000000	0.000000000000	0.000000000000	0.000000000000	10000
3	5	0.250000000000	0.400000000000	2	0.000000000000	0.000000000000	0.000000000000	0.000000000000	10000
3	5	0.250000000000	0.400000000000	3	0.000000000000	0.000000000000	0.000000000000	0.000000000000	6000
3	5	0.250000000000	0.400000000000	4	0.000000000000	0.000000000000	0.000000000000	0.000000000000	6000
3	5	0.250000000000	0.400000000000	5	0.000000000000	0.000000000000	0.000000000000	0.000000000000	6000
3	6	0.250000000000	0.500000000000	1	0.000000000000	0.000000000000	0.000000000000	0.000000000000	6000
3	6	0.250000000000	0.500000000000	2	0.000000000000	0.000000000000	0.000000000000	0.000000000000	6000
3	6	0.250000000000	0.500000000000	3	0.000000000000	0.000000000000	0.000000000000	0.000000000000	6000
3	6	0.250000000000	0.500000000000	4	0.000000000000	0.000000000000	0.000000000000	0.000000000000	6000
3	6	0.250000000000	0.500000000000	5	0.000000000000	0.000000000000	0.000000000000	0.000000000000	10000
3	7	0.250000000000	0.550000000000	1	0.000000000000	0.000000000000	0.000000000000	0.000000000000	6000
3	7	0.250000000000	0.550000000000	2	0.000000000000	0.000000000000	0.000000000000	0.000000000000	8000
3	7	0.250000000000	0.550000000000	3	0.000000000000	0.000000000000	0.000000000000	0.000000000000	6000
3	7	0.250000000000	0.550000000000	4	0.000000000000	0.000000000000	0.000000000000	0.000000000000	6000
3	7	0.250000000000	0.550000000000	5	0.000000000000	0.000000000000	0.000000000000	0.000000000000	6000
3	8	0.250000000000	0.650000000000	1	0.000000000000	0.000000000000	0.000000000000	0.000000000000	6000
3	8	0.250000000000	0.650000000000	2	0.000000000000	0.000000000000	0.000000000000	0.000000000000	6000
3	8	0.250000000000	0.650000000000	3	0.000000000000	0.000000000000	0.000000000000	0.000000000000	6000
3	8	0.250000000000	0.650000000000	4	0.000000000000	0.000000000000	0.000000000000	0.000000000000	6000
3	8	0.250000000000	0.650000000000	5	0.000000000000	0.000000000000	0.000000000000	0.000000000000	6000
3	9	0.250000000000	0.750000000000	1	0.000000000000	0.000000000000	0.000000000000	0.000000000000	6000
3	9	0.250000000000	0.750000000000	2	0.000000000000	0.000000000000	0.000000000000	0.000000000000	6000
3	9	0.250000000000	0.750000000000	3	0.000000000000	0.000000000000	0.000000000000	0.000000000000	6000
3	9	0.250000000000	0.750000000000	4	0.000000000000	0.000000000000	0.000000000000	0.000000000000	8000
3	9	0.250000000000	0.750000000000	5	0.000000000000	0.000000000000	0.000000000000	0.000000000000	8000
3	10	0.250000000000	0.800000000000	1	0.000000000000	0.000000000000	0.000000000000	0.000000000000	8000
3	10	0.250000000000	0.800000000000	2	0.000000000000	0.000000000000	0.000000000000	0.000000000000	8000
3	10	0.250000000000	0.800000000000	3	0.000000000000	0.000000000000	0.000000000000	0.000000000000	6000
3	10	0.250000000000	0.800000000000	4	0.000000000000	0.000000000000	0.000000000000	0.000000000000	6000
3	10	0.250000000000	0.800000000000	5	0.000000000000	0.000000000000	0.000000000000	0.000000000000	6000
3	11	0.250000000000	0.900000000000	1	0.000000000000	0.000000000000	0.000000000000	0.000000000000	6000
3	11	0.250000000000	0.900000000000	2	0.000000000000	0.000000000000	0.000000000000	0.000000000000	6000
3	11	0.250000000000	0.900000000000	3	0.000000000000	0.000000000000	0.000000000000	0.000000000000	8000
3	11	0.250000000000	0.900000000000	4	0.000000000000	0.000000000000	0.000000000000	0.000000000000	6000
3	11	0.250000000000	0.900000000000	5	0.000000000000	0.000000000000	0.000000000000	0.000000000000	6000
3	12	0.250000000000	1.000000000000	1	0.000000000000	1.000000000000	0.000000000000	0.000000000000	6000
3	12	0.250000000000	1.000000000000	2	0.000000000000	1.000000000000	0.000000000000	0.000000000000	6000
3	12	0.250000000000	1.000000000000	3	0.000000000000	1.000000000000	0.000000000000	0.000000000000	6000
3	12	0.250000000000	1.000000000000	4	0.000000000000	1.000000000000	0.000000000000	0.000000000000	6000
3	12	0.250000000000	1.000000000000	5	0.000000000000	1.000000000000	0.000000000000	0.000000000000	8000
