# scan initial plane
# b 1.15
# r 0
# e -0.4
# p12 0.24
# ndiv 8
# n_reps 3
# A:(0,1),	A':(0,0.640),	B:(1,0),	B'=(0.640,0),	C:(1,1),	D:(0,0),	E:(0.340,0.340) 
# columns: ix iy x1_0 x2_0 rep x1_inf x2_inf sigma_1 sigma_2 t_relax
7	0	0.874000000000	0.000000000000	1	0.842394000000	0.000000000000	0.012172630650	0.000000000000	84000
7	0	0.874000000000	0.000000000000	2	0.839838000000	0.000000000000	0.013649177853	0.000000000000	6000
7	0	0.874000000000	0.000000000000	3	0.857712000000	0.000000000000	0.013863522397	0.000000000000	12000
7	1	0.874000000000	0.124000000000	1	0.845862000000	0.000000000000	0.007101787901	0.000000000000	48000
7	1	0.874000000000	0.124000000000	2	0.848746000000	0.000000000000	0.009326009782	0.000000000000	52000
7	1	0.874000000000	0.124000000000	3	0.871720000000	0.000000000000	0.010988099851	0.000000000000	12000
7	2	0.874000000000	0.250000000000	1	0.860396000000	0.000000000000	0.008346547121	0.000000000000	18000
7	2	0.874000000000	0.250000000000	2	0.879962000000	0.000000000000	0.008254374034	0.000000000000	22000
7	2	0.874000000000	0.250000000000	3	0.853242000000	0.000000000000	0.008378283334	0.000000000000	64000
7	3	0.874000000000	0.374000000000	1	0.833520000000	0.000000000000	0.010063740799	0.000000000000	42000
7	3	0.874000000000	0.374000000000	2	0.871468000000	0.000000000000	0.012667653510	0.000000000000	14000
7	3	0.874000000000	0.374000000000	3	0.870760000000	0.000000000000	0.011731667913	0.000000000000	42000
7	4	0.874000000000	0.500000000000	1	0.836348000000	0.000000000000	0.014362631416	0.000000000000	32000
7	4	0.874000000000	0.500000000000	2	0.841708000000	0.000000000000	0.009165956074	0.000000000000	12000
7	4	0.874000000000	0.500000000000	3	0.874880000000	0.000000000000	0.013436895108	0.000000000000	6000
7	5	0.874000000000	0.624000000000	1	0.871300000000	0.000000000000	0.011842053632	0.000000000000	16000
7	5	0.874000000000	0.624000000000	2	0.854286000000	0.000000000000	0.010773219865	0.000000000000	52000
7	5	0.874000000000	0.624000000000	3	0.837018000000	0.000000000000	0.013581757623	0.000000000000	32000
7	6	0.874000000000	0.750000000000	1	0.865812000000	0.000000000000	0.009730536436	0.000000000000	48000
7	6	0.874000000000	0.750000000000	2	0.857530000000	0.000000000000	0.008200631095	0.000000000000	162000
7	6	0.874000000000	0.750000000000	3	0.842374000000	0.000000000000	0.012748437028	0.000000000000	128000
7	7	0.874000000000	0.874000000000	1	0.000000000000	0.864076000000	0.000000000000	0.009506871441	68000
7	7	0.874000000000	0.874000000000	2	0.000000000000	0.850564000000	0.000000000000	0.008666545622	24000
7	7	0.874000000000	0.874000000000	3	0.000000000000	0.868180000000	0.000000000000	0.014804687730	70000
7	8	0.874000000000	1.000000000000	1	0.000000000000	1.000000000000	0.000000000000	0.000000000000	6000
7	8	0.874000000000	1.000000000000	2	0.000000000000	1.000000000000	0.000000000000	0.000000000000	6000
7	8	0.874000000000	1.000000000000	3	0.000000000000	1.000000000000	0.000000000000	0.000000000000	6000
