# scan initial plane
# b 1.15
# r 0
# e -0.4
# p12 0.23
# ndiv 8
# n_reps 3
# A:(0,1),	A':(0,0.613),	B:(1,0),	B'=(0.613,0),	C:(1,1),	D:(0,0),	E:(0.333,0.333) 
# columns: ix iy x1_0 x2_0 rep x1_inf x2_inf sigma_1 sigma_2 t_relax
2	0	0.250000000000	0.000000000000	1	0.644186000000	0.000000000000	0.010923402617	0.000000000000	48000
2	0	0.250000000000	0.000000000000	2	0.650256000000	0.000000000000	0.008132441245	0.000000000000	54000
2	0	0.250000000000	0.000000000000	3	0.637944000000	0.000000000000	0.008084938480	0.000000000000	10000
2	1	0.250000000000	0.124000000000	1	0.251486000000	0.427874000000	0.023471913742	0.021654769753	84000
2	1	0.250000000000	0.124000000000	2	0.322904000000	0.357784000000	0.020583645704	0.022500213412	196000
2	1	0.250000000000	0.124000000000	3	0.411574000000	0.264734000000	0.018897927285	0.017772481681	322000
2	2	0.250000000000	0.250000000000	1	0.348452000000	0.331482000000	0.014767727712	0.019360953554	32000
2	2	0.250000000000	0.250000000000	2	0.382408000000	0.292292000000	0.026221538954	0.028393959797	62000
2	2	0.250000000000	0.250000000000	3	0.472198000000	0.201748000000	0.025244446480	0.021341038774	396000
2	3	0.250000000000	0.374000000000	1	0.455662000000	0.214788000000	0.028787609878	0.031368950685	88000
2	3	0.250000000000	0.374000000000	2	0.375682000000	0.304220000000	0.013961152882	0.015766044785	90000
2	3	0.250000000000	0.374000000000	3	0.385896000000	0.286328000000	0.020969618712	0.011803717370	198000
2	4	0.250000000000	0.500000000000	1	0.290648000000	0.386670000000	0.012593120451	0.010877933141	242000
2	4	0.250000000000	0.500000000000	2	0.204624000000	0.477530000000	0.018292108277	0.018473450364	400000
2	4	0.250000000000	0.500000000000	3	0.396262000000	0.275774000000	0.018942813576	0.020829277059	400000
2	5	0.250000000000	0.624000000000	1	0.365852000000	0.303930000000	0.022407145650	0.025542190656	58000
2	5	0.250000000000	0.624000000000	2	0.533952000000	0.128746000000	0.021315629291	0.021512560849	210000
2	5	0.250000000000	0.624000000000	3	0.393868000000	0.284712000000	0.021801694656	0.018835706513	230000
2	6	0.250000000000	0.750000000000	1	0.410460000000	0.262688000000	0.012833748677	0.010287881050	232000
2	6	0.250000000000	0.750000000000	2	0.429532000000	0.246176000000	0.015157926598	0.016820105230	150000
2	6	0.250000000000	0.750000000000	3	0.399252000000	0.269548000000	0.016951928028	0.016257798498	216000
2	7	0.250000000000	0.874000000000	1	0.312654000000	0.366686000000	0.011930071693	0.015030080083	356000
2	7	0.250000000000	0.874000000000	2	0.286070000000	0.396858000000	0.029803210084	0.037738097461	400000
2	7	0.250000000000	0.874000000000	3	0.293758000000	0.377472000000	0.022035766631	0.018398361767	400000
2	8	0.250000000000	1.000000000000	1	0.000000000000	1.000000000000	0.000000000000	0.000000000000	6000
2	8	0.250000000000	1.000000000000	2	0.000000000000	1.000000000000	0.000000000000	0.000000000000	6000
2	8	0.250000000000	1.000000000000	3	0.000000000000	1.000000000000	0.000000000000	0.000000000000	6000
