# scan initial plane
# b 1.15
# r 0
# e -0.4
# p12 0.2
# ndiv 8
# n_reps 3
# A:(0,1),	A':(0,0.533),	B:(1,0),	B'=(0.533,0),	C:(1,1),	D:(0,0),	E:(0.308,0.308) 
# columns: ix iy x1_0 x2_0 rep x1_inf x2_inf sigma_1 sigma_2 t_relax
1	0	0.124000000000	0.000000000000	1	0.698118000000	0.000000000000	0.011563900717	0.000000000000	14000
1	0	0.124000000000	0.000000000000	2	0.681582000000	0.000000000000	0.010399684102	0.000000000000	48000
1	0	0.124000000000	0.000000000000	3	0.678288000000	0.000000000000	0.009896210941	0.000000000000	30000
1	1	0.124000000000	0.124000000000	1	0.681964000000	0.000000000000	0.012479841764	0.000000000000	98000
1	1	0.124000000000	0.124000000000	2	0.679886000000	0.000000000000	0.011099288184	0.000000000000	138000
1	1	0.124000000000	0.124000000000	3	0.682742000000	0.000000000000	0.010418540300	0.000000000000	56000
1	2	0.124000000000	0.250000000000	1	0.387218000000	0.304598000000	0.020557798985	0.027281177736	400000
1	2	0.124000000000	0.250000000000	2	0.000000000000	0.663870000000	0.000000000000	0.011605938040	62000
1	2	0.124000000000	0.250000000000	3	0.670772000000	0.000000000000	0.012204628998	0.000000000000	204000
1	3	0.124000000000	0.374000000000	1	0.674348000000	0.000000000000	0.011504923262	0.000000000000	98000
1	3	0.124000000000	0.374000000000	2	0.672920000000	0.000000000000	0.014151532280	0.000000000000	126000
1	3	0.124000000000	0.374000000000	3	0.690178000000	0.000000000000	0.014283148264	0.000000000000	52000
1	4	0.124000000000	0.500000000000	1	0.677244000000	0.000000000000	0.010002025020	0.000000000000	146000
1	4	0.124000000000	0.500000000000	2	0.689606000000	0.000000000000	0.015087889462	0.000000000000	60000
1	4	0.124000000000	0.500000000000	3	0.000000000000	0.674210000000	0.000000000000	0.012851967673	24000
1	5	0.124000000000	0.624000000000	1	0.674484000000	0.000000000000	0.014617640693	0.000000000000	64000
1	5	0.124000000000	0.624000000000	2	0.000000000000	0.690722000000	0.000000000000	0.010931157588	62000
1	5	0.124000000000	0.624000000000	3	0.000000000000	0.670022000000	0.000000000000	0.011789423502	20000
1	6	0.124000000000	0.750000000000	1	0.000000000000	0.675142000000	0.000000000000	0.013128297231	8000
1	6	0.124000000000	0.750000000000	2	0.000000000000	0.681188000000	0.000000000000	0.010844826705	116000
1	6	0.124000000000	0.750000000000	3	0.000000000000	0.678982000000	0.000000000000	0.011265459892	14000
1	7	0.124000000000	0.874000000000	1	0.000000000000	0.685790000000	0.000000000000	0.015012303929	56000
1	7	0.124000000000	0.874000000000	2	0.000000000000	0.682534000000	0.000000000000	0.015925968745	48000
1	7	0.124000000000	0.874000000000	3	0.000000000000	0.665314000000	0.000000000000	0.010661663804	68000
1	8	0.124000000000	1.000000000000	1	0.000000000000	1.000000000000	0.000000000000	0.000000000000	6000
1	8	0.124000000000	1.000000000000	2	0.000000000000	1.000000000000	0.000000000000	0.000000000000	6000
1	8	0.124000000000	1.000000000000	3	0.000000000000	1.000000000000	0.000000000000	0.000000000000	6000
