# scan initial plane
# b 1.15
# r 0
# e -0.4
# p12 0.24
# ndiv 8
# n_reps 3
# A:(0,1),	A':(0,0.640),	B:(1,0),	B'=(0.640,0),	C:(1,1),	D:(0,0),	E:(0.340,0.340) 
# columns: ix iy x1_0 x2_0 rep x1_inf x2_inf sigma_1 sigma_2 t_relax
0	0	0.000000000000	0.000000000000	1	0.000000000000	0.000000000000	0.000000000000	0.000000000000	4000
0	0	0.000000000000	0.000000000000	2	0.000000000000	0.000000000000	0.000000000000	0.000000000000	4000
0	0	0.000000000000	0.000000000000	3	0.000000000000	0.000000000000	0.000000000000	0.000000000000	4000
0	1	0.000000000000	0.124000000000	1	0.000000000000	0.869146000000	0.000000000000	0.011569292655	32000
0	1	0.000000000000	0.124000000000	2	0.000000000000	0.873698000000	0.000000000000	0.011659534328	14000
0	1	0.000000000000	0.124000000000	3	0.000000000000	0.892514000000	0.000000000000	0.011700799661	10000
0	2	0.000000000000	0.250000000000	1	0.000000000000	0.917906000000	0.000000000000	0.009525013905	32000
0	2	0.000000000000	0.250000000000	2	0.000000000000	0.906736000000	0.000000000000	0.013472334906	106000
0	2	0.000000000000	0.250000000000	3	0.000000000000	0.878256000000	0.000000000000	0.015425316995	26000
0	3	0.000000000000	0.374000000000	1	0.000000000000	0.885982000000	0.000000000000	0.009352815146	20000
0	3	0.000000000000	0.374000000000	2	0.000000000000	0.901272000000	0.000000000000	0.010095738702	18000
0	3	0.000000000000	0.374000000000	3	0.000000000000	0.880422000000	0.000000000000	0.007840879759	28000
0	4	0.000000000000	0.500000000000	1	0.000000000000	0.875556000000	0.000000000000	0.012465241524	58000
0	4	0.000000000000	0.500000000000	2	0.000000000000	0.911264000000	0.000000000000	0.008728716658	12000
0	4	0.000000000000	0.500000000000	3	0.000000000000	0.881788000000	0.000000000000	0.009651954010	14000
0	5	0.000000000000	0.624000000000	1	0.000000000000	0.893498000000	0.000000000000	0.012099024026	30000
0	5	0.000000000000	0.624000000000	2	0.000000000000	0.892830000000	0.000000000000	0.008652743494	10000
0	5	0.000000000000	0.624000000000	3	0.000000000000	0.911822000000	0.000000000000	0.009049541989	90000
0	6	0.000000000000	0.750000000000	1	0.000000000000	0.924632000000	0.000000000000	0.011756308383	6000
0	6	0.000000000000	0.750000000000	2	0.000000000000	0.962076000000	0.000000000000	0.013296428807	50000
0	6	0.000000000000	0.750000000000	3	0.000000000000	0.928258000000	0.000000000000	0.011802573310	16000
0	7	0.000000000000	0.874000000000	1	0.000000000000	0.932278000000	0.000000000000	0.008376447987	18000
0	7	0.000000000000	0.874000000000	2	0.000000000000	0.923858000000	0.000000000000	0.007669854149	10000
0	7	0.000000000000	0.874000000000	3	0.000000000000	1.000000000000	0.000000000000	0.000000000000	44000
0	8	0.000000000000	1.000000000000	1	0.000000000000	1.000000000000	0.000000000000	0.000000000000	4000
0	8	0.000000000000	1.000000000000	2	0.000000000000	1.000000000000	0.000000000000	0.000000000000	4000
0	8	0.000000000000	1.000000000000	3	0.000000000000	1.000000000000	0.000000000000	0.000000000000	4000
1	0	0.124000000000	0.000000000000	1	1.000000000000	0.000000000000	0.000000000000	0.000000000000	32000
1	0	0.124000000000	0.000000000000	2	0.878026000000	0.000000000000	0.011797563583	0.000000000000	22000
1	0	0.124000000000	0.000000000000	3	0.922058000000	0.000000000000	0.008907523785	0.000000000000	18000
1	1	0.124000000000	0.124000000000	1	1.000000000000	0.000000000000	0.000000000000	0.000000000000	56000
1	1	0.124000000000	0.124000000000	2	0.000000000000	0.875200000000	0.000000000000	0.008541250081	40000
1	1	0.124000000000	0.124000000000	3	1.000000000000	0.000000000000	0.000000000000	0.000000000000	38000
1	2	0.124000000000	0.250000000000	1	0.000000000000	0.893080000000	0.000000000000	0.009929158483	12000
1	2	0.124000000000	0.250000000000	2	0.000000000000	0.914442000000	0.000000000000	0.008187042425	50000
1	2	0.124000000000	0.250000000000	3	0.000000000000	0.886028000000	0.000000000000	0.014651343893	46000
1	3	0.124000000000	0.374000000000	1	0.000000000000	0.894580000000	0.000000000000	0.011791973993	42000
1	3	0.124000000000	0.374000000000	2	0.000000000000	0.904530000000	0.000000000000	0.009587858313	8000
1	3	0.124000000000	0.374000000000	3	0.000000000000	0.874128000000	0.000000000000	0.011956528534	16000
1	4	0.124000000000	0.500000000000	1	0.000000000000	0.929364000000	0.000000000000	0.011147006762	24000
1	4	0.124000000000	0.500000000000	2	0.000000000000	0.867560000000	0.000000000000	0.017060875519	10000
1	4	0.124000000000	0.500000000000	3	0.000000000000	0.917754000000	0.000000000000	0.008422732717	36000
1	5	0.124000000000	0.624000000000	1	0.000000000000	0.891110000000	0.000000000000	0.013049068096	28000
1	5	0.124000000000	0.624000000000	2	0.000000000000	0.908184000000	0.000000000000	0.010586322034	8000
1	5	0.124000000000	0.624000000000	3	0.000000000000	0.882070000000	0.000000000000	0.010051673300	22000
1	6	0.124000000000	0.750000000000	1	0.000000000000	0.910428000000	0.000000000000	0.010867516686	10000
1	6	0.124000000000	0.750000000000	2	0.000000000000	0.926128000000	0.000000000000	0.010225467040	38000
1	6	0.124000000000	0.750000000000	3	0.000000000000	0.862996000000	0.000000000000	0.009267030909	16000
1	7	0.124000000000	0.874000000000	1	0.000000000000	0.889242000000	0.000000000000	0.011517729555	14000
1	7	0.124000000000	0.874000000000	2	0.000000000000	1.000000000000	0.000000000000	0.000000000000	38000
1	7	0.124000000000	0.874000000000	3	0.000000000000	0.890690000000	0.000000000000	0.011904520890	22000
1	8	0.124000000000	1.000000000000	1	0.000000000000	1.000000000000	0.000000000000	0.000000000000	6000
1	8	0.124000000000	1.000000000000	2	0.000000000000	1.000000000000	0.000000000000	0.000000000000	6000
1	8	0.124000000000	1.000000000000	3	0.000000000000	1.000000000000	0.000000000000	0.000000000000	6000
2	0	0.250000000000	0.000000000000	1	0.907326000000	0.000000000000	0.013828266158	0.000000000000	8000
2	0	0.250000000000	0.000000000000	2	0.895926000000	0.000000000000	0.012196199050	0.000000000000	68000
2	0	0.250000000000	0.000000000000	3	1.000000000000	0.000000000000	0.000000000000	0.000000000000	46000
2	1	0.250000000000	0.124000000000	1	0.939334000000	0.000000000000	0.006721727875	0.000000000000	42000
2	1	0.250000000000	0.124000000000	2	0.919042000000	0.000000000000	0.012699587218	0.000000000000	8000
2	1	0.250000000000	0.124000000000	3	0.925524000000	0.000000000000	0.009385388085	0.000000000000	52000
2	2	0.250000000000	0.250000000000	1	0.898176000000	0.000000000000	0.015678227924	0.000000000000	16000
2	2	0.250000000000	0.250000000000	2	0.000000000000	0.937372000000	0.000000000000	0.009524722376	86000
2	2	0.250000000000	0.250000000000	3	0.000000000000	0.854276000000	0.000000000000	0.011139115939	8000
2	3	0.250000000000	0.374000000000	1	0.000000000000	0.914898000000	0.000000000000	0.008326038609	24000
2	3	0.250000000000	0.374000000000	2	0.000000000000	0.880414000000	0.000000000000	0.009957698517	8000
2	3	0.250000000000	0.374000000000	3	0.000000000000	1.000000000000	0.000000000000	0.000000000000	40000
2	4	0.250000000000	0.500000000000	1	0.000000000000	0.867786000000	0.000000000000	0.011071078212	12000
2	4	0.250000000000	0.500000000000	2	0.000000000000	1.000000000000	0.000000000000	0.000000000000	36000
2	4	0.250000000000	0.500000000000	3	0.000000000000	0.894522000000	0.000000000000	0.009577852121	28000
2	5	0.250000000000	0.624000000000	1	0.000000000000	0.900818000000	0.000000000000	0.011007271962	48000
2	5	0.250000000000	0.624000000000	2	0.000000000000	1.000000000000	0.000000000000	0.000000000000	34000
2	5	0.250000000000	0.624000000000	3	0.000000000000	0.883818000000	0.000000000000	0.009693752877	12000
2	6	0.250000000000	0.750000000000	1	0.000000000000	1.000000000000	0.000000000000	0.000000000000	18000
2	6	0.250000000000	0.750000000000	2	0.000000000000	0.885570000000	0.000000000000	0.009612465839	58000
2	6	0.250000000000	0.750000000000	3	0.000000000000	0.872740000000	0.000000000000	0.015186936592	12000
2	7	0.250000000000	0.874000000000	1	0.000000000000	0.957200000000	0.000000000000	0.010940918778	6000
2	7	0.250000000000	0.874000000000	2	0.000000000000	1.000000000000	0.000000000000	0.000000000000	34000
2	7	0.250000000000	0.874000000000	3	0.000000000000	0.917376000000	0.000000000000	0.013678513286	28000
2	8	0.250000000000	1.000000000000	1	0.000000000000	1.000000000000	0.000000000000	0.000000000000	6000
2	8	0.250000000000	1.000000000000	2	0.000000000000	1.000000000000	0.000000000000	0.000000000000	6000
2	8	0.250000000000	1.000000000000	3	0.000000000000	1.000000000000	0.000000000000	0.000000000000	6000
3	0	0.374000000000	0.000000000000	1	1.000000000000	0.000000000000	0.000000000000	0.000000000000	40000
3	0	0.374000000000	0.000000000000	2	1.000000000000	0.000000000000	0.000000000000	0.000000000000	44000
3	0	0.374000000000	0.000000000000	3	1.000000000000	0.000000000000	0.000000000000	0.000000000000	34000
3	1	0.374000000000	0.124000000000	1	0.912098000000	0.000000000000	0.011138332840	0.000000000000	20000
3	1	0.374000000000	0.124000000000	2	0.961796000000	0.000000000000	0.008234694542	0.000000000000	56000
3	1	0.374000000000	0.124000000000	3	1.000000000000	0.000000000000	0.000000000000	0.000000000000	70000
3	2	0.374000000000	0.250000000000	1	1.000000000000	0.000000000000	0.000000000000	0.000000000000	78000
3	2	0.374000000000	0.250000000000	2	1.000000000000	0.000000000000	0.000000000000	0.000000000000	36000
3	2	0.374000000000	0.250000000000	3	1.000000000000	0.000000000000	0.000000000000	0.000000000000	52000
3	3	0.374000000000	0.374000000000	1	0.000000000000	0.894058000000	0.000000000000	0.009874519844	18000
3	3	0.374000000000	0.374000000000	2	1.000000000000	0.000000000000	0.000000000000	0.000000000000	38000
3	3	0.374000000000	0.374000000000	3	0.000000000000	0.973122000000	0.000000000000	0.005927921748	30000
3	4	0.374000000000	0.500000000000	1	0.000000000000	0.867826000000	0.000000000000	0.007942594589	10000
3	4	0.374000000000	0.500000000000	2	0.000000000000	0.882190000000	0.000000000000	0.009602713789	18000
3	4	0.374000000000	0.500000000000	3	0.000000000000	0.854146000000	0.000000000000	0.012693297594	22000
3	5	0.374000000000	0.624000000000	1	0.000000000000	0.882486000000	0.000000000000	0.015892777743	18000
3	5	0.374000000000	0.624000000000	2	0.000000000000	1.000000000000	0.000000000000	0.000000000000	26000
3	5	0.374000000000	0.624000000000	3	0.000000000000	0.916312000000	0.000000000000	0.012411958456	20000
3	6	0.374000000000	0.750000000000	1	0.000000000000	1.000000000000	0.000000000000	0.000000000000	62000
3	6	0.374000000000	0.750000000000	2	0.000000000000	0.861072000000	0.000000000000	0.010127259125	20000
3	6	0.374000000000	0.750000000000	3	0.000000000000	0.909380000000	0.000000000000	0.009382517340	50000
3	7	0.374000000000	0.874000000000	1	0.000000000000	0.909996000000	0.000000000000	0.010442079344	26000
3	7	0.374000000000	0.874000000000	2	0.000000000000	0.958576000000	0.000000000000	0.006383492224	34000
3	7	0.374000000000	0.874000000000	3	0.000000000000	1.000000000000	0.000000000000	0.000000000000	22000
3	8	0.374000000000	1.000000000000	1	0.000000000000	1.000000000000	0.000000000000	0.000000000000	6000
3	8	0.374000000000	1.000000000000	2	0.000000000000	1.000000000000	0.000000000000	0.000000000000	6000
3	8	0.374000000000	1.000000000000	3	0.000000000000	1.000000000000	0.000000000000	0.000000000000	6000
4	0	0.500000000000	0.000000000000	1	0.909986000000	0.000000000000	0.010433055768	0.000000000000	16000
4	0	0.500000000000	0.000000000000	2	1.000000000000	0.000000000000	0.000000000000	0.000000000000	66000
4	0	0.500000000000	0.000000000000	3	1.000000000000	0.000000000000	0.000000000000	0.000000000000	18000
4	1	0.500000000000	0.124000000000	1	1.000000000000	0.000000000000	0.000000000000	0.000000000000	48000
4	1	0.500000000000	0.124000000000	2	1.000000000000	0.000000000000	0.000000000000	0.000000000000	38000
4	1	0.500000000000	0.124000000000	3	1.000000000000	0.000000000000	0.000000000000	0.000000000000	20000
4	2	0.500000000000	0.250000000000	1	0.890840000000	0.000000000000	0.009748714656	0.000000000000	8000
4	2	0.500000000000	0.250000000000	2	0.924498000000	0.000000000000	0.017111890977	0.000000000000	70000
4	2	0.500000000000	0.250000000000	3	0.920700000000	0.000000000000	0.011509059843	0.000000000000	24000
4	3	0.500000000000	0.374000000000	1	1.000000000000	0.000000000000	0.000000000000	0.000000000000	22000
4	3	0.500000000000	0.374000000000	2	0.879716000000	0.000000000000	0.017145183035	0.000000000000	36000
4	3	0.500000000000	0.374000000000	3	1.000000000000	0.000000000000	0.000000000000	0.000000000000	52000
4	4	0.500000000000	0.500000000000	1	0.000000000000	0.861458000000	0.000000000000	0.011393684744	10000
4	4	0.500000000000	0.500000000000	2	0.000000000000	1.000000000000	0.000000000000	0.000000000000	118000
4	4	0.500000000000	0.500000000000	3	1.000000000000	0.000000000000	0.000000000000	0.000000000000	122000
4	5	0.500000000000	0.624000000000	1	0.000000000000	0.891422000000	0.000000000000	0.014712660479	52000
4	5	0.500000000000	0.624000000000	2	0.000000000000	0.914554000000	0.000000000000	0.010309382492	20000
4	5	0.500000000000	0.624000000000	3	0.000000000000	0.874782000000	0.000000000000	0.008494741705	8000
4	6	0.500000000000	0.750000000000	1	0.000000000000	0.915986000000	0.000000000000	0.008485505748	38000
4	6	0.500000000000	0.750000000000	2	0.000000000000	0.908364000000	0.000000000000	0.013637209299	40000
4	6	0.500000000000	0.750000000000	3	0.000000000000	1.000000000000	0.000000000000	0.000000000000	24000
4	7	0.500000000000	0.874000000000	1	0.000000000000	1.000000000000	0.000000000000	0.000000000000	66000
4	7	0.500000000000	0.874000000000	2	0.000000000000	1.000000000000	0.000000000000	0.000000000000	36000
4	7	0.500000000000	0.874000000000	3	0.000000000000	1.000000000000	0.000000000000	0.000000000000	82000
4	8	0.500000000000	1.000000000000	1	0.000000000000	1.000000000000	0.000000000000	0.000000000000	6000
4	8	0.500000000000	1.000000000000	2	0.000000000000	1.000000000000	0.000000000000	0.000000000000	6000
4	8	0.500000000000	1.000000000000	3	0.000000000000	1.000000000000	0.000000000000	0.000000000000	6000
5	0	0.624000000000	0.000000000000	1	0.928132000000	0.000000000000	0.008718405048	0.000000000000	16000
5	0	0.624000000000	0.000000000000	2	0.911680000000	0.000000000000	0.011463551501	0.000000000000	12000
5	0	0.624000000000	0.000000000000	3	0.906714000000	0.000000000000	0.013714893448	0.000000000000	6000
5	1	0.624000000000	0.124000000000	1	1.000000000000	0.000000000000	0.000000000000	0.000000000000	80000
5	1	0.624000000000	0.124000000000	2	0.908178000000	0.000000000000	0.008757225874	0.000000000000	44000
5	1	0.624000000000	0.124000000000	3	0.978822000000	0.000000000000	0.004281430444	0.000000000000	32000
5	2	0.624000000000	0.250000000000	1	0.899152000000	0.000000000000	0.011856368309	0.000000000000	10000
5	2	0.624000000000	0.250000000000	2	0.887024000000	0.000000000000	0.008861486893	0.000000000000	24000
5	2	0.624000000000	0.250000000000	3	1.000000000000	0.000000000000	0.000000000000	0.000000000000	36000
5	3	0.624000000000	0.374000000000	1	0.911614000000	0.000000000000	0.007724938749	0.000000000000	36000
5	3	0.624000000000	0.374000000000	2	0.900710000000	0.000000000000	0.013019270387	0.000000000000	30000
5	3	0.624000000000	0.374000000000	3	0.945192000000	0.000000000000	0.005915245230	0.000000000000	48000
5	4	0.624000000000	0.500000000000	1	1.000000000000	0.000000000000	0.000000000000	0.000000000000	36000
5	4	0.624000000000	0.500000000000	2	1.000000000000	0.000000000000	0.000000000000	0.000000000000	62000
5	4	0.624000000000	0.500000000000	3	1.000000000000	0.000000000000	0.000000000000	0.000000000000	78000
5	5	0.624000000000	0.624000000000	1	0.000000000000	1.000000000000	0.000000000000	0.000000000000	72000
5	5	0.624000000000	0.624000000000	2	1.000000000000	0.000000000000	0.000000000000	0.000000000000	44000
5	5	0.624000000000	0.624000000000	3	0.000000000000	0.957084000000	0.000000000000	0.007153468817	54000
5	6	0.624000000000	0.750000000000	1	0.000000000000	0.908624000000	0.000000000000	0.012345810749	14000
5	6	0.624000000000	0.750000000000	2	0.000000000000	1.000000000000	0.000000000000	0.000000000000	24000
5	6	0.624000000000	0.750000000000	3	0.000000000000	0.866116000000	0.000000000000	0.009278396016	44000
5	7	0.624000000000	0.874000000000	1	0.000000000000	1.000000000000	0.000000000000	0.000000000000	16000
5	7	0.624000000000	0.874000000000	2	0.000000000000	0.897330000000	0.000000000000	0.009716867680	8000
5	7	0.624000000000	0.874000000000	3	0.000000000000	0.904588000000	0.000000000000	0.007166702004	20000
5	8	0.624000000000	1.000000000000	1	0.000000000000	1.000000000000	0.000000000000	0.000000000000	6000
5	8	0.624000000000	1.000000000000	2	0.000000000000	1.000000000000	0.000000000000	0.000000000000	6000
5	8	0.624000000000	1.000000000000	3	0.000000000000	1.000000000000	0.000000000000	0.000000000000	6000
6	0	0.750000000000	0.000000000000	1	0.921248000000	0.000000000000	0.013804385428	0.000000000000	6000
6	0	0.750000000000	0.000000000000	2	0.917990000000	0.000000000000	0.009511170399	0.000000000000	8000
6	0	0.750000000000	0.000000000000	3	1.000000000000	0.000000000000	0.000000000000	0.000000000000	48000
6	1	0.750000000000	0.124000000000	1	0.876646000000	0.000000000000	0.009445628825	0.000000000000	16000
6	1	0.750000000000	0.124000000000	2	1.000000000000	0.000000000000	0.000000000000	0.000000000000	66000
6	1	0.750000000000	0.124000000000	3	1.000000000000	0.000000000000	0.000000000000	0.000000000000	38000
6	2	0.750000000000	0.250000000000	1	1.000000000000	0.000000000000	0.000000000000	0.000000000000	36000
6	2	0.750000000000	0.250000000000	2	1.000000000000	0.000000000000	0.000000000000	0.000000000000	30000
6	2	0.750000000000	0.250000000000	3	0.915016000000	0.000000000000	0.014743986202	0.000000000000	38000
6	3	0.750000000000	0.374000000000	1	0.904048000000	0.000000000000	0.009644621025	0.000000000000	10000
6	3	0.750000000000	0.374000000000	2	0.887846000000	0.000000000000	0.009386180500	0.000000000000	40000
6	3	0.750000000000	0.374000000000	3	1.000000000000	0.000000000000	0.000000000000	0.000000000000	16000
6	4	0.750000000000	0.500000000000	1	0.889986000000	0.000000000000	0.010085311969	0.000000000000	12000
6	4	0.750000000000	0.500000000000	2	0.903694000000	0.000000000000	0.010022115885	0.000000000000	22000
6	4	0.750000000000	0.500000000000	3	1.000000000000	0.000000000000	0.000000000000	0.000000000000	36000
6	5	0.750000000000	0.624000000000	1	0.906998000000	0.000000000000	0.009229364939	0.000000000000	30000
6	5	0.750000000000	0.624000000000	2	1.000000000000	0.000000000000	0.000000000000	0.000000000000	44000
6	5	0.750000000000	0.624000000000	3	0.963908000000	0.000000000000	0.010379753141	0.000000000000	34000
6	6	0.750000000000	0.750000000000	1	0.000000000000	0.862312000000	0.000000000000	0.012819164832	12000
6	6	0.750000000000	0.750000000000	2	0.000000000000	0.900176000000	0.000000000000	0.012948849242	14000
6	6	0.750000000000	0.750000000000	3	0.904232000000	0.000000000000	0.012414358312	0.000000000000	28000
6	7	0.750000000000	0.874000000000	1	0.000000000000	1.000000000000	0.000000000000	0.000000000000	80000
6	7	0.750000000000	0.874000000000	2	0.000000000000	0.862716000000	0.000000000000	0.011473228795	54000
6	7	0.750000000000	0.874000000000	3	0.000000000000	1.000000000000	0.000000000000	0.000000000000	58000
6	8	0.750000000000	1.000000000000	1	0.000000000000	1.000000000000	0.000000000000	0.000000000000	6000
6	8	0.750000000000	1.000000000000	2	0.000000000000	1.000000000000	0.000000000000	0.000000000000	6000
6	8	0.750000000000	1.000000000000	3	0.000000000000	1.000000000000	0.000000000000	0.000000000000	6000
7	0	0.874000000000	0.000000000000	1	1.000000000000	0.000000000000	0.000000000000	0.000000000000	26000
7	0	0.874000000000	0.000000000000	2	0.888440000000	0.000000000000	0.010325551657	0.000000000000	52000
7	0	0.874000000000	0.000000000000	3	1.000000000000	0.000000000000	0.000000000000	0.000000000000	30000
7	1	0.874000000000	0.124000000000	1	0.941610000000	0.000000000000	0.017692623574	0.000000000000	22000
7	1	0.874000000000	0.124000000000	2	0.946198000000	0.000000000000	0.010453040805	0.000000000000	22000
7	1	0.874000000000	0.124000000000	3	0.957098000000	0.000000000000	0.009284212007	0.000000000000	14000
7	2	0.874000000000	0.250000000000	1	1.000000000000	0.000000000000	0.000000000000	0.000000000000	12000
7	2	0.874000000000	0.250000000000	2	0.938682000000	0.000000000000	0.007724671291	0.000000000000	22000
7	2	0.874000000000	0.250000000000	3	1.000000000000	0.000000000000	0.000000000000	0.000000000000	42000
7	3	0.874000000000	0.374000000000	1	1.000000000000	0.000000000000	0.000000000000	0.000000000000	18000
7	3	0.874000000000	0.374000000000	2	1.000000000000	0.000000000000	0.000000000000	0.000000000000	72000
7	3	0.874000000000	0.374000000000	3	1.000000000000	0.000000000000	0.000000000000	0.000000000000	34000
7	4	0.874000000000	0.500000000000	1	0.904452000000	0.000000000000	0.009042868432	0.000000000000	6000
7	4	0.874000000000	0.500000000000	2	0.898950000000	0.000000000000	0.011446944244	0.000000000000	20000
7	4	0.874000000000	0.500000000000	3	1.000000000000	0.000000000000	0.000000000000	0.000000000000	38000
7	5	0.874000000000	0.624000000000	1	0.905986000000	0.000000000000	0.009442296382	0.000000000000	60000
7	5	0.874000000000	0.624000000000	2	0.907962000000	0.000000000000	0.010627676298	0.000000000000	26000
7	5	0.874000000000	0.624000000000	3	1.000000000000	0.000000000000	0.000000000000	0.000000000000	32000
7	6	0.874000000000	0.750000000000	1	0.926710000000	0.000000000000	0.010363749674	0.000000000000	46000
7	6	0.874000000000	0.750000000000	2	0.851148000000	0.000000000000	0.011026680538	0.000000000000	98000
7	6	0.874000000000	0.750000000000	3	1.000000000000	0.000000000000	0.000000000000	0.000000000000	38000
7	7	0.874000000000	0.874000000000	1	1.000000000000	0.000000000000	0.000000000000	0.000000000000	66000
7	7	0.874000000000	0.874000000000	2	0.000000000000	0.893890000000	0.000000000000	0.009629362628	32000
7	7	0.874000000000	0.874000000000	3	0.000000000000	0.887384000000	0.000000000000	0.012347185793	16000
7	8	0.874000000000	1.000000000000	1	0.000000000000	1.000000000000	0.000000000000	0.000000000000	6000
7	8	0.874000000000	1.000000000000	2	0.000000000000	1.000000000000	0.000000000000	0.000000000000	6000
7	8	0.874000000000	1.000000000000	3	0.000000000000	1.000000000000	0.000000000000	0.000000000000	6000
8	0	1.000000000000	0.000000000000	1	1.000000000000	0.000000000000	0.000000000000	0.000000000000	4000
8	0	1.000000000000	0.000000000000	2	1.000000000000	0.000000000000	0.000000000000	0.000000000000	4000
8	0	1.000000000000	0.000000000000	3	1.000000000000	0.000000000000	0.000000000000	0.000000000000	4000
8	1	1.000000000000	0.124000000000	1	1.000000000000	0.000000000000	0.000000000000	0.000000000000	6000
8	1	1.000000000000	0.124000000000	2	1.000000000000	0.000000000000	0.000000000000	0.000000000000	6000
8	1	1.000000000000	0.124000000000	3	1.000000000000	0.000000000000	0.000000000000	0.000000000000	6000
8	2	1.000000000000	0.250000000000	1	1.000000000000	0.000000000000	0.000000000000	0.000000000000	6000
8	2	1.000000000000	0.250000000000	2	1.000000000000	0.000000000000	0.000000000000	0.000000000000	6000
8	2	1.000000000000	0.250000000000	3	1.000000000000	0.000000000000	0.000000000000	0.000000000000	6000
8	3	1.000000000000	0.374000000000	1	1.000000000000	0.000000000000	0.000000000000	0.000000000000	6000
8	3	1.000000000000	0.374000000000	2	1.000000000000	0.000000000000	0.000000000000	0.000000000000	6000
8	3	1.000000000000	0.374000000000	3	1.000000000000	0.000000000000	0.000000000000	0.000000000000	6000
8	4	1.000000000000	0.500000000000	1	1.000000000000	0.000000000000	0.000000000000	0.000000000000	6000
8	4	1.000000000000	0.500000000000	2	1.000000000000	0.000000000000	0.000000000000	0.000000000000	6000
8	4	1.000000000000	0.500000000000	3	1.000000000000	0.000000000000	0.000000000000	0.000000000000	6000
8	5	1.000000000000	0.624000000000	1	1.000000000000	0.000000000000	0.000000000000	0.000000000000	6000
8	5	1.000000000000	0.624000000000	2	1.000000000000	0.000000000000	0.000000000000	0.000000000000	6000
8	5	1.000000000000	0.624000000000	3	1.000000000000	0.000000000000	0.000000000000	0.000000000000	6000
8	6	1.000000000000	0.750000000000	1	1.000000000000	0.000000000000	0.000000000000	0.000000000000	6000
8	6	1.000000000000	0.750000000000	2	1.000000000000	0.000000000000	0.000000000000	0.000000000000	6000
8	6	1.000000000000	0.750000000000	3	1.000000000000	0.000000000000	0.000000000000	0.000000000000	6000
8	7	1.000000000000	0.874000000000	1	1.000000000000	0.000000000000	0.000000000000	0.000000000000	6000
8	7	1.000000000000	0.874000000000	2	1.000000000000	0.000000000000	0.000000000000	0.000000000000	6000
8	7	1.000000000000	0.874000000000	3	1.000000000000	0.000000000000	0.000000000000	0.000000000000	6000
8	8	1.000000000000	1.000000000000	1	1.000000000000	1.000000000000	0.000000000000	0.000000000000	4000
8	8	1.000000000000	1.000000000000	2	1.000000000000	1.000000000000	0.000000000000	0.000000000000	4000
8	8	1.000000000000	1.000000000000	3	1.000000000000	1.000000000000	0.000000000000	0.000000000000	4000
