# scan initial plane
# b 1.15
# r 0
# e -0.4
# p12 0.2
# ndiv 8
# n_reps 3
# A:(0,1),	A':(0,0.533),	B:(1,0),	B'=(0.533,0),	C:(1,1),	D:(0,0),	E:(0.308,0.308) 
# columns: ix iy x1_0 x2_0 rep x1_inf x2_inf sigma_1 sigma_2 t_relax
4	0	0.500000000000	0.000000000000	1	0.646038000000	0.000000000000	0.011769667841	0.000000000000	4000
4	0	0.500000000000	0.000000000000	2	0.675254000000	0.000000000000	0.013168633069	0.000000000000	6000
4	0	0.500000000000	0.000000000000	3	0.669148000000	0.000000000000	0.011076316210	0.000000000000	22000
4	1	0.500000000000	0.124000000000	1	0.452392000000	0.224782000000	0.017039033560	0.014899344498	25000
4	1	0.500000000000	0.124000000000	2	0.348498000000	0.340882000000	0.016555787208	0.016841547248	25000
4	1	0.500000000000	0.124000000000	3	0.415794000000	0.256362000000	0.015263896965	0.014633902662	25000
4	2	0.500000000000	0.250000000000	1	0.307124000000	0.366282000000	0.027229507342	0.025616336051	25000
4	2	0.500000000000	0.250000000000	2	0.352096000000	0.315326000000	0.013360587161	0.012784411021	25000
4	2	0.500000000000	0.250000000000	3	0.405712000000	0.271864000000	0.020931392194	0.022542619051	25000
4	3	0.500000000000	0.374000000000	1	0.359726000000	0.304578000000	0.012429779701	0.011296261396	25000
4	3	0.500000000000	0.374000000000	2	0.315674000000	0.362050000000	0.020523911785	0.017830294990	25000
4	3	0.500000000000	0.374000000000	3	0.378808000000	0.295430000000	0.020757504908	0.021223608118	25000
4	4	0.500000000000	0.500000000000	1	0.364196000000	0.313738000000	0.015875188364	0.019153020498	25000
4	4	0.500000000000	0.500000000000	2	0.330792000000	0.345830000000	0.017186160133	0.017522846520	25000
4	4	0.500000000000	0.500000000000	3	0.325620000000	0.349466000000	0.014415804362	0.014647778036	25000
4	5	0.500000000000	0.624000000000	1	0.305266000000	0.375192000000	0.022165661744	0.025046326167	25000
4	5	0.500000000000	0.624000000000	2	0.274708000000	0.400414000000	0.017493677851	0.018236369408	25000
4	5	0.500000000000	0.624000000000	3	0.286768000000	0.379102000000	0.013070157038	0.012884859938	25000
4	6	0.500000000000	0.750000000000	1	0.281012000000	0.394132000000	0.018502924477	0.023474190372	25000
4	6	0.500000000000	0.750000000000	2	0.310496000000	0.371876000000	0.038063878452	0.035549407652	10000
4	6	0.500000000000	0.750000000000	3	0.477614000000	0.191008000000	0.031758331121	0.031325088942	25000
4	7	0.500000000000	0.874000000000	1	0.330814000000	0.344938000000	0.011573216638	0.019259675259	25000
4	7	0.500000000000	0.874000000000	2	0.289880000000	0.385516000000	0.014078913872	0.020416821266	25000
4	7	0.500000000000	0.874000000000	3	0.440186000000	0.231952000000	0.026118414492	0.022509561888	25000
4	8	0.500000000000	1.000000000000	1	0.000000000000	1.000000000000	0.000000000000	0.000000000000	6000
4	8	0.500000000000	1.000000000000	2	0.000000000000	1.000000000000	0.000000000000	0.000000000000	6000
4	8	0.500000000000	1.000000000000	3	0.000000000000	1.000000000000	0.000000000000	0.000000000000	6000
