# scan initial plane
# b 1.3
# r 0
# e -0.4
# N1 300
# N2 300
# P11 0.9
# p12 0.1
# P22 0.9
# T_MCS 1000
# T_MAX 30000
# W 2000
# UPDATE_RULE 0
# FERMI_BETA 1
# DEGREE_ALPHA 0.5
# DEGREE_FACTOR_MIN 0.5
# DEGREE_FACTOR_MAX 2
# ndiv 10
# n_reps 5
# A:(0,1),	A':(0,0.133),	B:(1,0),	B'=(0.133,0),	C:(1,1),	D:(0,0),	E:(0.108,0.108) 
# columns: ix iy x1_0 x2_0 rep x1_inf x2_inf sigma_1 sigma_2 t_relax
8	0	0.800000000000	0.000000000000	1	0.126406666667	0.000000000000	0.007836838537	0.000000000000	30000
8	0	0.800000000000	0.000000000000	2	0.129646666667	0.000000000000	0.006081019735	0.000000000000	6000
8	0	0.800000000000	0.000000000000	3	0.128290000000	0.000000000000	0.006381828801	0.000000000000	30000
8	0	0.800000000000	0.000000000000	4	0.130686666667	0.000000000000	0.007847934694	0.000000000000	10000
8	0	0.800000000000	0.000000000000	5	0.128676666667	0.000000000000	0.006729261530	0.000000000000	20000
8	1	0.800000000000	0.100000000000	1	0.097403333333	0.100026666667	0.009163767249	0.007718158457	12000
8	1	0.800000000000	0.100000000000	2	0.100903333333	0.101680000000	0.013060079083	0.007300518080	30000
8	1	0.800000000000	0.100000000000	3	0.099320000000	0.096723333333	0.008265411553	0.007617183012	30000
8	1	0.800000000000	0.100000000000	4	0.103500000000	0.098053333333	0.009147574682	0.008047617158	30000
8	1	0.800000000000	0.100000000000	5	0.102730000000	0.100953333333	0.007670676151	0.009607005841	28000
8	2	0.800000000000	0.200000000000	1	0.100626666667	0.100610000000	0.007908001773	0.007474801773	30000
8	2	0.800000000000	0.200000000000	2	0.098320000000	0.096196666667	0.008334824024	0.007823488585	26000
8	2	0.800000000000	0.200000000000	3	0.096843333333	0.105090000000	0.007117076296	0.006652697243	30000
8	2	0.800000000000	0.200000000000	4	0.095720000000	0.101333333333	0.008449700698	0.005667540022	30000
8	2	0.800000000000	0.200000000000	5	0.103210000000	0.097173333333	0.006497375907	0.009558660482	30000
8	3	0.800000000000	0.300000000000	1	0.092216666667	0.100760000000	0.009517777476	0.008482984598	30000
8	3	0.800000000000	0.300000000000	2	0.101340000000	0.098796666667	0.010297755926	0.008356610134	30000
8	3	0.800000000000	0.300000000000	3	0.098236666667	0.106463333333	0.009136417771	0.008261976104	30000
8	3	0.800000000000	0.300000000000	4	0.102333333333	0.096706666667	0.007146558299	0.007119939465	30000
8	3	0.800000000000	0.300000000000	5	0.093003333333	0.096966666667	0.009101070544	0.007197655917	30000
8	4	0.800000000000	0.400000000000	1	0.105533333333	0.086320000000	0.007748694373	0.006657638197	30000
8	4	0.800000000000	0.400000000000	2	0.095773333333	0.109276666667	0.005504445580	0.008781832163	30000
8	4	0.800000000000	0.400000000000	3	0.105450000000	0.091016666667	0.006518008045	0.006313620693	30000
8	4	0.800000000000	0.400000000000	4	0.089746666667	0.101400000000	0.007188629042	0.010004781417	30000
8	4	0.800000000000	0.400000000000	5	0.097596666667	0.108196666667	0.013239223682	0.007704010976	30000
8	5	0.800000000000	0.500000000000	1	0.098033333333	0.108973333333	0.007485499273	0.007002816536	30000
8	5	0.800000000000	0.500000000000	2	0.097486666667	0.099673333333	0.008018916019	0.008158421951	30000
8	5	0.800000000000	0.500000000000	3	0.095820000000	0.098020000000	0.010394019224	0.009147370414	30000
8	5	0.800000000000	0.500000000000	4	0.103090000000	0.107720000000	0.007850844412	0.008194976909	30000
8	5	0.800000000000	0.500000000000	5	0.090926666667	0.101576666667	0.010564490186	0.006604035968	30000
8	6	0.800000000000	0.600000000000	1	0.096076666667	0.098970000000	0.008355939308	0.007089932646	30000
8	6	0.800000000000	0.600000000000	2	0.097480000000	0.096340000000	0.010406306961	0.006999051368	30000
8	6	0.800000000000	0.600000000000	3	0.109503333333	0.095033333333	0.006827228162	0.007230033506	30000
8	6	0.800000000000	0.600000000000	4	0.093240000000	0.100690000000	0.006892420548	0.007500529029	30000
8	6	0.800000000000	0.600000000000	5	0.105240000000	0.095030000000	0.009272752531	0.007028802147	30000
8	7	0.800000000000	0.700000000000	1	0.099080000000	0.094380000000	0.007188319595	0.007887404166	30000
8	7	0.800000000000	0.700000000000	2	0.103380000000	0.102413333333	0.005608163330	0.008417046328	30000
8	7	0.800000000000	0.700000000000	3	0.102180000000	0.102670000000	0.011122258672	0.008898517683	30000
8	7	0.800000000000	0.700000000000	4	0.108213333333	0.098686666667	0.012969984085	0.008507041056	16000
8	7	0.800000000000	0.700000000000	5	0.096493333333	0.105756666667	0.007581020503	0.006569589329	30000
8	8	0.800000000000	0.800000000000	1	0.106150000000	0.094983333333	0.011107594539	0.008102045615	30000
8	8	0.800000000000	0.800000000000	2	0.093810000000	0.098416666667	0.007390283761	0.006830954525	30000
8	8	0.800000000000	0.800000000000	3	0.095490000000	0.098513333333	0.008467482798	0.006403796422	30000
8	8	0.800000000000	0.800000000000	4	0.106376666667	0.099426666667	0.010442032712	0.009450722756	12000
8	8	0.800000000000	0.800000000000	5	0.098260000000	0.099300000000	0.008072849821	0.007581463559	18000
8	9	0.800000000000	0.900000000000	1	0.098730000000	0.101690000000	0.007824000361	0.009297389556	30000
8	9	0.800000000000	0.900000000000	2	0.096680000000	0.095396666667	0.007014597805	0.008623309194	30000
8	9	0.800000000000	0.900000000000	3	0.091586666667	0.101626666667	0.005251355281	0.008398547629	30000
8	9	0.800000000000	0.900000000000	4	0.098876666667	0.103623333333	0.008879769471	0.007965998676	30000
8	9	0.800000000000	0.900000000000	5	0.083496666667	0.100870000000	0.009222107046	0.007316417381	30000
8	10	0.800000000000	1.000000000000	1	0.000000000000	1.000000000000	0.000000000000	0.000000000000	6000
8	10	0.800000000000	1.000000000000	2	0.000000000000	1.000000000000	0.000000000000	0.000000000000	6000
8	10	0.800000000000	1.000000000000	3	0.000000000000	1.000000000000	0.000000000000	0.000000000000	6000
8	10	0.800000000000	1.000000000000	4	0.000000000000	1.000000000000	0.000000000000	0.000000000000	6000
8	10	0.800000000000	1.000000000000	5	0.000000000000	1.000000000000	0.000000000000	0.000000000000	6000
9	0	0.900000000000	0.000000000000	1	0.134246666667	0.000000000000	0.008511066942	0.000000000000	30000
9	0	0.900000000000	0.000000000000	2	0.127880000000	0.000000000000	0.008976980906	0.000000000000	10000
9	0	0.900000000000	0.000000000000	3	0.129623333333	0.000000000000	0.008226192127	0.000000000000	16000
9	0	0.900000000000	0.000000000000	4	0.127956666667	0.000000000000	0.007088137785	0.000000000000	30000
9	0	0.900000000000	0.000000000000	5	0.125856666667	0.000000000000	0.006258750742	0.000000000000	30000
9	1	0.900000000000	0.100000000000	1	0.098626666667	0.101150000000	0.009139519665	0.009663435885	12000
9	1	0.900000000000	0.100000000000	2	0.094393333333	0.104126666667	0.008764695463	0.008924700135	30000
9	1	0.900000000000	0.100000000000	3	0.096770000000	0.101166666667	0.007141918222	0.009301903800	30000
9	1	0.900000000000	0.100000000000	4	0.103740000000	0.101046666667	0.008882076969	0.009551972231	30000
9	1	0.900000000000	0.100000000000	5	0.098260000000	0.104423333333	0.009206969066	0.008041483342	6000
9	2	0.900000000000	0.200000000000	1	0.102490000000	0.101383333333	0.009295618901	0.010556095555	30000
9	2	0.900000000000	0.200000000000	2	0.105893333333	0.090516666667	0.009907915473	0.008496713399	30000
9	2	0.900000000000	0.200000000000	3	0.102793333333	0.096380000000	0.007788321182	0.005648476172	8000
9	2	0.900000000000	0.200000000000	4	0.097083333333	0.099546666667	0.008014678309	0.007504496854	30000
9	2	0.900000000000	0.200000000000	5	0.102110000000	0.094460000000	0.009328655461	0.007601868891	30000
9	3	0.900000000000	0.300000000000	1	0.104126666667	0.094913333333	0.008007723443	0.007441854838	30000
9	3	0.900000000000	0.300000000000	2	0.103213333333	0.089516666667	0.006819000325	0.011928854738	30000
9	3	0.900000000000	0.300000000000	3	0.097013333333	0.100473333333	0.006524326287	0.008942428848	30000
9	3	0.900000000000	0.300000000000	4	0.095596666667	0.099986666667	0.011623787449	0.010638593354	30000
9	3	0.900000000000	0.300000000000	5	0.100646666667	0.100220000000	0.008367041602	0.009350884399	30000
9	4	0.900000000000	0.400000000000	1	0.096273333333	0.107863333333	0.008760379864	0.005114764547	30000
9	4	0.900000000000	0.400000000000	2	0.089743333333	0.105283333333	0.010388446458	0.008162768983	18000
9	4	0.900000000000	0.400000000000	3	0.100463333333	0.100796666667	0.006350247859	0.006447756389	30000
9	4	0.900000000000	0.400000000000	4	0.101496666667	0.100686666667	0.010619452041	0.008869826908	22000
9	4	0.900000000000	0.400000000000	5	0.103516666667	0.089590000000	0.009085644602	0.007052460049	30000
9	5	0.900000000000	0.500000000000	1	0.101683333333	0.098376666667	0.007494464646	0.007833939235	30000
9	5	0.900000000000	0.500000000000	2	0.096213333333	0.098763333333	0.008721843810	0.008954561578	30000
9	5	0.900000000000	0.500000000000	3	0.105236666667	0.095213333333	0.008108209746	0.007231574756	30000
9	5	0.900000000000	0.500000000000	4	0.099233333333	0.091036666667	0.008188837345	0.007910549153	30000
9	5	0.900000000000	0.500000000000	5	0.109590000000	0.093433333333	0.009242148956	0.006697542781	30000
9	6	0.900000000000	0.600000000000	1	0.102890000000	0.098796666667	0.008991716921	0.007558527797	30000
9	6	0.900000000000	0.600000000000	2	0.101013333333	0.107666666667	0.009871594690	0.005683217894	16000
9	6	0.900000000000	0.600000000000	3	0.099286666667	0.102203333333	0.006650132985	0.008988480498	30000
9	6	0.900000000000	0.600000000000	4	0.099653333333	0.096666666667	0.012637491645	0.010725023881	30000
9	6	0.900000000000	0.600000000000	5	0.107406666667	0.097450000000	0.008187218188	0.011609337671	30000
9	7	0.900000000000	0.700000000000	1	0.096663333333	0.098030000000	0.009396776011	0.010739387060	30000
9	7	0.900000000000	0.700000000000	2	0.101343333333	0.098326666667	0.008685479825	0.007684986309	30000
9	7	0.900000000000	0.700000000000	3	0.096813333333	0.098966666667	0.009723152537	0.007851006622	30000
9	7	0.900000000000	0.700000000000	4	0.105306666667	0.098523333333	0.005875223535	0.007361784678	30000
9	7	0.900000000000	0.700000000000	5	0.097966666667	0.096923333333	0.007066662260	0.006563322285	30000
9	8	0.900000000000	0.800000000000	1	0.102366666667	0.097560000000	0.007716691331	0.007359839258	30000
9	8	0.900000000000	0.800000000000	2	0.095733333333	0.103486666667	0.008691246170	0.008859990562	30000
9	8	0.900000000000	0.800000000000	3	0.099836666667	0.101386666667	0.007589307378	0.007705905591	30000
9	8	0.900000000000	0.800000000000	4	0.095940000000	0.104103333333	0.009008502021	0.009580013279	30000
9	8	0.900000000000	0.800000000000	5	0.099856666667	0.107046666667	0.006750516237	0.007364996708	30000
9	9	0.900000000000	0.900000000000	1	0.098920000000	0.098103333333	0.007865955189	0.007141295268	30000
9	9	0.900000000000	0.900000000000	2	0.097573333333	0.100213333333	0.008606639997	0.007495895885	30000
9	9	0.900000000000	0.900000000000	3	0.097956666667	0.103563333333	0.008999086077	0.007376491289	30000
9	9	0.900000000000	0.900000000000	4	0.103740000000	0.103520000000	0.007913948834	0.009195696140	30000
9	9	0.900000000000	0.900000000000	5	0.101640000000	0.094583333333	0.006107639381	0.008961400314	30000
9	10	0.900000000000	1.000000000000	1	0.000000000000	1.000000000000	0.000000000000	0.000000000000	6000
9	10	0.900000000000	1.000000000000	2	0.000000000000	1.000000000000	0.000000000000	0.000000000000	6000
9	10	0.900000000000	1.000000000000	3	0.000000000000	1.000000000000	0.000000000000	0.000000000000	6000
9	10	0.900000000000	1.000000000000	4	0.000000000000	1.000000000000	0.000000000000	0.000000000000	6000
9	10	0.900000000000	1.000000000000	5	0.000000000000	1.000000000000	0.000000000000	0.000000000000	6000
