# scan initial plane
# b 1.1
# r 0
# e -0.4
# p12 0.03
# ndiv 8
# n_reps 3
# A:(0,1),	A':(0,0.040),	B:(1,0),	B'=(0.360,0),	C:(1,1),	D:(0,0),	E:(0.350,0.023) 
# columns: ix iy x1_0 x2_0 rep x1_inf x2_inf sigma_1 sigma_2 t_relax
6	0	0.750000000000	0.000000000000	1	0.329395000000	0.000000000000	0.018464829404	0.000000000000	24000
6	0	0.750000000000	0.000000000000	2	0.312400000000	0.000000000000	0.019859113384	0.000000000000	12000
6	0	0.750000000000	0.000000000000	3	0.335680000000	0.000000000000	0.024311080367	0.000000000000	16000
6	1	0.750000000000	0.125000000000	1	0.344785000000	0.000000000000	0.017724077350	0.000000000000	25000
6	1	0.750000000000	0.125000000000	2	0.320875000000	0.000000000000	0.020824097052	0.000000000000	25000
6	1	0.750000000000	0.125000000000	3	0.330985000000	0.000000000000	0.013577154124	0.000000000000	25000
6	2	0.750000000000	0.250000000000	1	0.315050000000	0.000000000000	0.023868749804	0.000000000000	25000
6	2	0.750000000000	0.250000000000	2	0.329860000000	0.000000000000	0.018839727581	0.000000000000	16000
6	2	0.750000000000	0.250000000000	3	0.324895000000	0.000000000000	0.015868704761	0.000000000000	16000
6	3	0.750000000000	0.375000000000	1	0.328275000000	0.000000000000	0.015554462907	0.000000000000	25000
6	3	0.750000000000	0.375000000000	2	0.327710000000	0.000000000000	0.016429419522	0.000000000000	25000
6	3	0.750000000000	0.375000000000	3	0.317170000000	0.000000000000	0.020924362091	0.000000000000	25000
6	4	0.750000000000	0.500000000000	1	0.322660000000	0.000000000000	0.016751268758	0.000000000000	25000
6	4	0.750000000000	0.500000000000	2	0.307170000000	0.000000000000	0.016146262781	0.000000000000	16000
6	4	0.750000000000	0.500000000000	3	0.316470000000	0.000000000000	0.017364925587	0.000000000000	12000
6	5	0.750000000000	0.625000000000	1	0.332510000000	0.000000000000	0.015155183258	0.000000000000	25000
6	5	0.750000000000	0.625000000000	2	0.330925000000	0.000000000000	0.018437986179	0.000000000000	25000
6	5	0.750000000000	0.625000000000	3	0.308685000000	0.000000000000	0.016418445126	0.000000000000	12000
6	6	0.750000000000	0.750000000000	1	0.330830000000	0.000000000000	0.018478434797	0.000000000000	25000
6	6	0.750000000000	0.750000000000	2	0.328415000000	0.000000000000	0.014922649244	0.000000000000	20000
6	6	0.750000000000	0.750000000000	3	0.322260000000	0.000000000000	0.019542884238	0.000000000000	25000
6	7	0.750000000000	0.875000000000	1	0.321845000000	0.000000000000	0.014590540047	0.000000000000	25000
6	7	0.750000000000	0.875000000000	2	0.322180000000	0.003058333333	0.017790843547	0.001147762617	10000
6	7	0.750000000000	0.875000000000	3	0.327675000000	0.000000000000	0.014234535363	0.000000000000	25000
6	8	0.750000000000	1.000000000000	1	0.000000000000	1.000000000000	0.000000000000	0.000000000000	6000
6	8	0.750000000000	1.000000000000	2	0.000000000000	1.000000000000	0.000000000000	0.000000000000	18000
6	8	0.750000000000	1.000000000000	3	0.000000000000	1.000000000000	0.000000000000	0.000000000000	14000
