# scan initial plane
# b 1.174
# r 0
# e -0.4
# p12 0.1
# ndiv 10
# n_reps 5
# A:(0,1),	A':(0,0.230),	B:(1,0),	B'=(0.230,0),	C:(1,1),	D:(0,0),	E:(0.173,0.173) 
# columns: ix iy x1_0 x2_0 rep x1_inf x2_inf sigma_1 sigma_2 t_relax
3	0	0.300000000000	0.000000000000	1	0.154400000000	0.000000000000	0.016838156773	0.000000000000	4000
3	0	0.300000000000	0.000000000000	2	0.151270000000	0.000000000000	0.020574508753	0.000000000000	26000
3	0	0.300000000000	0.000000000000	3	0.160070000000	0.000000000000	0.018434612416	0.000000000000	20000
3	0	0.300000000000	0.000000000000	4	0.164970000000	0.000000000000	0.017558684672	0.000000000000	30000
3	0	0.300000000000	0.000000000000	5	0.161380000000	0.000000000000	0.015281659894	0.000000000000	4000
3	1	0.300000000000	0.100000000000	1	0.083750000000	0.138870000000	0.031054820912	0.019642018962	30000
3	1	0.300000000000	0.100000000000	2	0.096480000000	0.113770000000	0.026753043291	0.018800014376	30000
3	1	0.300000000000	0.100000000000	3	0.113490000000	0.109570000000	0.037198166670	0.025340821953	22000
3	1	0.300000000000	0.100000000000	4	0.000000000000	0.145050000000	0.000000000000	0.023193435180	30000
3	1	0.300000000000	0.100000000000	5	0.160900000000	0.000000000000	0.017253628247	0.000000000000	28000
3	2	0.300000000000	0.200000000000	1	0.121840000000	0.108000000000	0.031125282058	0.030293856105	30000
3	2	0.300000000000	0.200000000000	2	0.113430000000	0.119980000000	0.022809106851	0.021919855841	30000
3	2	0.300000000000	0.200000000000	3	0.000000000000	0.149460000000	0.000000000000	0.012801260574	18000
3	2	0.300000000000	0.200000000000	4	0.126150000000	0.081580000000	0.020437592696	0.021577051911	30000
3	2	0.300000000000	0.200000000000	5	0.117720000000	0.102300000000	0.021162453767	0.022548135586	30000
3	3	0.300000000000	0.300000000000	1	0.102040000000	0.127510000000	0.018054483221	0.022922157955	6000
3	3	0.300000000000	0.300000000000	2	0.125570000000	0.093120000000	0.029956175865	0.018077400045	30000
3	3	0.300000000000	0.300000000000	3	0.109810000000	0.113270000000	0.018444622634	0.023785980595	30000
3	3	0.300000000000	0.300000000000	4	0.109570000000	0.125280000000	0.029996915090	0.021817369172	30000
3	3	0.300000000000	0.300000000000	5	0.073730000000	0.113210000000	0.015153109144	0.022893667684	30000
3	4	0.300000000000	0.400000000000	1	0.000000000000	0.157120000000	0.000000000000	0.024308362686	30000
3	4	0.300000000000	0.400000000000	2	0.119520000000	0.093970000000	0.024851301519	0.014161201914	30000
3	4	0.300000000000	0.400000000000	3	0.094910000000	0.133780000000	0.018893089976	0.025253699716	30000
3	4	0.300000000000	0.400000000000	4	0.093000000000	0.131640000000	0.033414316041	0.017669822371	30000
3	4	0.300000000000	0.400000000000	5	0.128080000000	0.099840000000	0.018928071002	0.021485717024	30000
3	5	0.300000000000	0.500000000000	1	0.127670000000	0.078910000000	0.020156323508	0.019679918679	30000
3	5	0.300000000000	0.500000000000	2	0.000000000000	0.162330000000	0.000000000000	0.019775291709	16000
3	5	0.300000000000	0.500000000000	3	0.000000000000	0.145690000000	0.000000000000	0.019170064981	30000
3	5	0.300000000000	0.500000000000	4	0.119900000000	0.131780000000	0.028698669196	0.028559538639	30000
3	5	0.300000000000	0.500000000000	5	0.000000000000	0.159330000000	0.000000000000	0.017411325459	12000
3	6	0.300000000000	0.600000000000	1	0.123930000000	0.107790000000	0.029992576659	0.038208320766	6000
3	6	0.300000000000	0.600000000000	2	0.127160000000	0.119810000000	0.018715893906	0.019800402924	30000
3	6	0.300000000000	0.600000000000	3	0.000000000000	0.158050000000	0.000000000000	0.027685085587	22000
3	6	0.300000000000	0.600000000000	4	0.134310000000	0.125140000000	0.026620152752	0.023360781796	30000
3	6	0.300000000000	0.600000000000	5	0.096150000000	0.099060000000	0.021315061150	0.017088253521	6000
3	7	0.300000000000	0.700000000000	1	0.096360000000	0.116940000000	0.024263947312	0.022820104232	30000
3	7	0.300000000000	0.700000000000	2	0.114090000000	0.110470000000	0.023179931174	0.044896489783	30000
3	7	0.300000000000	0.700000000000	3	0.116050000000	0.085870000000	0.033746649261	0.046421957069	30000
3	7	0.300000000000	0.700000000000	4	0.000000000000	0.158420000000	0.000000000000	0.021849049887	18000
3	7	0.300000000000	0.700000000000	5	0.129360000000	0.114520000000	0.031884275231	0.023454631093	30000
3	8	0.300000000000	0.800000000000	1	0.101370000000	0.115970000000	0.020991992849	0.020878098453	30000
3	8	0.300000000000	0.800000000000	2	0.082880000000	0.133010000000	0.023320579955	0.012915367076	30000
3	8	0.300000000000	0.800000000000	3	0.121900000000	0.116050000000	0.027530854472	0.022176322718	30000
3	8	0.300000000000	0.800000000000	4	0.126550000000	0.114530000000	0.021667186411	0.020532917491	30000
3	8	0.300000000000	0.800000000000	5	0.000000000000	0.164690000000	0.000000000000	0.020696188834	30000
3	9	0.300000000000	0.900000000000	1	0.102500000000	0.107550000000	0.028968762300	0.025046453338	30000
3	9	0.300000000000	0.900000000000	2	0.100120000000	0.121880000000	0.024441419414	0.022653449600	30000
3	9	0.300000000000	0.900000000000	3	0.139490000000	0.115170000000	0.018060068274	0.024518814659	30000
3	9	0.300000000000	0.900000000000	4	0.129800000000	0.110330000000	0.022186758489	0.022492154121	30000
3	9	0.300000000000	0.900000000000	5	0.101620000000	0.125100000000	0.030382539372	0.018273585415	30000
3	10	0.300000000000	1.000000000000	1	0.000000000000	1.000000000000	0.000000000000	0.000000000000	6000
3	10	0.300000000000	1.000000000000	2	0.000000000000	1.000000000000	0.000000000000	0.000000000000	6000
3	10	0.300000000000	1.000000000000	3	0.000000000000	1.000000000000	0.000000000000	0.000000000000	6000
3	10	0.300000000000	1.000000000000	4	0.000000000000	1.000000000000	0.000000000000	0.000000000000	6000
3	10	0.300000000000	1.000000000000	5	0.000000000000	1.000000000000	0.000000000000	0.000000000000	6000
