# scan initial plane
# b 1.15
# r 0
# e -0.4
# p12 0.23
# ndiv 8
# n_reps 3
# A:(0,1),	A':(0,0.613),	B:(1,0),	B'=(0.613,0),	C:(1,1),	D:(0,0),	E:(0.333,0.333) 
# columns: ix iy x1_0 x2_0 rep x1_inf x2_inf sigma_1 sigma_2 t_relax
3	0	0.374000000000	0.000000000000	1	0.668524000000	0.000000000000	0.009925317926	0.000000000000	22000
3	0	0.374000000000	0.000000000000	2	0.666616000000	0.000000000000	0.007852273696	0.000000000000	6000
3	0	0.374000000000	0.000000000000	3	0.671412000000	0.000000000000	0.010971537296	0.000000000000	10000
3	1	0.374000000000	0.124000000000	1	0.396690000000	0.289828000000	0.016549374060	0.016637524552	216000
3	1	0.374000000000	0.124000000000	2	0.615340000000	0.068646000000	0.024873421298	0.020912963349	70000
3	1	0.374000000000	0.124000000000	3	0.679172000000	0.000000000000	0.011280144399	0.000000000000	84000
3	2	0.374000000000	0.250000000000	1	0.672096000000	0.000000000000	0.009138615776	0.000000000000	264000
3	2	0.374000000000	0.250000000000	2	0.669718000000	0.000000000000	0.011641821507	0.000000000000	28000
3	2	0.374000000000	0.250000000000	3	0.183210000000	0.497206000000	0.013715101312	0.015738782458	36000
3	3	0.374000000000	0.374000000000	1	0.688142000000	0.000000000000	0.010495999333	0.000000000000	132000
3	3	0.374000000000	0.374000000000	2	0.674182000000	0.000000000000	0.012468774853	0.000000000000	136000
3	3	0.374000000000	0.374000000000	3	0.671272000000	0.000000000000	0.011059490419	0.000000000000	242000
3	4	0.374000000000	0.500000000000	1	0.663426000000	0.000000000000	0.007118229639	0.000000000000	108000
3	4	0.374000000000	0.500000000000	2	0.668684000000	0.000000000000	0.011866969662	0.000000000000	108000
3	4	0.374000000000	0.500000000000	3	0.668478000000	0.000000000000	0.012524391258	0.000000000000	112000
3	5	0.374000000000	0.624000000000	1	0.673812000000	0.000000000000	0.010337093959	0.000000000000	186000
3	5	0.374000000000	0.624000000000	2	0.463244000000	0.221394000000	0.026024791138	0.024572679556	58000
3	5	0.374000000000	0.624000000000	3	0.221490000000	0.458304000000	0.018445925083	0.013667127510	122000
3	6	0.374000000000	0.750000000000	1	0.490002000000	0.204944000000	0.013995709195	0.010265195480	14000
3	6	0.374000000000	0.750000000000	2	0.470608000000	0.211354000000	0.016530928819	0.014506727030	60000
3	6	0.374000000000	0.750000000000	3	0.607290000000	0.073446000000	0.016480154596	0.013838518295	88000
3	7	0.374000000000	0.874000000000	1	0.657908000000	0.000000000000	0.009506308742	0.000000000000	108000
3	7	0.374000000000	0.874000000000	2	0.675364000000	0.000000000000	0.010782939107	0.000000000000	80000
3	7	0.374000000000	0.874000000000	3	0.437236000000	0.261444000000	0.037488954716	0.036557068855	24000
3	8	0.374000000000	1.000000000000	1	0.000000000000	1.000000000000	0.000000000000	0.000000000000	6000
3	8	0.374000000000	1.000000000000	2	0.000000000000	1.000000000000	0.000000000000	0.000000000000	6000
3	8	0.374000000000	1.000000000000	3	0.000000000000	1.000000000000	0.000000000000	0.000000000000	6000
