# scan initial plane
# b 1.174
# r 0
# e -0.4
# p12 0.3
# ndiv 10
# n_reps 5
# A:(0,1),	A':(0,0.690),	B:(1,0),	B'=(0.690,0),	C:(1,1),	D:(0,0),	E:(0.347,0.347) 
# columns: ix iy x1_0 x2_0 rep x1_inf x2_inf sigma_1 sigma_2 t_relax
0	0	0.000000000000	0.000000000000	1	0.000000000000	0.000000000000	0.000000000000	0.000000000000	4000
0	0	0.000000000000	0.000000000000	2	0.000000000000	0.000000000000	0.000000000000	0.000000000000	4000
0	0	0.000000000000	0.000000000000	3	0.000000000000	0.000000000000	0.000000000000	0.000000000000	4000
0	0	0.000000000000	0.000000000000	4	0.000000000000	0.000000000000	0.000000000000	0.000000000000	4000
0	0	0.000000000000	0.000000000000	5	0.000000000000	0.000000000000	0.000000000000	0.000000000000	4000
0	1	0.000000000000	0.100000000000	1	0.000000000000	0.701150000000	0.000000000000	0.016142741034	24000
0	1	0.000000000000	0.100000000000	2	0.000000000000	0.694540000000	0.000000000000	0.017386508870	26000
0	1	0.000000000000	0.100000000000	3	0.000000000000	0.699280000000	0.000000000000	0.013587355012	16000
0	1	0.000000000000	0.100000000000	4	0.000000000000	0.703400000000	0.000000000000	0.019681904821	30000
0	1	0.000000000000	0.100000000000	5	0.000000000000	0.707335000000	0.000000000000	0.015016599924	28000
0	2	0.000000000000	0.200000000000	1	0.000000000000	0.679135000000	0.000000000000	0.017057776606	14000
0	2	0.000000000000	0.200000000000	2	0.000000000000	0.682075000000	0.000000000000	0.019163418578	12000
0	2	0.000000000000	0.200000000000	3	0.000000000000	0.683555000000	0.000000000000	0.017514100568	22000
0	2	0.000000000000	0.200000000000	4	0.000000000000	0.692075000000	0.000000000000	0.016442010665	22000
0	2	0.000000000000	0.200000000000	5	0.000000000000	0.688815000000	0.000000000000	0.016861348703	8000
0	3	0.000000000000	0.300000000000	1	0.000000000000	0.696400000000	0.000000000000	0.017221689423	30000
0	3	0.000000000000	0.300000000000	2	0.000000000000	0.679215000000	0.000000000000	0.025224889892	30000
0	3	0.000000000000	0.300000000000	3	0.000000000000	0.709330000000	0.000000000000	0.018487641626	14000
0	3	0.000000000000	0.300000000000	4	0.000000000000	0.678920000000	0.000000000000	0.015766489215	18000
0	3	0.000000000000	0.300000000000	5	0.000000000000	0.675755000000	0.000000000000	0.016051873337	8000
0	4	0.000000000000	0.400000000000	1	0.000000000000	0.685310000000	0.000000000000	0.018878832334	30000
0	4	0.000000000000	0.400000000000	2	0.000000000000	0.696170000000	0.000000000000	0.018738522680	18000
0	4	0.000000000000	0.400000000000	3	0.000000000000	0.705495000000	0.000000000000	0.013517125718	4000
0	4	0.000000000000	0.400000000000	4	0.000000000000	0.710055000000	0.000000000000	0.014299526267	4000
0	4	0.000000000000	0.400000000000	5	0.000000000000	0.689235000000	0.000000000000	0.020245979222	12000
0	5	0.000000000000	0.500000000000	1	0.000000000000	0.695640000000	0.000000000000	0.015926206204	8000
0	5	0.000000000000	0.500000000000	2	0.000000000000	0.681295000000	0.000000000000	0.015069009591	24000
0	5	0.000000000000	0.500000000000	3	0.000000000000	0.693205000000	0.000000000000	0.016543175380	12000
0	5	0.000000000000	0.500000000000	4	0.000000000000	0.678905000000	0.000000000000	0.013993634153	10000
0	5	0.000000000000	0.500000000000	5	0.000000000000	0.708225000000	0.000000000000	0.018166022663	22000
0	6	0.000000000000	0.600000000000	1	0.000000000000	0.692800000000	0.000000000000	0.015409329883	18000
0	6	0.000000000000	0.600000000000	2	0.000000000000	0.687395000000	0.000000000000	0.019411743631	22000
0	6	0.000000000000	0.600000000000	3	0.000000000000	0.697635000000	0.000000000000	0.017417955108	30000
0	6	0.000000000000	0.600000000000	4	0.000000000000	0.696220000000	0.000000000000	0.016809049472	22000
0	6	0.000000000000	0.600000000000	5	0.000000000000	0.701210000000	0.000000000000	0.019239440118	24000
0	7	0.000000000000	0.700000000000	1	0.000000000000	0.693080000000	0.000000000000	0.014172666103	30000
0	7	0.000000000000	0.700000000000	2	0.000000000000	0.723725000000	0.000000000000	0.015337359930	14000
0	7	0.000000000000	0.700000000000	3	0.000000000000	0.695890000000	0.000000000000	0.018020339415	30000
0	7	0.000000000000	0.700000000000	4	0.000000000000	0.682285000000	0.000000000000	0.017445862923	12000
0	7	0.000000000000	0.700000000000	5	0.000000000000	0.697465000000	0.000000000000	0.014959028964	28000
0	8	0.000000000000	0.800000000000	1	0.000000000000	0.706470000000	0.000000000000	0.015154826583	14000
0	8	0.000000000000	0.800000000000	2	0.000000000000	0.693370000000	0.000000000000	0.013868505162	8000
0	8	0.000000000000	0.800000000000	3	0.000000000000	0.683845000000	0.000000000000	0.019095958489	24000
0	8	0.000000000000	0.800000000000	4	0.000000000000	0.712520000000	0.000000000000	0.016461183754	4000
0	8	0.000000000000	0.800000000000	5	0.000000000000	0.667935000000	0.000000000000	0.017123200022	10000
0	9	0.000000000000	0.900000000000	1	0.000000000000	0.695400000000	0.000000000000	0.015263452197	18000
0	9	0.000000000000	0.900000000000	2	0.000000000000	0.707240000000	0.000000000000	0.021785476975	22000
0	9	0.000000000000	0.900000000000	3	0.000000000000	0.711170000000	0.000000000000	0.019245817767	12000
0	9	0.000000000000	0.900000000000	4	0.000000000000	0.690275000000	0.000000000000	0.019220270388	30000
0	9	0.000000000000	0.900000000000	5	0.000000000000	0.700410000000	0.000000000000	0.017746741866	8000
0	10	0.000000000000	1.000000000000	1	0.000000000000	1.000000000000	0.000000000000	0.000000000000	4000
0	10	0.000000000000	1.000000000000	2	0.000000000000	1.000000000000	0.000000000000	0.000000000000	4000
0	10	0.000000000000	1.000000000000	3	0.000000000000	1.000000000000	0.000000000000	0.000000000000	4000
0	10	0.000000000000	1.000000000000	4	0.000000000000	1.000000000000	0.000000000000	0.000000000000	4000
0	10	0.000000000000	1.000000000000	5	0.000000000000	1.000000000000	0.000000000000	0.000000000000	4000
