# scan initial plane
# b 1.06
# r 0
# e -0.4
# p12 0.02
# ndiv 8
# n_reps 3
# A:(0,1),	A':(0,0.400),	B:(1,0),	B'=(0.044,0),	C:(1,1),	D:(0,0),	E:(0.025,0.389) 
# columns: ix iy x1_0 x2_0 rep x1_inf x2_inf sigma_1 sigma_2 t_relax
0	0	0.000000000000	0.000000000000	1	0.000000000000	0.000000000000	0.000000000000	0.000000000000	4000
0	0	0.000000000000	0.000000000000	2	0.000000000000	0.000000000000	0.000000000000	0.000000000000	4000
0	0	0.000000000000	0.000000000000	3	0.000000000000	0.000000000000	0.000000000000	0.000000000000	4000
0	1	0.000000000000	0.125000000000	1	0.000000000000	0.378780000000	0.000000000000	0.014438925950	18000
0	1	0.000000000000	0.125000000000	2	0.000000000000	0.380635000000	0.000000000000	0.012104990946	82000
0	1	0.000000000000	0.125000000000	3	0.000000000000	0.376712500000	0.000000000000	0.014209609662	12000
0	2	0.000000000000	0.250000000000	1	0.000000000000	0.367255000000	0.000000000000	0.017118206916	60000
0	2	0.000000000000	0.250000000000	2	0.000000000000	0.387260000000	0.000000000000	0.013492570157	6000
0	2	0.000000000000	0.250000000000	3	0.000000000000	0.371615000000	0.000000000000	0.020698313825	62000
0	3	0.000000000000	0.375000000000	1	0.000000000000	0.378270000000	0.000000000000	0.018662942035	14000
0	3	0.000000000000	0.375000000000	2	0.000000000000	0.371555000000	0.000000000000	0.011872149044	60000
0	3	0.000000000000	0.375000000000	3	0.000000000000	0.372597500000	0.000000000000	0.011906973577	72000
0	4	0.000000000000	0.500000000000	1	0.000000000000	0.386565000000	0.000000000000	0.016509037626	12000
0	4	0.000000000000	0.500000000000	2	0.000000000000	0.370447500000	0.000000000000	0.014866977526	36000
0	4	0.000000000000	0.500000000000	3	0.000000000000	0.398195000000	0.000000000000	0.014627660218	62000
0	5	0.000000000000	0.625000000000	1	0.000000000000	0.389160000000	0.000000000000	0.014067864259	24000
0	5	0.000000000000	0.625000000000	2	0.000000000000	0.373395000000	0.000000000000	0.015014139982	36000
0	5	0.000000000000	0.625000000000	3	0.000000000000	0.375260000000	0.000000000000	0.015025250685	92000
0	6	0.000000000000	0.750000000000	1	0.000000000000	0.381925000000	0.000000000000	0.013011097712	80000
0	6	0.000000000000	0.750000000000	2	0.000000000000	0.381982500000	0.000000000000	0.013669777122	38000
0	6	0.000000000000	0.750000000000	3	0.000000000000	0.385190000000	0.000000000000	0.012072578314	12000
0	7	0.000000000000	0.875000000000	1	0.000000000000	0.377960000000	0.000000000000	0.013796421320	20000
0	7	0.000000000000	0.875000000000	2	0.000000000000	0.391330000000	0.000000000000	0.016407324593	14000
0	7	0.000000000000	0.875000000000	3	0.000000000000	0.385195000000	0.000000000000	0.011889736786	44000
0	8	0.000000000000	1.000000000000	1	0.000000000000	1.000000000000	0.000000000000	0.000000000000	4000
0	8	0.000000000000	1.000000000000	2	0.000000000000	1.000000000000	0.000000000000	0.000000000000	4000
0	8	0.000000000000	1.000000000000	3	0.000000000000	1.000000000000	0.000000000000	0.000000000000	4000
1	0	0.125000000000	0.000000000000	1	0.037356666667	0.000000000000	0.001456658913	0.000000000000	6000
1	0	0.125000000000	0.000000000000	2	0.036746666667	0.000000000000	0.001435596990	0.000000000000	70000
1	0	0.125000000000	0.000000000000	3	0.032820000000	0.000000000000	0.001475183058	0.000000000000	42000
1	1	0.125000000000	0.125000000000	1	0.000000000000	0.369912500000	0.000000000000	0.011738777306	94000
1	1	0.125000000000	0.125000000000	2	0.015783333333	0.356240000000	0.001665080994	0.013002652382	20000
1	1	0.125000000000	0.125000000000	3	0.000000000000	0.355212500000	0.000000000000	0.010414271496	38000
1	2	0.125000000000	0.250000000000	1	0.017897500000	0.366497500000	0.001244907042	0.011261797007	100000
1	2	0.125000000000	0.250000000000	2	0.009813333333	0.362837500000	0.001212762555	0.012496439683	100000
1	2	0.125000000000	0.250000000000	3	0.000000000000	0.375082500000	0.000000000000	0.010665397060	72000
1	3	0.125000000000	0.375000000000	1	0.012435833333	0.368850000000	0.002592021110	0.015299479536	100000
1	3	0.125000000000	0.375000000000	2	0.013113333333	0.364210000000	0.003057295892	0.012474233704	100000
1	3	0.125000000000	0.375000000000	3	0.000000000000	0.385537500000	0.000000000000	0.009199291860	48000
1	4	0.125000000000	0.500000000000	1	0.000000000000	0.375800000000	0.000000000000	0.013588401107	86000
1	4	0.125000000000	0.500000000000	2	0.000000000000	0.396270000000	0.000000000000	0.013959565519	48000
1	4	0.125000000000	0.500000000000	3	0.019340833333	0.379805000000	0.002213967244	0.011452319880	100000
1	5	0.125000000000	0.625000000000	1	0.018194166667	0.371240000000	0.001563167553	0.018499111252	60000
1	5	0.125000000000	0.625000000000	2	0.013041666667	0.364050000000	0.001117194309	0.010540213285	100000
1	5	0.125000000000	0.625000000000	3	0.003325000000	0.390077500000	0.001183191281	0.015477881268	100000
1	6	0.125000000000	0.750000000000	1	0.007204166667	0.380290000000	0.002068133575	0.010488727922	100000
1	6	0.125000000000	0.750000000000	2	0.000000000000	0.361620000000	0.000000000000	0.017129843301	60000
1	6	0.125000000000	0.750000000000	3	0.014938333333	0.367810000000	0.002391646452	0.017690162290	100000
1	7	0.125000000000	0.875000000000	1	0.000000000000	0.359255000000	0.000000000000	0.014582785489	52000
1	7	0.125000000000	0.875000000000	2	0.006340833333	0.373432500000	0.001569604220	0.013429148736	100000
1	7	0.125000000000	0.875000000000	3	0.000000000000	0.365840000000	0.000000000000	0.010529376419	100000
1	8	0.125000000000	1.000000000000	1	0.001023333333	1.000000000000	0.000349793781	0.000000000000	26000
1	8	0.125000000000	1.000000000000	2	0.004907500000	1.000000000000	0.000990261992	0.000000000000	60000
1	8	0.125000000000	1.000000000000	3	0.003825833333	1.000000000000	0.001262166626	0.000000000000	32000
2	0	0.250000000000	0.000000000000	1	0.032470833333	0.000000000000	0.002378713898	0.000000000000	54000
2	0	0.250000000000	0.000000000000	2	0.038205000000	0.000000000000	0.003208182367	0.000000000000	94000
2	0	0.250000000000	0.000000000000	3	0.036409166667	0.000000000000	0.002159319793	0.000000000000	18000
2	1	0.250000000000	0.125000000000	1	0.016517500000	0.377657500000	0.002457366286	0.014551398109	100000
2	1	0.250000000000	0.125000000000	2	0.016927500000	0.360485000000	0.002482985002	0.014751521358	100000
2	1	0.250000000000	0.125000000000	3	0.025023333333	0.330525000000	0.001858574385	0.015528296848	100000
2	2	0.250000000000	0.250000000000	1	0.000000000000	0.367320000000	0.000000000000	0.011430146467	48000
2	2	0.250000000000	0.250000000000	2	0.000000000000	0.371837500000	0.000000000000	0.013554559005	76000
2	2	0.250000000000	0.250000000000	3	0.000000000000	0.375587500000	0.000000000000	0.012892917477	100000
2	3	0.250000000000	0.375000000000	1	0.015040000000	0.365727500000	0.001296929632	0.011141190236	100000
2	3	0.250000000000	0.375000000000	2	0.016590000000	0.369862500000	0.001716298055	0.013525264379	100000
2	3	0.250000000000	0.375000000000	3	0.000000000000	0.384630000000	0.000000000000	0.011319948818	70000
2	4	0.250000000000	0.500000000000	1	0.006902500000	0.364677500000	0.001851772583	0.016074767242	100000
2	4	0.250000000000	0.500000000000	2	0.000000000000	0.350707500000	0.000000000000	0.014390110111	60000
2	4	0.250000000000	0.500000000000	3	0.000000000000	0.372802500000	0.000000000000	0.013126768673	100000
2	5	0.250000000000	0.625000000000	1	0.014295000000	0.368872500000	0.001385703053	0.014899899354	94000
2	5	0.250000000000	0.625000000000	2	0.000000000000	0.368035000000	0.000000000000	0.012558721929	100000
2	5	0.250000000000	0.625000000000	3	0.000000000000	0.368102500000	0.000000000000	0.016312091469	100000
2	6	0.250000000000	0.750000000000	1	0.009680000000	0.358632500000	0.001774252009	0.012652916266	100000
2	6	0.250000000000	0.750000000000	2	0.013035833333	0.357172500000	0.002126562018	0.012577546996	100000
2	6	0.250000000000	0.750000000000	3	0.005990833333	0.384325000000	0.001344195567	0.012711449798	100000
2	7	0.250000000000	0.875000000000	1	0.014191666667	0.358890000000	0.001551111735	0.012309322460	100000
2	7	0.250000000000	0.875000000000	2	0.000000000000	0.378377500000	0.000000000000	0.011731853227	76000
2	7	0.250000000000	0.875000000000	3	0.000000000000	0.381097500000	0.000000000000	0.016015875000	48000
2	8	0.250000000000	1.000000000000	1	0.000000000000	1.000000000000	0.000000000000	0.000000000000	46000
2	8	0.250000000000	1.000000000000	2	0.000000000000	1.000000000000	0.000000000000	0.000000000000	20000
2	8	0.250000000000	1.000000000000	3	0.000000000000	1.000000000000	0.000000000000	0.000000000000	40000
3	0	0.375000000000	0.000000000000	1	0.036285833333	0.000000000000	0.003054093631	0.000000000000	20000
3	0	0.375000000000	0.000000000000	2	0.033352500000	0.000000000000	0.002264744414	0.000000000000	18000
3	0	0.375000000000	0.000000000000	3	0.031776666667	0.000000000000	0.002062681423	0.000000000000	62000
3	1	0.375000000000	0.125000000000	1	0.000000000000	0.378937500000	0.000000000000	0.013535991534	76000
3	1	0.375000000000	0.125000000000	2	0.013487500000	0.370592500000	0.001304699366	0.010865000782	100000
3	1	0.375000000000	0.125000000000	3	0.010855000000	0.370382500000	0.001245424280	0.015364602656	64000
3	2	0.375000000000	0.250000000000	1	0.008235000000	0.374005000000	0.002882181615	0.012983298542	100000
3	2	0.375000000000	0.250000000000	2	0.000000000000	0.372940000000	0.000000000000	0.010330203924	100000
3	2	0.375000000000	0.250000000000	3	0.002907500000	0.360052500000	0.000763179441	0.010934374893	100000
3	3	0.375000000000	0.375000000000	1	0.000000000000	0.381617500000	0.000000000000	0.017200241046	100000
3	3	0.375000000000	0.375000000000	2	0.000000000000	0.365467500000	0.000000000000	0.015775743020	34000
3	3	0.375000000000	0.375000000000	3	0.000000000000	0.383495000000	0.000000000000	0.011964661639	46000
3	4	0.375000000000	0.500000000000	1	0.010781666667	0.372572500000	0.001582842855	0.016374725200	50000
3	4	0.375000000000	0.500000000000	2	0.010118333333	0.387465000000	0.000677257796	0.015572934575	100000
3	4	0.375000000000	0.500000000000	3	0.014866666667	0.359255000000	0.001726567865	0.012344426267	100000
3	5	0.375000000000	0.625000000000	1	0.008695000000	0.366402500000	0.001422184489	0.016888589882	100000
3	5	0.375000000000	0.625000000000	2	0.000000000000	0.356337500000	0.000000000000	0.010240713645	100000
3	5	0.375000000000	0.625000000000	3	0.000000000000	0.375885000000	0.000000000000	0.011323426822	100000
3	6	0.375000000000	0.750000000000	1	0.015923333333	0.365542500000	0.001360402565	0.015155168190	100000
3	6	0.375000000000	0.750000000000	2	0.021489166667	0.361005000000	0.001988390668	0.011625408600	100000
3	6	0.375000000000	0.750000000000	3	0.020777500000	0.355397500000	0.003105595242	0.009172370257	100000
3	7	0.375000000000	0.875000000000	1	0.000000000000	0.390410000000	0.000000000000	0.010497242118	50000
3	7	0.375000000000	0.875000000000	2	0.012000833333	0.339985000000	0.000878489198	0.011637125835	100000
3	7	0.375000000000	0.875000000000	3	0.007618333333	0.374372500000	0.001382074374	0.015687450074	10000
3	8	0.375000000000	1.000000000000	1	0.000000000000	1.000000000000	0.000000000000	0.000000000000	28000
3	8	0.375000000000	1.000000000000	2	0.008133333333	1.000000000000	0.001347068064	0.000000000000	18000
3	8	0.375000000000	1.000000000000	3	0.011915833333	1.000000000000	0.001451204392	0.000000000000	100000
4	0	0.500000000000	0.000000000000	1	0.033388333333	0.000000000000	0.002330871837	0.000000000000	94000
4	0	0.500000000000	0.000000000000	2	0.032018333333	0.000000000000	0.001928454921	0.000000000000	100000
4	0	0.500000000000	0.000000000000	3	0.037406666667	0.000000000000	0.002029536651	0.000000000000	34000
4	1	0.500000000000	0.125000000000	1	0.000000000000	0.377850000000	0.000000000000	0.014776106840	100000
4	1	0.500000000000	0.125000000000	2	0.000000000000	0.384597500000	0.000000000000	0.012748304319	44000
4	1	0.500000000000	0.125000000000	3	0.014638333333	0.365417500000	0.001259941007	0.010178312325	100000
4	2	0.500000000000	0.250000000000	1	0.000000000000	0.386630000000	0.000000000000	0.013953953304	80000
4	2	0.500000000000	0.250000000000	2	0.007969166667	0.369655000000	0.001288955063	0.019532344649	100000
4	2	0.500000000000	0.250000000000	3	0.015153333333	0.391790000000	0.001740151754	0.013464850619	100000
4	3	0.500000000000	0.375000000000	1	0.002568333333	0.369840000000	0.000448427473	0.012152039832	100000
4	3	0.500000000000	0.375000000000	2	0.000000000000	0.385915000000	0.000000000000	0.012164425521	42000
4	3	0.500000000000	0.375000000000	3	0.017553333333	0.370980000000	0.001321409816	0.015413132863	100000
4	4	0.500000000000	0.500000000000	1	0.006175000000	0.365087500000	0.000608066398	0.018569623708	100000
4	4	0.500000000000	0.500000000000	2	0.012695000000	0.354742500000	0.001418660886	0.012694037275	100000
4	4	0.500000000000	0.500000000000	3	0.000000000000	0.376627500000	0.000000000000	0.015460725332	86000
4	5	0.500000000000	0.625000000000	1	0.000000000000	0.393550000000	0.000000000000	0.010142133053	68000
4	5	0.500000000000	0.625000000000	2	0.009838333333	0.353690000000	0.001526096536	0.011412236378	100000
4	5	0.500000000000	0.625000000000	3	0.015336666667	0.373162500000	0.001799198403	0.012725143340	100000
4	6	0.500000000000	0.750000000000	1	0.013209166667	0.401925000000	0.002399231371	0.012126579441	100000
4	6	0.500000000000	0.750000000000	2	0.000000000000	0.385500000000	0.000000000000	0.018007269692	54000
4	6	0.500000000000	0.750000000000	3	0.000000000000	0.372012500000	0.000000000000	0.013145965547	44000
4	7	0.500000000000	0.875000000000	1	0.000000000000	0.377342500000	0.000000000000	0.013051888582	32000
4	7	0.500000000000	0.875000000000	2	0.000000000000	0.368157500000	0.000000000000	0.012028866837	100000
4	7	0.500000000000	0.875000000000	3	0.000000000000	0.377442500000	0.000000000000	0.012328013777	92000
4	8	0.500000000000	1.000000000000	1	0.000000000000	1.000000000000	0.000000000000	0.000000000000	50000
4	8	0.500000000000	1.000000000000	2	0.006436666667	1.000000000000	0.000799628709	0.000000000000	20000
4	8	0.500000000000	1.000000000000	3	0.006103333333	1.000000000000	0.000692075037	0.000000000000	22000
5	0	0.625000000000	0.000000000000	1	0.030050833333	0.000000000000	0.001537648747	0.000000000000	100000
5	0	0.625000000000	0.000000000000	2	0.036190833333	0.000000000000	0.001418591060	0.000000000000	24000
5	0	0.625000000000	0.000000000000	3	0.034275000000	0.000000000000	0.001411256328	0.000000000000	30000
5	1	0.625000000000	0.125000000000	1	0.000000000000	0.374120000000	0.000000000000	0.016205731262	100000
5	1	0.625000000000	0.125000000000	2	0.000000000000	0.378507500000	0.000000000000	0.010565406834	46000
5	1	0.625000000000	0.125000000000	3	0.010631666667	0.379900000000	0.001523149327	0.014093034223	100000
5	2	0.625000000000	0.250000000000	1	0.013540000000	0.355987500000	0.001492970963	0.012262502302	100000
5	2	0.625000000000	0.250000000000	2	0.007453333333	0.378247500000	0.001137958921	0.016145686016	100000
5	2	0.625000000000	0.250000000000	3	0.010329166667	0.381682500000	0.001041011639	0.012018522731	100000
5	3	0.625000000000	0.375000000000	1	0.000000000000	0.360940000000	0.000000000000	0.012833300183	52000
5	3	0.625000000000	0.375000000000	2	0.014265833333	0.376642500000	0.002976014369	0.011905363557	100000
5	3	0.625000000000	0.375000000000	3	0.000000000000	0.405810000000	0.000000000000	0.022180472794	62000
5	4	0.625000000000	0.500000000000	1	0.005452500000	0.364152500000	0.002245274422	0.010628426845	100000
5	4	0.625000000000	0.500000000000	2	0.018695833333	0.343352500000	0.001289425251	0.013892353697	100000
5	4	0.625000000000	0.500000000000	3	0.000000000000	0.371142500000	0.000000000000	0.016110881548	34000
5	5	0.625000000000	0.625000000000	1	0.008854166667	0.361772500000	0.001592523118	0.012321376143	100000
5	5	0.625000000000	0.625000000000	2	0.009955000000	0.372847500000	0.001539863472	0.012015817643	100000
5	5	0.625000000000	0.625000000000	3	0.000000000000	0.392425000000	0.000000000000	0.014415345198	54000
5	6	0.625000000000	0.750000000000	1	0.018705833333	0.370602500000	0.002126830046	0.010600972803	100000
5	6	0.625000000000	0.750000000000	2	0.011749166667	0.366342500000	0.001163432466	0.012980656424	100000
5	6	0.625000000000	0.750000000000	3	0.007592500000	0.370087500000	0.001559955302	0.014384210067	100000
5	7	0.625000000000	0.875000000000	1	0.000000000000	0.383135000000	0.000000000000	0.016026653694	100000
5	7	0.625000000000	0.875000000000	2	0.004799166667	0.366200000000	0.000945091561	0.011593938909	76000
5	7	0.625000000000	0.875000000000	3	0.000000000000	0.372822500000	0.000000000000	0.008689951611	62000
5	8	0.625000000000	1.000000000000	1	0.003896666667	1.000000000000	0.001421054951	0.000000000000	12000
5	8	0.625000000000	1.000000000000	2	0.004614166667	1.000000000000	0.001299856847	0.000000000000	52000
5	8	0.625000000000	1.000000000000	3	0.008565833333	1.000000000000	0.002669714719	0.000000000000	96000
6	0	0.750000000000	0.000000000000	1	0.037001666667	0.000000000000	0.001327836308	0.000000000000	86000
6	0	0.750000000000	0.000000000000	2	0.033775833333	0.000000000000	0.001149559681	0.000000000000	40000
6	0	0.750000000000	0.000000000000	3	0.035084166667	0.000000000000	0.001949763745	0.000000000000	84000
6	1	0.750000000000	0.125000000000	1	0.003647500000	0.375822500000	0.000639802737	0.015418900293	100000
6	1	0.750000000000	0.125000000000	2	0.000000000000	0.361317500000	0.000000000000	0.013357539729	80000
6	1	0.750000000000	0.125000000000	3	0.004455000000	0.355317500000	0.001974120039	0.010085616660	100000
6	2	0.750000000000	0.250000000000	1	0.003588333333	0.366435000000	0.000761576945	0.013637788100	100000
6	2	0.750000000000	0.250000000000	2	0.011504166667	0.383785000000	0.001103255199	0.016823921045	100000
6	2	0.750000000000	0.250000000000	3	0.000000000000	0.374445000000	0.000000000000	0.017266734350	60000
6	3	0.750000000000	0.375000000000	1	0.010013333333	0.375160000000	0.001814387807	0.011739877543	58000
6	3	0.750000000000	0.375000000000	2	0.006872500000	0.380047500000	0.000942540255	0.015250789499	100000
6	3	0.750000000000	0.375000000000	3	0.000000000000	0.373162500000	0.000000000000	0.012806496402	92000
6	4	0.750000000000	0.500000000000	1	0.016520000000	0.357747500000	0.002101154012	0.014304706162	54000
6	4	0.750000000000	0.500000000000	2	0.008018333333	0.366180000000	0.001043726192	0.010502042320	100000
6	4	0.750000000000	0.500000000000	3	0.014355000000	0.365350000000	0.001243636902	0.009845655739	100000
6	5	0.750000000000	0.625000000000	1	0.000000000000	0.376512500000	0.000000000000	0.011477710206	94000
6	5	0.750000000000	0.625000000000	2	0.000000000000	0.370917500000	0.000000000000	0.012699930393	100000
6	5	0.750000000000	0.625000000000	3	0.013425833333	0.362227500000	0.000995861962	0.011258718955	100000
6	6	0.750000000000	0.750000000000	1	0.000000000000	0.370105000000	0.000000000000	0.011343727569	62000
6	6	0.750000000000	0.750000000000	2	0.013837500000	0.380127500000	0.001161571588	0.010040084514	100000
6	6	0.750000000000	0.750000000000	3	0.000000000000	0.346127500000	0.000000000000	0.023346146069	40000
6	7	0.750000000000	0.875000000000	1	0.000000000000	0.358447500000	0.000000000000	0.019981748272	98000
6	7	0.750000000000	0.875000000000	2	0.000000000000	0.378585000000	0.000000000000	0.018633840050	100000
6	7	0.750000000000	0.875000000000	3	0.000000000000	0.373255000000	0.000000000000	0.012556378365	72000
6	8	0.750000000000	1.000000000000	1	0.011246666667	1.000000000000	0.001526920772	0.000000000000	10000
6	8	0.750000000000	1.000000000000	2	0.014246666667	1.000000000000	0.003071641161	0.000000000000	18000
6	8	0.750000000000	1.000000000000	3	0.012992500000	1.000000000000	0.002183362529	0.000000000000	62000
7	0	0.875000000000	0.000000000000	1	0.030670833333	0.000000000000	0.001985827153	0.000000000000	50000
7	0	0.875000000000	0.000000000000	2	0.038635000000	0.000000000000	0.001389378292	0.000000000000	18000
7	0	0.875000000000	0.000000000000	3	0.035642500000	0.000000000000	0.001511495040	0.000000000000	44000
7	1	0.875000000000	0.125000000000	1	0.000000000000	0.377190000000	0.000000000000	0.016851197669	96000
7	1	0.875000000000	0.125000000000	2	0.000000000000	0.371590000000	0.000000000000	0.013007828551	100000
7	1	0.875000000000	0.125000000000	3	0.013736666667	0.385192500000	0.000929077719	0.015704802915	100000
7	2	0.875000000000	0.250000000000	1	0.004343333333	0.369495000000	0.000866882240	0.013952227049	100000
7	2	0.875000000000	0.250000000000	2	0.000000000000	0.360992500000	0.000000000000	0.014227125671	56000
7	2	0.875000000000	0.250000000000	3	0.000000000000	0.381462500000	0.000000000000	0.021053160792	26000
7	3	0.875000000000	0.375000000000	1	0.000000000000	0.375652500000	0.000000000000	0.014321246169	100000
7	3	0.875000000000	0.375000000000	2	0.009412500000	0.370605000000	0.000646882254	0.012996263997	100000
7	3	0.875000000000	0.375000000000	3	0.000000000000	0.356760000000	0.000000000000	0.015532825521	100000
7	4	0.875000000000	0.500000000000	1	0.000000000000	0.368120000000	0.000000000000	0.010102235156	62000
7	4	0.875000000000	0.500000000000	2	0.000000000000	0.375027500000	0.000000000000	0.015077975298	54000
7	4	0.875000000000	0.500000000000	3	0.018536666667	0.368435000000	0.001935390044	0.017122176963	100000
7	5	0.875000000000	0.625000000000	1	0.000000000000	0.384930000000	0.000000000000	0.013923054674	94000
7	5	0.875000000000	0.625000000000	2	0.010654166667	0.369950000000	0.001345099227	0.014901998845	100000
7	5	0.875000000000	0.625000000000	3	0.000000000000	0.361540000000	0.000000000000	0.016631446269	42000
7	6	0.875000000000	0.750000000000	1	0.000000000000	0.370320000000	0.000000000000	0.011349621752	100000
7	6	0.875000000000	0.750000000000	2	0.000000000000	0.381937500000	0.000000000000	0.014299714178	100000
7	6	0.875000000000	0.750000000000	3	0.011965000000	0.367477500000	0.000869596380	0.008783244796	100000
7	7	0.875000000000	0.875000000000	1	0.007769166667	0.356272500000	0.000976118676	0.012462636602	100000
7	7	0.875000000000	0.875000000000	2	0.020310833333	0.372590000000	0.000858346251	0.013870717242	100000
7	7	0.875000000000	0.875000000000	3	0.000000000000	0.362905000000	0.000000000000	0.015617854923	80000
7	8	0.875000000000	1.000000000000	1	0.014813333333	1.000000000000	0.002171567313	0.000000000000	6000
7	8	0.875000000000	1.000000000000	2	0.007951666667	1.000000000000	0.001472752374	0.000000000000	40000
7	8	0.875000000000	1.000000000000	3	0.000000000000	1.000000000000	0.000000000000	0.000000000000	20000
8	0	1.000000000000	0.000000000000	1	1.000000000000	0.000000000000	0.000000000000	0.000000000000	4000
8	0	1.000000000000	0.000000000000	2	1.000000000000	0.000000000000	0.000000000000	0.000000000000	4000
8	0	1.000000000000	0.000000000000	3	1.000000000000	0.000000000000	0.000000000000	0.000000000000	4000
8	1	1.000000000000	0.125000000000	1	1.000000000000	0.000000000000	0.000000000000	0.000000000000	6000
8	1	1.000000000000	0.125000000000	2	1.000000000000	0.000000000000	0.000000000000	0.000000000000	8000
8	1	1.000000000000	0.125000000000	3	1.000000000000	0.000000000000	0.000000000000	0.000000000000	24000
8	2	1.000000000000	0.250000000000	1	1.000000000000	0.000000000000	0.000000000000	0.000000000000	8000
8	2	1.000000000000	0.250000000000	2	1.000000000000	0.035225000000	0.000000000000	0.005776698473	28000
8	2	1.000000000000	0.250000000000	3	1.000000000000	0.000000000000	0.000000000000	0.000000000000	10000
8	3	1.000000000000	0.375000000000	1	1.000000000000	0.000000000000	0.000000000000	0.000000000000	22000
8	3	1.000000000000	0.375000000000	2	1.000000000000	0.000000000000	0.000000000000	0.000000000000	8000
8	3	1.000000000000	0.375000000000	3	1.000000000000	0.000000000000	0.000000000000	0.000000000000	12000
8	4	1.000000000000	0.500000000000	1	1.000000000000	0.014432500000	0.000000000000	0.004192465924	86000
8	4	1.000000000000	0.500000000000	2	1.000000000000	0.021957500000	0.000000000000	0.007451004040	34000
8	4	1.000000000000	0.500000000000	3	1.000000000000	0.000000000000	0.000000000000	0.000000000000	28000
8	5	1.000000000000	0.625000000000	1	1.000000000000	0.035072500000	0.000000000000	0.005622063798	22000
8	5	1.000000000000	0.625000000000	2	1.000000000000	0.026617500000	0.000000000000	0.004512239361	20000
8	5	1.000000000000	0.625000000000	3	1.000000000000	0.000000000000	0.000000000000	0.000000000000	28000
8	6	1.000000000000	0.750000000000	1	1.000000000000	0.000000000000	0.000000000000	0.000000000000	12000
8	6	1.000000000000	0.750000000000	2	1.000000000000	0.037655000000	0.000000000000	0.005537972927	8000
8	6	1.000000000000	0.750000000000	3	1.000000000000	0.000000000000	0.000000000000	0.000000000000	48000
8	7	1.000000000000	0.875000000000	1	1.000000000000	0.025490000000	0.000000000000	0.007619413065	14000
8	7	1.000000000000	0.875000000000	2	1.000000000000	0.042530000000	0.000000000000	0.006203836522	12000
8	7	1.000000000000	0.875000000000	3	1.000000000000	0.026457500000	0.000000000000	0.006162988413	12000
8	8	1.000000000000	1.000000000000	1	1.000000000000	1.000000000000	0.000000000000	0.000000000000	4000
8	8	1.000000000000	1.000000000000	2	1.000000000000	1.000000000000	0.000000000000	0.000000000000	4000
8	8	1.000000000000	1.000000000000	3	1.000000000000	1.000000000000	0.000000000000	0.000000000000	4000
