# scan initial plane
# b 1.15
# r 0
# e -0.4
# p12 0.2
# ndiv 8
# n_reps 3
# A:(0,1),	A':(0,0.533),	B:(1,0),	B'=(0.533,0),	C:(1,1),	D:(0,0),	E:(0.308,0.308) 
# columns: ix iy x1_0 x2_0 rep x1_inf x2_inf sigma_1 sigma_2 t_relax
0	0	0.000000000000	0.000000000000	1	0.000000000000	0.000000000000	0.000000000000	0.000000000000	4000
0	0	0.000000000000	0.000000000000	2	0.000000000000	0.000000000000	0.000000000000	0.000000000000	4000
0	0	0.000000000000	0.000000000000	3	0.000000000000	0.000000000000	0.000000000000	0.000000000000	4000
0	1	0.000000000000	0.124000000000	1	0.000000000000	0.545238000000	0.000000000000	0.008066748318	32000
0	1	0.000000000000	0.124000000000	2	0.000000000000	0.539904000000	0.000000000000	0.009797896855	6000
0	1	0.000000000000	0.124000000000	3	0.000000000000	0.537056000000	0.000000000000	0.008653308254	12000
0	2	0.000000000000	0.250000000000	1	0.000000000000	0.536852000000	0.000000000000	0.008308497285	26000
0	2	0.000000000000	0.250000000000	2	0.000000000000	0.540106000000	0.000000000000	0.009486978801	28000
0	2	0.000000000000	0.250000000000	3	0.000000000000	0.543902000000	0.000000000000	0.010654760435	12000
0	3	0.000000000000	0.374000000000	1	0.000000000000	0.544746000000	0.000000000000	0.009837899586	48000
0	3	0.000000000000	0.374000000000	2	0.000000000000	0.535784000000	0.000000000000	0.009663888179	50000
0	3	0.000000000000	0.374000000000	3	0.000000000000	0.546090000000	0.000000000000	0.008125387494	4000
0	4	0.000000000000	0.500000000000	1	0.000000000000	0.536222000000	0.000000000000	0.009069783734	34000
0	4	0.000000000000	0.500000000000	2	0.000000000000	0.546796000000	0.000000000000	0.010468427388	8000
0	4	0.000000000000	0.500000000000	3	0.000000000000	0.539428000000	0.000000000000	0.009271395514	10000
0	5	0.000000000000	0.624000000000	1	0.000000000000	0.546684000000	0.000000000000	0.008498727691	26000
0	5	0.000000000000	0.624000000000	2	0.000000000000	0.549170000000	0.000000000000	0.008520310775	8000
0	5	0.000000000000	0.624000000000	3	0.000000000000	0.539676000000	0.000000000000	0.009304063069	32000
0	6	0.000000000000	0.750000000000	1	0.000000000000	0.537524000000	0.000000000000	0.012171835424	34000
0	6	0.000000000000	0.750000000000	2	0.000000000000	0.544432000000	0.000000000000	0.008653800568	20000
0	6	0.000000000000	0.750000000000	3	0.000000000000	0.544714000000	0.000000000000	0.007273727456	6000
0	7	0.000000000000	0.874000000000	1	0.000000000000	0.542154000000	0.000000000000	0.008435843019	22000
0	7	0.000000000000	0.874000000000	2	0.000000000000	0.527294000000	0.000000000000	0.008114888503	40000
0	7	0.000000000000	0.874000000000	3	0.000000000000	0.540272000000	0.000000000000	0.009426710926	12000
0	8	0.000000000000	1.000000000000	1	0.000000000000	1.000000000000	0.000000000000	0.000000000000	4000
0	8	0.000000000000	1.000000000000	2	0.000000000000	1.000000000000	0.000000000000	0.000000000000	4000
0	8	0.000000000000	1.000000000000	3	0.000000000000	1.000000000000	0.000000000000	0.000000000000	4000
1	0	0.124000000000	0.000000000000	1	0.541752000000	0.000000000000	0.007960519196	0.000000000000	50000
1	0	0.124000000000	0.000000000000	2	0.536448000000	0.000000000000	0.011450520093	0.000000000000	8000
1	0	0.124000000000	0.000000000000	3	0.540776000000	0.000000000000	0.010503149058	0.000000000000	10000
1	1	0.124000000000	0.124000000000	1	0.298896000000	0.314312000000	0.018406955207	0.020033371958	50000
1	1	0.124000000000	0.124000000000	2	0.284800000000	0.325212000000	0.014942800517	0.011646918335	50000
1	1	0.124000000000	0.124000000000	3	0.300828000000	0.314846000000	0.009233833423	0.010863070021	34000
1	2	0.124000000000	0.250000000000	1	0.316736000000	0.301688000000	0.009206468545	0.009525197394	50000
1	2	0.124000000000	0.250000000000	2	0.326364000000	0.290180000000	0.014066462575	0.014129375048	14000
1	2	0.124000000000	0.250000000000	3	0.298276000000	0.320790000000	0.009909087446	0.012499605599	50000
1	3	0.124000000000	0.374000000000	1	0.311148000000	0.297214000000	0.015992556327	0.016341519184	50000
1	3	0.124000000000	0.374000000000	2	0.294202000000	0.319666000000	0.014899435868	0.015463102908	50000
1	3	0.124000000000	0.374000000000	3	0.315828000000	0.293276000000	0.011519336401	0.010831858250	38000
1	4	0.124000000000	0.500000000000	1	0.330228000000	0.277236000000	0.014551692952	0.017725758277	50000
1	4	0.124000000000	0.500000000000	2	0.304680000000	0.308760000000	0.012506878988	0.012760298791	50000
1	4	0.124000000000	0.500000000000	3	0.300226000000	0.309952000000	0.012561158653	0.011642217883	50000
1	5	0.124000000000	0.624000000000	1	0.302440000000	0.309972000000	0.011345797774	0.011738867791	50000
1	5	0.124000000000	0.624000000000	2	0.297572000000	0.312994000000	0.012857609970	0.013143085814	50000
1	5	0.124000000000	0.624000000000	3	0.306772000000	0.304206000000	0.012301680672	0.009727908110	50000
1	6	0.124000000000	0.750000000000	1	0.297546000000	0.317880000000	0.019388186759	0.021068399974	50000
1	6	0.124000000000	0.750000000000	2	0.342576000000	0.263428000000	0.016600475891	0.013351369783	50000
1	6	0.124000000000	0.750000000000	3	0.319898000000	0.291360000000	0.011738628173	0.010063183774	50000
1	7	0.124000000000	0.874000000000	1	0.295062000000	0.314756000000	0.015251385536	0.016804727396	50000
1	7	0.124000000000	0.874000000000	2	0.315614000000	0.294346000000	0.015706740773	0.013539704857	8000
1	7	0.124000000000	0.874000000000	3	0.318428000000	0.291136000000	0.010375956654	0.013710488010	50000
1	8	0.124000000000	1.000000000000	1	0.000000000000	1.000000000000	0.000000000000	0.000000000000	6000
1	8	0.124000000000	1.000000000000	2	0.000000000000	1.000000000000	0.000000000000	0.000000000000	6000
1	8	0.124000000000	1.000000000000	3	0.000000000000	1.000000000000	0.000000000000	0.000000000000	6000
2	0	0.250000000000	0.000000000000	1	0.542196000000	0.000000000000	0.010881911597	0.000000000000	12000
2	0	0.250000000000	0.000000000000	2	0.532620000000	0.000000000000	0.009204146691	0.000000000000	8000
2	0	0.250000000000	0.000000000000	3	0.543918000000	0.000000000000	0.009574599153	0.000000000000	12000
2	1	0.250000000000	0.124000000000	1	0.312002000000	0.297112000000	0.009617925998	0.012454660757	50000
2	1	0.250000000000	0.124000000000	2	0.295342000000	0.307890000000	0.017878105679	0.016364953764	50000
2	1	0.250000000000	0.124000000000	3	0.308526000000	0.305340000000	0.013197480725	0.015733911019	50000
2	2	0.250000000000	0.250000000000	1	0.312856000000	0.293310000000	0.018316406710	0.020535374396	50000
2	2	0.250000000000	0.250000000000	2	0.346882000000	0.260868000000	0.016686536984	0.015275598840	50000
2	2	0.250000000000	0.250000000000	3	0.310218000000	0.302270000000	0.015421877652	0.015133278433	8000
2	3	0.250000000000	0.374000000000	1	0.300602000000	0.307750000000	0.021309521151	0.021384264934	38000
2	3	0.250000000000	0.374000000000	2	0.295378000000	0.327454000000	0.010193381236	0.010622368790	50000
2	3	0.250000000000	0.374000000000	3	0.330840000000	0.286048000000	0.009765129685	0.011540662151	50000
2	4	0.250000000000	0.500000000000	1	0.286760000000	0.324624000000	0.013613512689	0.012953857589	50000
2	4	0.250000000000	0.500000000000	2	0.294070000000	0.313352000000	0.012771617525	0.013637818230	26000
2	4	0.250000000000	0.500000000000	3	0.315378000000	0.303092000000	0.009148815050	0.010705238817	50000
2	5	0.250000000000	0.624000000000	1	0.312966000000	0.305910000000	0.018549148630	0.015911287474	50000
2	5	0.250000000000	0.624000000000	2	0.294076000000	0.327774000000	0.010862790812	0.012296997200	8000
2	5	0.250000000000	0.624000000000	3	0.292874000000	0.311470000000	0.009599389161	0.011749943028	50000
2	6	0.250000000000	0.750000000000	1	0.309532000000	0.305908000000	0.027760396532	0.022214522750	50000
2	6	0.250000000000	0.750000000000	2	0.297736000000	0.310000000000	0.021963713454	0.021337274411	50000
2	6	0.250000000000	0.750000000000	3	0.341888000000	0.268506000000	0.023489129298	0.020550286574	50000
2	7	0.250000000000	0.874000000000	1	0.298546000000	0.310554000000	0.009946497716	0.011087832251	50000
2	7	0.250000000000	0.874000000000	2	0.333196000000	0.279112000000	0.014785810908	0.013587202364	50000
2	7	0.250000000000	0.874000000000	3	0.266746000000	0.339878000000	0.013139106519	0.013342531212	50000
2	8	0.250000000000	1.000000000000	1	0.000000000000	1.000000000000	0.000000000000	0.000000000000	6000
2	8	0.250000000000	1.000000000000	2	0.000000000000	1.000000000000	0.000000000000	0.000000000000	6000
2	8	0.250000000000	1.000000000000	3	0.000000000000	1.000000000000	0.000000000000	0.000000000000	6000
3	0	0.374000000000	0.000000000000	1	0.540906000000	0.000000000000	0.008240574681	0.000000000000	20000
3	0	0.374000000000	0.000000000000	2	0.543668000000	0.000000000000	0.010278298469	0.000000000000	22000
3	0	0.374000000000	0.000000000000	3	0.540970000000	0.000000000000	0.008566474449	0.000000000000	50000
3	1	0.374000000000	0.124000000000	1	0.300902000000	0.317190000000	0.015851361508	0.015527169510	50000
3	1	0.374000000000	0.124000000000	2	0.341076000000	0.269284000000	0.017288293991	0.021369698360	50000
3	1	0.374000000000	0.124000000000	3	0.299278000000	0.300344000000	0.008853083818	0.010304360429	50000
3	2	0.374000000000	0.250000000000	1	0.310614000000	0.297346000000	0.013099564978	0.009947222287	50000
3	2	0.374000000000	0.250000000000	2	0.315544000000	0.291198000000	0.012306075878	0.013738615125	50000
3	2	0.374000000000	0.250000000000	3	0.323202000000	0.296160000000	0.016521263515	0.016866382981	50000
3	3	0.374000000000	0.374000000000	1	0.317910000000	0.286062000000	0.017537601531	0.016801501315	50000
3	3	0.374000000000	0.374000000000	2	0.301184000000	0.309292000000	0.014886361132	0.016424387249	50000
3	3	0.374000000000	0.374000000000	3	0.328702000000	0.280092000000	0.018337269466	0.018091955529	22000
3	4	0.374000000000	0.500000000000	1	0.302746000000	0.303536000000	0.014490599072	0.012796110520	50000
3	4	0.374000000000	0.500000000000	2	0.295640000000	0.315242000000	0.017838739323	0.015126210307	50000
3	4	0.374000000000	0.500000000000	3	0.329576000000	0.283546000000	0.015639463444	0.012664212027	50000
3	5	0.374000000000	0.624000000000	1	0.284108000000	0.331304000000	0.013248541801	0.010048709398	50000
3	5	0.374000000000	0.624000000000	2	0.289516000000	0.323888000000	0.013694717569	0.013695511054	50000
3	5	0.374000000000	0.624000000000	3	0.300398000000	0.310998000000	0.010448098332	0.010516205903	50000
3	6	0.374000000000	0.750000000000	1	0.342886000000	0.260016000000	0.015704063857	0.013528294747	50000
3	6	0.374000000000	0.750000000000	2	0.316018000000	0.299242000000	0.008820060627	0.014653469219	50000
3	6	0.374000000000	0.750000000000	3	0.319664000000	0.292032000000	0.011381064653	0.010825718090	50000
3	7	0.374000000000	0.874000000000	1	0.327742000000	0.288258000000	0.014044453805	0.012594604403	50000
3	7	0.374000000000	0.874000000000	2	0.325486000000	0.289420000000	0.011598376021	0.010846439289	50000
3	7	0.374000000000	0.874000000000	3	0.314100000000	0.302400000000	0.010814571418	0.014032708823	50000
3	8	0.374000000000	1.000000000000	1	0.000000000000	1.000000000000	0.000000000000	0.000000000000	6000
3	8	0.374000000000	1.000000000000	2	0.000000000000	1.000000000000	0.000000000000	0.000000000000	6000
3	8	0.374000000000	1.000000000000	3	0.000000000000	1.000000000000	0.000000000000	0.000000000000	6000
4	0	0.500000000000	0.000000000000	1	0.542652000000	0.000000000000	0.008296247569	0.000000000000	26000
4	0	0.500000000000	0.000000000000	2	0.540742000000	0.000000000000	0.009101663380	0.000000000000	10000
4	0	0.500000000000	0.000000000000	3	0.534378000000	0.000000000000	0.008824227047	0.000000000000	30000
4	1	0.500000000000	0.124000000000	1	0.293776000000	0.318484000000	0.029442293944	0.029818767629	50000
4	1	0.500000000000	0.124000000000	2	0.306100000000	0.300462000000	0.015311186513	0.011826852093	50000
4	1	0.500000000000	0.124000000000	3	0.323666000000	0.293128000000	0.010842601441	0.011372288466	50000
4	2	0.500000000000	0.250000000000	1	0.335410000000	0.278488000000	0.013325819955	0.012745992167	50000
4	2	0.500000000000	0.250000000000	2	0.303874000000	0.319494000000	0.014856946283	0.011703201653	50000
4	2	0.500000000000	0.250000000000	3	0.326600000000	0.288538000000	0.016032499526	0.016920545525	50000
4	3	0.500000000000	0.374000000000	1	0.306742000000	0.300338000000	0.014767515550	0.012337664851	50000
4	3	0.500000000000	0.374000000000	2	0.324592000000	0.288502000000	0.015946655820	0.013610629862	50000
4	3	0.500000000000	0.374000000000	3	0.310078000000	0.302496000000	0.011010138016	0.011873624845	50000
4	4	0.500000000000	0.500000000000	1	0.325248000000	0.290706000000	0.010962603462	0.009993469539	50000
4	4	0.500000000000	0.500000000000	2	0.292490000000	0.318530000000	0.013250036357	0.013627795743	50000
4	4	0.500000000000	0.500000000000	3	0.317826000000	0.284834000000	0.022425624465	0.019925096071	24000
4	5	0.500000000000	0.624000000000	1	0.320522000000	0.295510000000	0.011757455241	0.010400002888	50000
4	5	0.500000000000	0.624000000000	2	0.316666000000	0.294568000000	0.015440429102	0.017150962991	50000
4	5	0.500000000000	0.624000000000	3	0.310494000000	0.293762000000	0.011691392246	0.013393683091	50000
4	6	0.500000000000	0.750000000000	1	0.313274000000	0.296414000000	0.018063976064	0.015459094009	50000
4	6	0.500000000000	0.750000000000	2	0.277374000000	0.329804000000	0.010308364875	0.013449999498	50000
4	6	0.500000000000	0.750000000000	3	0.302770000000	0.308930000000	0.014230024371	0.014478837548	50000
4	7	0.500000000000	0.874000000000	1	0.303998000000	0.311118000000	0.010855866886	0.009153680455	50000
4	7	0.500000000000	0.874000000000	2	0.293538000000	0.321092000000	0.012433549338	0.009586836988	26000
4	7	0.500000000000	0.874000000000	3	0.338274000000	0.265736000000	0.009845296027	0.007952958792	50000
4	8	0.500000000000	1.000000000000	1	0.000000000000	1.000000000000	0.000000000000	0.000000000000	6000
4	8	0.500000000000	1.000000000000	2	0.000000000000	1.000000000000	0.000000000000	0.000000000000	6000
4	8	0.500000000000	1.000000000000	3	0.000000000000	1.000000000000	0.000000000000	0.000000000000	6000
5	0	0.624000000000	0.000000000000	1	0.547008000000	0.000000000000	0.009655110417	0.000000000000	10000
5	0	0.624000000000	0.000000000000	2	0.541322000000	0.000000000000	0.010494877725	0.000000000000	36000
5	0	0.624000000000	0.000000000000	3	0.544740000000	0.000000000000	0.007510846345	0.000000000000	28000
5	1	0.624000000000	0.124000000000	1	0.317064000000	0.293712000000	0.014657241853	0.017318226727	50000
5	1	0.624000000000	0.124000000000	2	0.327426000000	0.283344000000	0.018408405509	0.014872217281	50000
5	1	0.624000000000	0.124000000000	3	0.320672000000	0.288332000000	0.012650234956	0.013033020971	6000
5	2	0.624000000000	0.250000000000	1	0.331810000000	0.273308000000	0.014689032224	0.014317196587	50000
5	2	0.624000000000	0.250000000000	2	0.303596000000	0.298468000000	0.016240829675	0.011700507591	50000
5	2	0.624000000000	0.250000000000	3	0.320674000000	0.294888000000	0.012955831798	0.013752985152	14000
5	3	0.624000000000	0.374000000000	1	0.303328000000	0.299246000000	0.013010676143	0.015184005994	50000
5	3	0.624000000000	0.374000000000	2	0.300346000000	0.299806000000	0.011941309764	0.016031699204	34000
5	3	0.624000000000	0.374000000000	3	0.299880000000	0.304106000000	0.011364979664	0.012513566772	50000
5	4	0.624000000000	0.500000000000	1	0.327492000000	0.282520000000	0.013129292224	0.013993334607	10000
5	4	0.624000000000	0.500000000000	2	0.285142000000	0.325030000000	0.015863148347	0.018050953907	50000
5	4	0.624000000000	0.500000000000	3	0.319416000000	0.295568000000	0.009551867994	0.009938216346	44000
5	5	0.624000000000	0.624000000000	1	0.312992000000	0.286830000000	0.010558002056	0.013501755345	18000
5	5	0.624000000000	0.624000000000	2	0.302310000000	0.317982000000	0.011891901333	0.012056742555	12000
5	5	0.624000000000	0.624000000000	3	0.312476000000	0.302720000000	0.011573909425	0.013374471073	50000
5	6	0.624000000000	0.750000000000	1	0.306796000000	0.303986000000	0.013195928028	0.010854013710	12000
5	6	0.624000000000	0.750000000000	2	0.303718000000	0.306328000000	0.011630121914	0.012174425351	50000
5	6	0.624000000000	0.750000000000	3	0.297946000000	0.312184000000	0.014204043046	0.016763029056	50000
5	7	0.624000000000	0.874000000000	1	0.312744000000	0.296976000000	0.009425460376	0.010771975653	50000
5	7	0.624000000000	0.874000000000	2	0.317654000000	0.294336000000	0.016886012597	0.012493646193	50000
5	7	0.624000000000	0.874000000000	3	0.310274000000	0.300450000000	0.015104604367	0.015998295079	50000
5	8	0.624000000000	1.000000000000	1	0.000000000000	1.000000000000	0.000000000000	0.000000000000	6000
5	8	0.624000000000	1.000000000000	2	0.000000000000	1.000000000000	0.000000000000	0.000000000000	6000
5	8	0.624000000000	1.000000000000	3	0.000000000000	1.000000000000	0.000000000000	0.000000000000	6000
6	0	0.750000000000	0.000000000000	1	0.549458000000	0.000000000000	0.011083730648	0.000000000000	6000
6	0	0.750000000000	0.000000000000	2	0.541438000000	0.000000000000	0.009254501705	0.000000000000	30000
6	0	0.750000000000	0.000000000000	3	0.539452000000	0.000000000000	0.007664883981	0.000000000000	32000
6	1	0.750000000000	0.124000000000	1	0.287368000000	0.326570000000	0.012378441009	0.013604123352	50000
6	1	0.750000000000	0.124000000000	2	0.331508000000	0.277262000000	0.010166478903	0.014954430480	50000
6	1	0.750000000000	0.124000000000	3	0.317260000000	0.288364000000	0.020657568471	0.024325197208	50000
6	2	0.750000000000	0.250000000000	1	0.296122000000	0.313426000000	0.013231938641	0.008856690407	50000
6	2	0.750000000000	0.250000000000	2	0.313654000000	0.286994000000	0.017793056985	0.019187707839	50000
6	2	0.750000000000	0.250000000000	3	0.312620000000	0.299110000000	0.013410870645	0.021036121753	38000
6	3	0.750000000000	0.374000000000	1	0.323326000000	0.287730000000	0.010833424532	0.010280700015	50000
6	3	0.750000000000	0.374000000000	2	0.315936000000	0.287766000000	0.020398725745	0.017067177052	10000
6	3	0.750000000000	0.374000000000	3	0.309116000000	0.308736000000	0.013867474566	0.011698339846	50000
6	4	0.750000000000	0.500000000000	1	0.313626000000	0.290940000000	0.012675677370	0.015414863542	50000
6	4	0.750000000000	0.500000000000	2	0.313682000000	0.300982000000	0.011001814210	0.011244470379	34000
6	4	0.750000000000	0.500000000000	3	0.326140000000	0.284698000000	0.019817091540	0.018562903258	50000
6	5	0.750000000000	0.624000000000	1	0.308854000000	0.301850000000	0.017621839098	0.010486728349	50000
6	5	0.750000000000	0.624000000000	2	0.296606000000	0.306952000000	0.017143472888	0.015873552396	10000
6	5	0.750000000000	0.624000000000	3	0.332400000000	0.286774000000	0.013922997158	0.014437359917	50000
6	6	0.750000000000	0.750000000000	1	0.300474000000	0.307270000000	0.019168170042	0.017510960389	50000
6	6	0.750000000000	0.750000000000	2	0.303900000000	0.306698000000	0.008497423504	0.008237514956	8000
6	6	0.750000000000	0.750000000000	3	0.310120000000	0.298722000000	0.012432705746	0.011220722821	50000
6	7	0.750000000000	0.874000000000	1	0.305780000000	0.306050000000	0.011502517460	0.013811598758	50000
6	7	0.750000000000	0.874000000000	2	0.302810000000	0.297186000000	0.011361909742	0.012533894148	50000
6	7	0.750000000000	0.874000000000	3	0.320514000000	0.280958000000	0.012677401963	0.013527942979	50000
6	8	0.750000000000	1.000000000000	1	0.000000000000	1.000000000000	0.000000000000	0.000000000000	6000
6	8	0.750000000000	1.000000000000	2	0.000000000000	1.000000000000	0.000000000000	0.000000000000	6000
6	8	0.750000000000	1.000000000000	3	0.000000000000	1.000000000000	0.000000000000	0.000000000000	6000
7	0	0.874000000000	0.000000000000	1	0.535736000000	0.000000000000	0.008461317740	0.000000000000	28000
7	0	0.874000000000	0.000000000000	2	0.540196000000	0.000000000000	0.007927700324	0.000000000000	18000
7	0	0.874000000000	0.000000000000	3	0.539750000000	0.000000000000	0.008330840468	0.000000000000	22000
7	1	0.874000000000	0.124000000000	1	0.286698000000	0.318384000000	0.013231018701	0.011180767127	50000
7	1	0.874000000000	0.124000000000	2	0.279354000000	0.327728000000	0.017640234178	0.020394655132	50000
7	1	0.874000000000	0.124000000000	3	0.322118000000	0.287196000000	0.012120106145	0.009573987949	50000
7	2	0.874000000000	0.250000000000	1	0.318202000000	0.289290000000	0.013314821834	0.014952306560	50000
7	2	0.874000000000	0.250000000000	2	0.330398000000	0.281920000000	0.015757852198	0.011209248291	50000
7	2	0.874000000000	0.250000000000	3	0.290118000000	0.323760000000	0.013698822348	0.019156758113	50000
7	3	0.874000000000	0.374000000000	1	0.329626000000	0.282266000000	0.011994665314	0.013633749415	50000
7	3	0.874000000000	0.374000000000	2	0.285964000000	0.326450000000	0.014212976912	0.013264442900	50000
7	3	0.874000000000	0.374000000000	3	0.320234000000	0.290876000000	0.011054747914	0.010840209137	50000
7	4	0.874000000000	0.500000000000	1	0.311196000000	0.295608000000	0.017431277447	0.023424667576	50000
7	4	0.874000000000	0.500000000000	2	0.296858000000	0.309352000000	0.019714372739	0.018379496780	24000
7	4	0.874000000000	0.500000000000	3	0.290746000000	0.322216000000	0.014580400271	0.015738902664	50000
7	5	0.874000000000	0.624000000000	1	0.310768000000	0.291958000000	0.011889471626	0.012890943038	50000
7	5	0.874000000000	0.624000000000	2	0.334336000000	0.278696000000	0.009067818333	0.011528073581	50000
7	5	0.874000000000	0.624000000000	3	0.294130000000	0.314006000000	0.011486994866	0.011134088734	36000
7	6	0.874000000000	0.750000000000	1	0.297856000000	0.314024000000	0.019289773440	0.018507023908	50000
7	6	0.874000000000	0.750000000000	2	0.329694000000	0.284286000000	0.017637841633	0.014041344785	50000
7	6	0.874000000000	0.750000000000	3	0.321052000000	0.283602000000	0.016593512004	0.017011966465	50000
7	7	0.874000000000	0.874000000000	1	0.308844000000	0.305932000000	0.013453797556	0.012434387399	50000
7	7	0.874000000000	0.874000000000	2	0.321394000000	0.294480000000	0.010092503288	0.010644571711	50000
7	7	0.874000000000	0.874000000000	3	0.320276000000	0.294946000000	0.013181562031	0.017875027290	12000
7	8	0.874000000000	1.000000000000	1	0.000000000000	1.000000000000	0.000000000000	0.000000000000	6000
7	8	0.874000000000	1.000000000000	2	0.000000000000	1.000000000000	0.000000000000	0.000000000000	6000
7	8	0.874000000000	1.000000000000	3	0.000000000000	1.000000000000	0.000000000000	0.000000000000	6000
8	0	1.000000000000	0.000000000000	1	1.000000000000	0.000000000000	0.000000000000	0.000000000000	4000
8	0	1.000000000000	0.000000000000	2	1.000000000000	0.000000000000	0.000000000000	0.000000000000	4000
8	0	1.000000000000	0.000000000000	3	1.000000000000	0.000000000000	0.000000000000	0.000000000000	4000
8	1	1.000000000000	0.124000000000	1	1.000000000000	0.000000000000	0.000000000000	0.000000000000	6000
8	1	1.000000000000	0.124000000000	2	1.000000000000	0.000000000000	0.000000000000	0.000000000000	6000
8	1	1.000000000000	0.124000000000	3	1.000000000000	0.000000000000	0.000000000000	0.000000000000	6000
8	2	1.000000000000	0.250000000000	1	1.000000000000	0.000000000000	0.000000000000	0.000000000000	6000
8	2	1.000000000000	0.250000000000	2	1.000000000000	0.000000000000	0.000000000000	0.000000000000	6000
8	2	1.000000000000	0.250000000000	3	1.000000000000	0.000000000000	0.000000000000	0.000000000000	6000
8	3	1.000000000000	0.374000000000	1	1.000000000000	0.000000000000	0.000000000000	0.000000000000	6000
8	3	1.000000000000	0.374000000000	2	1.000000000000	0.000000000000	0.000000000000	0.000000000000	6000
8	3	1.000000000000	0.374000000000	3	1.000000000000	0.000000000000	0.000000000000	0.000000000000	6000
8	4	1.000000000000	0.500000000000	1	1.000000000000	0.000000000000	0.000000000000	0.000000000000	6000
8	4	1.000000000000	0.500000000000	2	1.000000000000	0.000000000000	0.000000000000	0.000000000000	6000
8	4	1.000000000000	0.500000000000	3	1.000000000000	0.000000000000	0.000000000000	0.000000000000	6000
8	5	1.000000000000	0.624000000000	1	1.000000000000	0.000000000000	0.000000000000	0.000000000000	6000
8	5	1.000000000000	0.624000000000	2	1.000000000000	0.000000000000	0.000000000000	0.000000000000	6000
8	5	1.000000000000	0.624000000000	3	1.000000000000	0.000000000000	0.000000000000	0.000000000000	6000
8	6	1.000000000000	0.750000000000	1	1.000000000000	0.000000000000	0.000000000000	0.000000000000	6000
8	6	1.000000000000	0.750000000000	2	1.000000000000	0.000000000000	0.000000000000	0.000000000000	6000
8	6	1.000000000000	0.750000000000	3	1.000000000000	0.000000000000	0.000000000000	0.000000000000	6000
8	7	1.000000000000	0.874000000000	1	1.000000000000	0.000000000000	0.000000000000	0.000000000000	6000
8	7	1.000000000000	0.874000000000	2	1.000000000000	0.000000000000	0.000000000000	0.000000000000	6000
8	7	1.000000000000	0.874000000000	3	1.000000000000	0.000000000000	0.000000000000	0.000000000000	6000
8	8	1.000000000000	1.000000000000	1	1.000000000000	1.000000000000	0.000000000000	0.000000000000	4000
8	8	1.000000000000	1.000000000000	2	1.000000000000	1.000000000000	0.000000000000	0.000000000000	4000
8	8	1.000000000000	1.000000000000	3	1.000000000000	1.000000000000	0.000000000000	0.000000000000	4000
