# scan initial plane
# b 1.3
# r 0
# e -0.4
# p12 0.1
# ndiv 10
# n_reps 5
# A:(0,1),	A':(0,0.133),	B:(1,0),	B'=(0.133,0),	C:(1,1),	D:(0,0),	E:(0.108,0.108) 
# columns: ix iy x1_0 x2_0 rep x1_inf x2_inf sigma_1 sigma_2 t_relax
0	0	0.000000000000	0.000000000000	1	0.000000000000	0.000000000000	0.000000000000	0.000000000000	4000
0	0	0.000000000000	0.000000000000	2	0.000000000000	0.000000000000	0.000000000000	0.000000000000	4000
0	0	0.000000000000	0.000000000000	3	0.000000000000	0.000000000000	0.000000000000	0.000000000000	4000
0	0	0.000000000000	0.000000000000	4	0.000000000000	0.000000000000	0.000000000000	0.000000000000	4000
0	0	0.000000000000	0.000000000000	5	0.000000000000	0.000000000000	0.000000000000	0.000000000000	4000
0	1	0.000000000000	0.100000000000	1	0.000000000000	0.132092500000	0.000000000000	0.004928436185	10000
0	1	0.000000000000	0.100000000000	2	0.000000000000	0.134830000000	0.000000000000	0.004091190272	14000
0	1	0.000000000000	0.100000000000	3	0.000000000000	0.136102500000	0.000000000000	0.006177896904	18000
0	1	0.000000000000	0.100000000000	4	0.000000000000	0.130242500000	0.000000000000	0.004989723549	8000
0	1	0.000000000000	0.100000000000	5	0.000000000000	0.133002500000	0.000000000000	0.005954132636	6000
0	2	0.000000000000	0.200000000000	1	0.000000000000	0.130462500000	0.000000000000	0.008075893995	16000
0	2	0.000000000000	0.200000000000	2	0.000000000000	0.131635000000	0.000000000000	0.004920720322	16000
0	2	0.000000000000	0.200000000000	3	0.000000000000	0.131290000000	0.000000000000	0.006486754040	4000
0	2	0.000000000000	0.200000000000	4	0.000000000000	0.129800000000	0.000000000000	0.004695161823	30000
0	2	0.000000000000	0.200000000000	5	0.000000000000	0.129845000000	0.000000000000	0.007606499447	22000
0	3	0.000000000000	0.300000000000	1	0.000000000000	0.132042500000	0.000000000000	0.005429219112	30000
0	3	0.000000000000	0.300000000000	2	0.000000000000	0.128970000000	0.000000000000	0.004187079129	8000
0	3	0.000000000000	0.300000000000	3	0.000000000000	0.127955000000	0.000000000000	0.004611316432	30000
0	3	0.000000000000	0.300000000000	4	0.000000000000	0.130230000000	0.000000000000	0.004679101836	6000
0	3	0.000000000000	0.300000000000	5	0.000000000000	0.132110000000	0.000000000000	0.006129679679	30000
0	4	0.000000000000	0.400000000000	1	0.000000000000	0.130782500000	0.000000000000	0.006449654393	22000
0	4	0.000000000000	0.400000000000	2	0.000000000000	0.130707500000	0.000000000000	0.007711365567	16000
0	4	0.000000000000	0.400000000000	3	0.000000000000	0.130977500000	0.000000000000	0.006654511723	20000
0	4	0.000000000000	0.400000000000	4	0.000000000000	0.136310000000	0.000000000000	0.005200812287	10000
0	4	0.000000000000	0.400000000000	5	0.000000000000	0.131122500000	0.000000000000	0.006148906635	30000
0	5	0.000000000000	0.500000000000	1	0.000000000000	0.133330000000	0.000000000000	0.007089524763	30000
0	5	0.000000000000	0.500000000000	2	0.000000000000	0.130785000000	0.000000000000	0.005680320505	18000
0	5	0.000000000000	0.500000000000	3	0.000000000000	0.131797500000	0.000000000000	0.006300987716	30000
0	5	0.000000000000	0.500000000000	4	0.000000000000	0.134647500000	0.000000000000	0.005219841041	30000
0	5	0.000000000000	0.500000000000	5	0.000000000000	0.129275000000	0.000000000000	0.004028411983	26000
0	6	0.000000000000	0.600000000000	1	0.000000000000	0.131710000000	0.000000000000	0.005202448026	10000
0	6	0.000000000000	0.600000000000	2	0.000000000000	0.130395000000	0.000000000000	0.006548806140	28000
0	6	0.000000000000	0.600000000000	3	0.000000000000	0.134592500000	0.000000000000	0.008033818269	14000
0	6	0.000000000000	0.600000000000	4	0.000000000000	0.130770000000	0.000000000000	0.005734979511	30000
0	6	0.000000000000	0.600000000000	5	0.000000000000	0.131635000000	0.000000000000	0.005881017035	6000
0	7	0.000000000000	0.700000000000	1	0.000000000000	0.130710000000	0.000000000000	0.005035748083	6000
0	7	0.000000000000	0.700000000000	2	0.000000000000	0.128660000000	0.000000000000	0.006392007334	30000
0	7	0.000000000000	0.700000000000	3	0.000000000000	0.131080000000	0.000000000000	0.006056631306	14000
0	7	0.000000000000	0.700000000000	4	0.000000000000	0.126162500000	0.000000000000	0.005359203748	16000
0	7	0.000000000000	0.700000000000	5	0.000000000000	0.127630000000	0.000000000000	0.005907029117	30000
0	8	0.000000000000	0.800000000000	1	0.000000000000	0.135282500000	0.000000000000	0.008277678643	14000
0	8	0.000000000000	0.800000000000	2	0.000000000000	0.130757500000	0.000000000000	0.005692305868	6000
0	8	0.000000000000	0.800000000000	3	0.000000000000	0.131007500000	0.000000000000	0.005189472456	30000
0	8	0.000000000000	0.800000000000	4	0.000000000000	0.127680000000	0.000000000000	0.006023195072	30000
0	8	0.000000000000	0.800000000000	5	0.000000000000	0.132345000000	0.000000000000	0.004660761493	10000
0	9	0.000000000000	0.900000000000	1	0.000000000000	0.131270000000	0.000000000000	0.005844549492	30000
0	9	0.000000000000	0.900000000000	2	0.000000000000	0.128440000000	0.000000000000	0.007159270574	30000
0	9	0.000000000000	0.900000000000	3	0.000000000000	0.131435000000	0.000000000000	0.005180986163	10000
0	9	0.000000000000	0.900000000000	4	0.000000000000	0.130620000000	0.000000000000	0.005530251684	22000
0	9	0.000000000000	0.900000000000	5	0.000000000000	0.130057500000	0.000000000000	0.004534424413	12000
0	10	0.000000000000	1.000000000000	1	0.000000000000	1.000000000000	0.000000000000	0.000000000000	4000
0	10	0.000000000000	1.000000000000	2	0.000000000000	1.000000000000	0.000000000000	0.000000000000	4000
0	10	0.000000000000	1.000000000000	3	0.000000000000	1.000000000000	0.000000000000	0.000000000000	4000
0	10	0.000000000000	1.000000000000	4	0.000000000000	1.000000000000	0.000000000000	0.000000000000	4000
0	10	0.000000000000	1.000000000000	5	0.000000000000	1.000000000000	0.000000000000	0.000000000000	4000
