# scan initial plane
# b 1.15
# r 0
# e -0.4
# p12 0.23
# ndiv 8
# n_reps 3
# A:(0,1),	A':(0,0.613),	B:(1,0),	B'=(0.613,0),	C:(1,1),	D:(0,0),	E:(0.333,0.333) 
# columns: ix iy x1_0 x2_0 rep x1_inf x2_inf sigma_1 sigma_2 t_relax
2	0	0.250000000000	0.000000000000	1	0.701394000000	0.000000000000	0.011358775717	0.000000000000	22000
2	0	0.250000000000	0.000000000000	2	0.712026000000	0.000000000000	0.007711730986	0.000000000000	28000
2	0	0.250000000000	0.000000000000	3	0.714272000000	0.000000000000	0.012638264981	0.000000000000	26000
2	1	0.250000000000	0.124000000000	1	0.707750000000	0.000000000000	0.010194774810	0.000000000000	12000
2	1	0.250000000000	0.124000000000	2	0.699636000000	0.000000000000	0.009081298034	0.000000000000	30000
2	1	0.250000000000	0.124000000000	3	0.713578000000	0.000000000000	0.011941881113	0.000000000000	40000
2	2	0.250000000000	0.250000000000	1	0.709948000000	0.000000000000	0.011738103726	0.000000000000	44000
2	2	0.250000000000	0.250000000000	2	0.694428000000	0.000000000000	0.009969764903	0.000000000000	32000
2	2	0.250000000000	0.250000000000	3	0.000000000000	0.696446000000	0.000000000000	0.009183104781	40000
2	3	0.250000000000	0.374000000000	1	0.000000000000	0.709164000000	0.000000000000	0.010417371340	110000
2	3	0.250000000000	0.374000000000	2	0.000000000000	0.708490000000	0.000000000000	0.009337831391	44000
2	3	0.250000000000	0.374000000000	3	0.711570000000	0.000000000000	0.011539508666	0.000000000000	44000
2	4	0.250000000000	0.500000000000	1	0.000000000000	0.687798000000	0.000000000000	0.010511026481	66000
2	4	0.250000000000	0.500000000000	2	0.000000000000	0.699000000000	0.000000000000	0.009855004877	18000
2	4	0.250000000000	0.500000000000	3	0.000000000000	0.700844000000	0.000000000000	0.011679043799	18000
2	5	0.250000000000	0.624000000000	1	0.000000000000	0.693768000000	0.000000000000	0.009409926818	26000
2	5	0.250000000000	0.624000000000	2	0.000000000000	0.711798000000	0.000000000000	0.013425029886	54000
2	5	0.250000000000	0.624000000000	3	0.000000000000	0.705580000000	0.000000000000	0.011909888557	50000
2	6	0.250000000000	0.750000000000	1	0.000000000000	0.701800000000	0.000000000000	0.017901521289	86000
2	6	0.250000000000	0.750000000000	2	0.000000000000	0.713868000000	0.000000000000	0.009289395506	12000
2	6	0.250000000000	0.750000000000	3	0.000000000000	0.702670000000	0.000000000000	0.014474135574	76000
2	7	0.250000000000	0.874000000000	1	0.000000000000	0.715320000000	0.000000000000	0.011023389457	16000
2	7	0.250000000000	0.874000000000	2	0.000000000000	0.707632000000	0.000000000000	0.011819148373	14000
2	7	0.250000000000	0.874000000000	3	0.000000000000	0.704876000000	0.000000000000	0.010018632491	18000
2	8	0.250000000000	1.000000000000	1	0.000000000000	1.000000000000	0.000000000000	0.000000000000	6000
2	8	0.250000000000	1.000000000000	2	0.000000000000	1.000000000000	0.000000000000	0.000000000000	6000
2	8	0.250000000000	1.000000000000	3	0.000000000000	1.000000000000	0.000000000000	0.000000000000	6000
