# scan initial plane
# b 1.3
# r 0
# e -0.4
# N1 250
# N2 250
# P11 0.9
# p12 0.1
# P22 0.9
# T_MCS 1000
# T_MAX 30000
# W 2000
# UPDATE_RULE 0
# FERMI_BETA 1
# DEGREE_ALPHA 0.5
# DEGREE_FACTOR_MIN 0.5
# DEGREE_FACTOR_MAX 2
# ndiv 10
# n_reps 5
# A:(0,1),	A':(0,0.133),	B:(1,0),	B'=(0.133,0),	C:(1,1),	D:(0,0),	E:(0.108,0.108) 
# columns: ix iy x1_0 x2_0 rep x1_inf x2_inf sigma_1 sigma_2 t_relax
0	0	0.000000000000	0.000000000000	1	0.000000000000	0.000000000000	0.000000000000	0.000000000000	4000
0	0	0.000000000000	0.000000000000	2	0.000000000000	0.000000000000	0.000000000000	0.000000000000	4000
0	0	0.000000000000	0.000000000000	3	0.000000000000	0.000000000000	0.000000000000	0.000000000000	4000
0	0	0.000000000000	0.000000000000	4	0.000000000000	0.000000000000	0.000000000000	0.000000000000	4000
0	0	0.000000000000	0.000000000000	5	0.000000000000	0.000000000000	0.000000000000	0.000000000000	4000
0	1	0.000000000000	0.100000000000	1	0.000000000000	0.128832000000	0.000000000000	0.006290576074	6000
0	1	0.000000000000	0.100000000000	2	0.000000000000	0.127772000000	0.000000000000	0.007953569970	4000
0	1	0.000000000000	0.100000000000	3	0.000000000000	0.121548000000	0.000000000000	0.008468022402	12000
0	1	0.000000000000	0.100000000000	4	0.000000000000	0.128024000000	0.000000000000	0.007068903267	4000
0	1	0.000000000000	0.100000000000	5	0.000000000000	0.123692000000	0.000000000000	0.007566927672	6000
0	2	0.000000000000	0.200000000000	1	0.000000000000	0.126804000000	0.000000000000	0.007845963494	8000
0	2	0.000000000000	0.200000000000	2	0.000000000000	0.126152000000	0.000000000000	0.006498240002	12000
0	2	0.000000000000	0.200000000000	3	0.000000000000	0.128876000000	0.000000000000	0.009406865212	30000
0	2	0.000000000000	0.200000000000	4	0.000000000000	0.131816000000	0.000000000000	0.008457285006	18000
0	2	0.000000000000	0.200000000000	5	0.000000000000	0.128860000000	0.000000000000	0.009163425580	4000
0	3	0.000000000000	0.300000000000	1	0.000000000000	0.126588000000	0.000000000000	0.006361031262	4000
0	3	0.000000000000	0.300000000000	2	0.000000000000	0.118792000000	0.000000000000	0.006458982463	10000
0	3	0.000000000000	0.300000000000	3	0.000000000000	0.127016000000	0.000000000000	0.007249572422	18000
0	3	0.000000000000	0.300000000000	4	0.000000000000	0.123320000000	0.000000000000	0.009398400392	8000
0	3	0.000000000000	0.300000000000	5	0.000000000000	0.124944000000	0.000000000000	0.009448711137	6000
0	4	0.000000000000	0.400000000000	1	0.000000000000	0.127992000000	0.000000000000	0.009669614131	14000
0	4	0.000000000000	0.400000000000	2	0.000000000000	0.125164000000	0.000000000000	0.009514600971	18000
0	4	0.000000000000	0.400000000000	3	0.000000000000	0.135280000000	0.000000000000	0.010417202989	16000
0	4	0.000000000000	0.400000000000	4	0.000000000000	0.124260000000	0.000000000000	0.010950265216	26000
0	4	0.000000000000	0.400000000000	5	0.000000000000	0.125244000000	0.000000000000	0.009559908779	10000
0	5	0.000000000000	0.500000000000	1	0.000000000000	0.126220000000	0.000000000000	0.007288670985	6000
0	5	0.000000000000	0.500000000000	2	0.000000000000	0.125776000000	0.000000000000	0.009535237005	8000
0	5	0.000000000000	0.500000000000	3	0.000000000000	0.125616000000	0.000000000000	0.008645420018	22000
0	5	0.000000000000	0.500000000000	4	0.000000000000	0.125836000000	0.000000000000	0.007746038026	30000
0	5	0.000000000000	0.500000000000	5	0.000000000000	0.130392000000	0.000000000000	0.007228456722	14000
0	6	0.000000000000	0.600000000000	1	0.000000000000	0.127452000000	0.000000000000	0.009320652905	6000
0	6	0.000000000000	0.600000000000	2	0.000000000000	0.129944000000	0.000000000000	0.006819631322	18000
0	6	0.000000000000	0.600000000000	3	0.000000000000	0.132660000000	0.000000000000	0.007653952115	20000
0	6	0.000000000000	0.600000000000	4	0.000000000000	0.128084000000	0.000000000000	0.008770282884	26000
0	6	0.000000000000	0.600000000000	5	0.000000000000	0.128536000000	0.000000000000	0.007842334232	14000
0	7	0.000000000000	0.700000000000	1	0.000000000000	0.131384000000	0.000000000000	0.006815496680	8000
0	7	0.000000000000	0.700000000000	2	0.000000000000	0.124920000000	0.000000000000	0.009855898677	24000
0	7	0.000000000000	0.700000000000	3	0.000000000000	0.129688000000	0.000000000000	0.006882879487	18000
0	7	0.000000000000	0.700000000000	4	0.000000000000	0.129276000000	0.000000000000	0.008812802590	20000
0	7	0.000000000000	0.700000000000	5	0.000000000000	0.121860000000	0.000000000000	0.008102224759	16000
0	8	0.000000000000	0.800000000000	1	0.000000000000	0.126156000000	0.000000000000	0.008852006666	10000
0	8	0.000000000000	0.800000000000	2	0.000000000000	0.128104000000	0.000000000000	0.009302672934	10000
0	8	0.000000000000	0.800000000000	3	0.000000000000	0.122148000000	0.000000000000	0.008490122389	8000
0	8	0.000000000000	0.800000000000	4	0.000000000000	0.123100000000	0.000000000000	0.007921916230	18000
0	8	0.000000000000	0.800000000000	5	0.000000000000	0.129880000000	0.000000000000	0.011296070166	16000
0	9	0.000000000000	0.900000000000	1	0.000000000000	0.123700000000	0.000000000000	0.009367911067	16000
0	9	0.000000000000	0.900000000000	2	0.000000000000	0.127372000000	0.000000000000	0.007096476307	16000
0	9	0.000000000000	0.900000000000	3	0.000000000000	0.124628000000	0.000000000000	0.008670916953	6000
0	9	0.000000000000	0.900000000000	4	0.000000000000	0.129700000000	0.000000000000	0.010582532305	30000
0	9	0.000000000000	0.900000000000	5	0.000000000000	0.129728000000	0.000000000000	0.007387326214	8000
0	10	0.000000000000	1.000000000000	1	0.000000000000	1.000000000000	0.000000000000	0.000000000000	4000
0	10	0.000000000000	1.000000000000	2	0.000000000000	1.000000000000	0.000000000000	0.000000000000	4000
0	10	0.000000000000	1.000000000000	3	0.000000000000	1.000000000000	0.000000000000	0.000000000000	4000
0	10	0.000000000000	1.000000000000	4	0.000000000000	1.000000000000	0.000000000000	0.000000000000	4000
0	10	0.000000000000	1.000000000000	5	0.000000000000	1.000000000000	0.000000000000	0.000000000000	4000
1	0	0.100000000000	0.000000000000	1	0.123108000000	0.000000000000	0.008792818072	0.000000000000	14000
1	0	0.100000000000	0.000000000000	2	0.122244000000	0.000000000000	0.007450904642	0.000000000000	8000
1	0	0.100000000000	0.000000000000	3	0.128848000000	0.000000000000	0.006685925336	0.000000000000	6000
1	0	0.100000000000	0.000000000000	4	0.128488000000	0.000000000000	0.008301733239	0.000000000000	30000
1	0	0.100000000000	0.000000000000	5	0.122188000000	0.000000000000	0.011224020431	0.000000000000	30000
1	1	0.100000000000	0.100000000000	1	0.100484000000	0.095880000000	0.009054044385	0.008479239205	30000
1	1	0.100000000000	0.100000000000	2	0.098916000000	0.096996000000	0.008699691295	0.008431789791	30000
1	1	0.100000000000	0.100000000000	3	0.092628000000	0.095996000000	0.009669908124	0.011446703063	30000
1	1	0.100000000000	0.100000000000	4	0.088232000000	0.101680000000	0.012443995702	0.007554778268	30000
1	1	0.100000000000	0.100000000000	5	0.094784000000	0.094128000000	0.008763911806	0.011089932489	30000
1	2	0.100000000000	0.200000000000	1	0.103072000000	0.101692000000	0.007871008116	0.010564124987	30000
1	2	0.100000000000	0.200000000000	2	0.098728000000	0.098876000000	0.009593855224	0.010924832995	30000
1	2	0.100000000000	0.200000000000	3	0.095372000000	0.101476000000	0.007491711536	0.009024348335	18000
1	2	0.100000000000	0.200000000000	4	0.087588000000	0.099528000000	0.011604694090	0.011988700720	30000
1	2	0.100000000000	0.200000000000	5	0.095420000000	0.096564000000	0.008472507503	0.008640171095	30000
1	3	0.100000000000	0.300000000000	1	0.092780000000	0.095772000000	0.011204871670	0.009768287231	30000
1	3	0.100000000000	0.300000000000	2	0.100608000000	0.093264000000	0.010628231052	0.009218638039	30000
1	3	0.100000000000	0.300000000000	3	0.102120000000	0.097904000000	0.008477350144	0.008290447245	30000
1	3	0.100000000000	0.300000000000	4	0.090516000000	0.101764000000	0.008041293827	0.008626628700	12000
1	3	0.100000000000	0.300000000000	5	0.095744000000	0.090120000000	0.007741472366	0.007707464240	30000
1	4	0.100000000000	0.400000000000	1	0.102504000000	0.100144000000	0.009265410505	0.008819583270	30000
1	4	0.100000000000	0.400000000000	2	0.092700000000	0.094524000000	0.008042305557	0.009154738294	30000
1	4	0.100000000000	0.400000000000	3	0.099124000000	0.091872000000	0.007271141141	0.009613950491	8000
1	4	0.100000000000	0.400000000000	4	0.097796000000	0.095992000000	0.008908745689	0.010254808487	30000
1	4	0.100000000000	0.400000000000	5	0.097596000000	0.097728000000	0.008898312422	0.008825639235	18000
1	5	0.100000000000	0.500000000000	1	0.101784000000	0.093820000000	0.010549722302	0.011851584707	30000
1	5	0.100000000000	0.500000000000	2	0.097752000000	0.098432000000	0.010562673244	0.009300100422	30000
1	5	0.100000000000	0.500000000000	3	0.094952000000	0.099120000000	0.011749372057	0.007512258917	30000
1	5	0.100000000000	0.500000000000	4	0.104168000000	0.093240000000	0.010113459253	0.010287479392	30000
1	5	0.100000000000	0.500000000000	5	0.097412000000	0.104212000000	0.008835628123	0.010126084811	30000
1	6	0.100000000000	0.600000000000	1	0.102028000000	0.098744000000	0.007999950951	0.009146481407	30000
1	6	0.100000000000	0.600000000000	2	0.096292000000	0.097984000000	0.008622127178	0.010149618651	30000
1	6	0.100000000000	0.600000000000	3	0.092160000000	0.097348000000	0.009380746154	0.008519123868	30000
1	6	0.100000000000	0.600000000000	4	0.107664000000	0.100044000000	0.009486469159	0.006572157732	30000
1	6	0.100000000000	0.600000000000	5	0.099464000000	0.089564000000	0.009287785902	0.008010122725	30000
1	7	0.100000000000	0.700000000000	1	0.089204000000	0.098848000000	0.008516273299	0.007613334280	30000
1	7	0.100000000000	0.700000000000	2	0.095624000000	0.096420000000	0.008266980523	0.008205542696	30000
1	7	0.100000000000	0.700000000000	3	0.098896000000	0.090136000000	0.009185290064	0.010459584452	30000
1	7	0.100000000000	0.700000000000	4	0.096820000000	0.097872000000	0.006328953757	0.006978848065	30000
1	7	0.100000000000	0.700000000000	5	0.104716000000	0.091024000000	0.009946369904	0.008172772982	30000
1	8	0.100000000000	0.800000000000	1	0.098380000000	0.086876000000	0.008859689278	0.010866033991	30000
1	8	0.100000000000	0.800000000000	2	0.097480000000	0.088404000000	0.009872135486	0.010031221731	28000
1	8	0.100000000000	0.800000000000	3	0.093824000000	0.093696000000	0.008174340575	0.007935903387	30000
1	8	0.100000000000	0.800000000000	4	0.091140000000	0.101724000000	0.009910732699	0.010258901943	30000
1	8	0.100000000000	0.800000000000	5	0.099564000000	0.096616000000	0.008781743735	0.010390019081	30000
1	9	0.100000000000	0.900000000000	1	0.103696000000	0.096968000000	0.007023739525	0.009285536990	30000
1	9	0.100000000000	0.900000000000	2	0.101348000000	0.098180000000	0.009012442517	0.008481953993	30000
1	9	0.100000000000	0.900000000000	3	0.094016000000	0.099200000000	0.012894883560	0.010728051598	30000
1	9	0.100000000000	0.900000000000	4	0.098076000000	0.097876000000	0.009872572699	0.008420423239	30000
1	9	0.100000000000	0.900000000000	5	0.100912000000	0.098992000000	0.009211574736	0.009267460376	30000
1	10	0.100000000000	1.000000000000	1	0.000000000000	1.000000000000	0.000000000000	0.000000000000	6000
1	10	0.100000000000	1.000000000000	2	0.000000000000	1.000000000000	0.000000000000	0.000000000000	6000
1	10	0.100000000000	1.000000000000	3	0.000000000000	1.000000000000	0.000000000000	0.000000000000	6000
1	10	0.100000000000	1.000000000000	4	0.000000000000	1.000000000000	0.000000000000	0.000000000000	6000
1	10	0.100000000000	1.000000000000	5	0.000000000000	1.000000000000	0.000000000000	0.000000000000	6000
