# scan initial plane
# b 1.174
# r 0
# e -0.4
# p12 0.3
# ndiv 10
# n_reps 5
# A:(0,1),	A':(0,0.690),	B:(1,0),	B'=(0.690,0),	C:(1,1),	D:(0,0),	E:(0.347,0.347) 
# columns: ix iy x1_0 x2_0 rep x1_inf x2_inf sigma_1 sigma_2 t_relax
4	0	0.400000000000	0.000000000000	1	0.590640000000	0.000000000000	0.029024693501	0.000000000000	10000
4	0	0.400000000000	0.000000000000	2	0.588190000000	0.000000000000	0.023861963316	0.000000000000	12000
4	0	0.400000000000	0.000000000000	3	0.583690000000	0.000000000000	0.023610195707	0.000000000000	4000
4	0	0.400000000000	0.000000000000	4	0.569520000000	0.000000000000	0.031789623782	0.000000000000	30000
4	0	0.400000000000	0.000000000000	5	0.593510000000	0.000000000000	0.029934528157	0.000000000000	20000
4	1	0.400000000000	0.100000000000	1	0.596270000000	0.000000000000	0.027443400668	0.000000000000	28000
4	1	0.400000000000	0.100000000000	2	0.583830000000	0.000000000000	0.027658562799	0.000000000000	16000
4	1	0.400000000000	0.100000000000	3	0.593110000000	0.000000000000	0.024908800620	0.000000000000	30000
4	1	0.400000000000	0.100000000000	4	0.589720000000	0.000000000000	0.026325170742	0.000000000000	18000
4	1	0.400000000000	0.100000000000	5	0.591330000000	0.000000000000	0.026492129641	0.000000000000	14000
4	2	0.400000000000	0.200000000000	1	0.000000000000	0.604270000000	0.000000000000	0.020171117321	30000
4	2	0.400000000000	0.200000000000	2	0.586240000000	0.000000000000	0.025595263576	0.000000000000	10000
4	2	0.400000000000	0.200000000000	3	0.579560000000	0.000000000000	0.032852483706	0.000000000000	10000
4	2	0.400000000000	0.200000000000	4	0.000000000000	0.582880000000	0.000000000000	0.031942541006	30000
4	2	0.400000000000	0.200000000000	5	0.612590000000	0.000000000000	0.024980310565	0.000000000000	6000
4	3	0.400000000000	0.300000000000	1	0.000000000000	0.612150000000	0.000000000000	0.032085931606	18000
4	3	0.400000000000	0.300000000000	2	0.599370000000	0.000000000000	0.027714096976	0.000000000000	30000
4	3	0.400000000000	0.300000000000	3	0.570900000000	0.000000000000	0.026158636705	0.000000000000	26000
4	3	0.400000000000	0.300000000000	4	0.000000000000	0.578770000000	0.000000000000	0.025738095298	22000
4	3	0.400000000000	0.300000000000	5	0.000000000000	0.582340000000	0.000000000000	0.035079266739	30000
4	4	0.400000000000	0.400000000000	1	0.000000000000	0.583150000000	0.000000000000	0.031767698794	20000
4	4	0.400000000000	0.400000000000	2	0.590950000000	0.000000000000	0.024082721555	0.000000000000	18000
4	4	0.400000000000	0.400000000000	3	0.577250000000	0.000000000000	0.024927070804	0.000000000000	14000
4	4	0.400000000000	0.400000000000	4	0.581140000000	0.000000000000	0.029396676080	0.000000000000	24000
4	4	0.400000000000	0.400000000000	5	0.000000000000	0.570330000000	0.000000000000	0.037282450041	22000
4	5	0.400000000000	0.500000000000	1	0.605420000000	0.000000000000	0.024347821595	0.000000000000	30000
4	5	0.400000000000	0.500000000000	2	0.000000000000	0.603720000000	0.000000000000	0.033874903824	26000
4	5	0.400000000000	0.500000000000	3	0.000000000000	0.589980000000	0.000000000000	0.027549202503	20000
4	5	0.400000000000	0.500000000000	4	0.564430000000	0.000000000000	0.025759243751	0.000000000000	30000
4	5	0.400000000000	0.500000000000	5	0.000000000000	0.574990000000	0.000000000000	0.025084439980	30000
4	6	0.400000000000	0.600000000000	1	0.000000000000	0.611480000000	0.000000000000	0.027523938075	8000
4	6	0.400000000000	0.600000000000	2	0.000000000000	0.567310000000	0.000000000000	0.025473767150	8000
4	6	0.400000000000	0.600000000000	3	0.000000000000	0.579640000000	0.000000000000	0.024598281962	16000
4	6	0.400000000000	0.600000000000	4	0.000000000000	0.588040000000	0.000000000000	0.027248869718	12000
4	6	0.400000000000	0.600000000000	5	0.000000000000	0.572830000000	0.000000000000	0.027310015323	18000
4	7	0.400000000000	0.700000000000	1	0.000000000000	0.607760000000	0.000000000000	0.027406815458	24000
4	7	0.400000000000	0.700000000000	2	0.000000000000	0.588530000000	0.000000000000	0.023209432948	16000
4	7	0.400000000000	0.700000000000	3	0.000000000000	0.605470000000	0.000000000000	0.022536348129	24000
4	7	0.400000000000	0.700000000000	4	0.000000000000	0.601840000000	0.000000000000	0.028053545255	30000
4	7	0.400000000000	0.700000000000	5	0.587250000000	0.000000000000	0.027819263315	0.000000000000	10000
4	8	0.400000000000	0.800000000000	1	0.000000000000	0.599640000000	0.000000000000	0.031344103957	26000
4	8	0.400000000000	0.800000000000	2	0.000000000000	0.590410000000	0.000000000000	0.025079092106	18000
4	8	0.400000000000	0.800000000000	3	0.000000000000	0.602810000000	0.000000000000	0.030356637255	20000
4	8	0.400000000000	0.800000000000	4	0.000000000000	0.605290000000	0.000000000000	0.034711969417	14000
4	8	0.400000000000	0.800000000000	5	0.000000000000	0.586560000000	0.000000000000	0.028013410202	20000
4	9	0.400000000000	0.900000000000	1	0.570660000000	0.000000000000	0.030004410753	0.000000000000	14000
4	9	0.400000000000	0.900000000000	2	0.000000000000	0.589570000000	0.000000000000	0.029542983734	10000
4	9	0.400000000000	0.900000000000	3	0.610360000000	0.000000000000	0.036859585307	0.000000000000	8000
4	9	0.400000000000	0.900000000000	4	0.000000000000	0.600910000000	0.000000000000	0.031960810274	14000
4	9	0.400000000000	0.900000000000	5	0.000000000000	0.599280000000	0.000000000000	0.026102930160	10000
4	10	0.400000000000	1.000000000000	1	0.000000000000	1.000000000000	0.000000000000	0.000000000000	6000
4	10	0.400000000000	1.000000000000	2	0.000000000000	1.000000000000	0.000000000000	0.000000000000	6000
4	10	0.400000000000	1.000000000000	3	0.000000000000	1.000000000000	0.000000000000	0.000000000000	6000
4	10	0.400000000000	1.000000000000	4	0.000000000000	1.000000000000	0.000000000000	0.000000000000	6000
4	10	0.400000000000	1.000000000000	5	0.000000000000	1.000000000000	0.000000000000	0.000000000000	6000
