# scan initial plane
# b 1.2
# r 0
# e -0.4
# p12 0.3
# ndiv 10
# n_reps 5
# A:(0,1),	A':(0,0.600),	B:(1,0),	B'=(0.600,0),	C:(1,1),	D:(0,0),	E:(0.316,0.316) 
# columns: ix iy x1_0 x2_0 rep x1_inf x2_inf sigma_1 sigma_2 t_relax
2	0	0.200000000000	0.000000000000	1	0.615920000000	0.000000000000	0.008191990522	0.000000000000	18000
2	0	0.200000000000	0.000000000000	2	0.618552000000	0.000000000000	0.008636311822	0.000000000000	30000
2	0	0.200000000000	0.000000000000	3	0.622884000000	0.000000000000	0.008099144408	0.000000000000	10000
2	0	0.200000000000	0.000000000000	4	0.615812000000	0.000000000000	0.008984730457	0.000000000000	28000
2	0	0.200000000000	0.000000000000	5	0.615552000000	0.000000000000	0.008320368052	0.000000000000	16000
2	1	0.200000000000	0.100000000000	1	0.615830000000	0.000000000000	0.007025130067	0.000000000000	22000
2	1	0.200000000000	0.100000000000	2	0.618730000000	0.000000000000	0.008357328816	0.000000000000	22000
2	1	0.200000000000	0.100000000000	3	0.542444000000	0.086970000000	0.013130394940	0.012063192804	30000
2	1	0.200000000000	0.100000000000	4	0.613262000000	0.000000000000	0.008456173062	0.000000000000	16000
2	1	0.200000000000	0.100000000000	5	0.575888000000	0.044496000000	0.016450960157	0.018332541179	30000
2	2	0.200000000000	0.200000000000	1	0.000000000000	0.615188000000	0.000000000000	0.010525181017	28000
2	2	0.200000000000	0.200000000000	2	0.000000000000	0.630530000000	0.000000000000	0.008386264331	26000
2	2	0.200000000000	0.200000000000	3	0.000000000000	0.619210000000	0.000000000000	0.008437244046	30000
2	2	0.200000000000	0.200000000000	4	0.612358000000	0.000000000000	0.007085057095	0.000000000000	30000
2	2	0.200000000000	0.200000000000	5	0.615594000000	0.000000000000	0.009282528176	0.000000000000	30000
2	3	0.200000000000	0.300000000000	1	0.429084000000	0.201256000000	0.030924768152	0.031705452208	30000
2	3	0.200000000000	0.300000000000	2	0.000000000000	0.621080000000	0.000000000000	0.006280847797	30000
2	3	0.200000000000	0.300000000000	3	0.000000000000	0.614212000000	0.000000000000	0.008099176048	18000
2	3	0.200000000000	0.300000000000	4	0.000000000000	0.617266000000	0.000000000000	0.009460377516	22000
2	3	0.200000000000	0.300000000000	5	0.622042000000	0.000000000000	0.007496828559	0.000000000000	24000
2	4	0.200000000000	0.400000000000	1	0.128192000000	0.503554000000	0.024591866458	0.019689813934	30000
2	4	0.200000000000	0.400000000000	2	0.532074000000	0.098900000000	0.016623202304	0.014289092980	30000
2	4	0.200000000000	0.400000000000	3	0.000000000000	0.623320000000	0.000000000000	0.008592754822	26000
2	4	0.200000000000	0.400000000000	4	0.000000000000	0.623564000000	0.000000000000	0.008584847326	26000
2	4	0.200000000000	0.400000000000	5	0.042522000000	0.579686000000	0.017626860816	0.018240562549	30000
2	5	0.200000000000	0.500000000000	1	0.000000000000	0.624066000000	0.000000000000	0.009183680307	12000
2	5	0.200000000000	0.500000000000	2	0.000000000000	0.612792000000	0.000000000000	0.009893362149	30000
2	5	0.200000000000	0.500000000000	3	0.000000000000	0.620756000000	0.000000000000	0.008162787214	30000
2	5	0.200000000000	0.500000000000	4	0.000000000000	0.628814000000	0.000000000000	0.008271990681	26000
2	5	0.200000000000	0.500000000000	5	0.000000000000	0.613240000000	0.000000000000	0.008063213715	18000
2	6	0.200000000000	0.600000000000	1	0.003062000000	0.624756000000	0.004110115454	0.009547754900	30000
2	6	0.200000000000	0.600000000000	2	0.100184000000	0.530196000000	0.014369294368	0.016803688522	30000
2	6	0.200000000000	0.600000000000	3	0.000000000000	0.619084000000	0.000000000000	0.007939772288	30000
2	6	0.200000000000	0.600000000000	4	0.158944000000	0.473126000000	0.014519768858	0.015790169519	30000
2	6	0.200000000000	0.600000000000	5	0.000000000000	0.608882000000	0.000000000000	0.008123796654	20000
2	7	0.200000000000	0.700000000000	1	0.000000000000	0.628208000000	0.000000000000	0.007755313074	16000
2	7	0.200000000000	0.700000000000	2	0.000000000000	0.616904000000	0.000000000000	0.009014657400	16000
2	7	0.200000000000	0.700000000000	3	0.000000000000	0.612474000000	0.000000000000	0.008188673786	30000
2	7	0.200000000000	0.700000000000	4	0.000000000000	0.626354000000	0.000000000000	0.009391852367	30000
2	7	0.200000000000	0.700000000000	5	0.000000000000	0.614322000000	0.000000000000	0.006938332397	30000
2	8	0.200000000000	0.800000000000	1	0.000000000000	0.619340000000	0.000000000000	0.008058619072	16000
2	8	0.200000000000	0.800000000000	2	0.000000000000	0.620438000000	0.000000000000	0.010577525232	20000
2	8	0.200000000000	0.800000000000	3	0.000000000000	0.619080000000	0.000000000000	0.009313234472	24000
2	8	0.200000000000	0.800000000000	4	0.000000000000	0.611994000000	0.000000000000	0.007710214745	12000
2	8	0.200000000000	0.800000000000	5	0.000000000000	0.619764000000	0.000000000000	0.007559460923	10000
2	9	0.200000000000	0.900000000000	1	0.000000000000	0.616896000000	0.000000000000	0.006323066121	10000
2	9	0.200000000000	0.900000000000	2	0.000000000000	0.616152000000	0.000000000000	0.008061382132	20000
2	9	0.200000000000	0.900000000000	3	0.000000000000	0.617638000000	0.000000000000	0.006716402762	16000
2	9	0.200000000000	0.900000000000	4	0.000000000000	0.618726000000	0.000000000000	0.008547630431	30000
2	9	0.200000000000	0.900000000000	5	0.000000000000	0.613522000000	0.000000000000	0.009329445565	30000
2	10	0.200000000000	1.000000000000	1	0.000000000000	1.000000000000	0.000000000000	0.000000000000	6000
2	10	0.200000000000	1.000000000000	2	0.000000000000	1.000000000000	0.000000000000	0.000000000000	6000
2	10	0.200000000000	1.000000000000	3	0.000000000000	1.000000000000	0.000000000000	0.000000000000	6000
2	10	0.200000000000	1.000000000000	4	0.000000000000	1.000000000000	0.000000000000	0.000000000000	6000
2	10	0.200000000000	1.000000000000	5	0.000000000000	1.000000000000	0.000000000000	0.000000000000	6000
