# scan initial plane
# b 1.2
# r 0
# e -0.4
# p12 0.3
# ndiv 10
# n_reps 5
# A:(0,1),	A':(0,0.600),	B:(1,0),	B'=(0.600,0),	C:(1,1),	D:(0,0),	E:(0.316,0.316) 
# columns: ix iy x1_0 x2_0 rep x1_inf x2_inf sigma_1 sigma_2 t_relax
5	0	0.500000000000	0.000000000000	1	0.621474000000	0.000000000000	0.008140367903	0.000000000000	12000
5	0	0.500000000000	0.000000000000	2	0.618972000000	0.000000000000	0.008633524990	0.000000000000	18000
5	0	0.500000000000	0.000000000000	3	0.614298000000	0.000000000000	0.008761732932	0.000000000000	30000
5	0	0.500000000000	0.000000000000	4	0.618634000000	0.000000000000	0.007619192614	0.000000000000	22000
5	0	0.500000000000	0.000000000000	5	0.624152000000	0.000000000000	0.009006331662	0.000000000000	8000
5	1	0.500000000000	0.100000000000	1	0.510842000000	0.120648000000	0.012467657297	0.012875786651	30000
5	1	0.500000000000	0.100000000000	2	0.615704000000	0.000000000000	0.008123199516	0.000000000000	30000
5	1	0.500000000000	0.100000000000	3	0.619966000000	0.000000000000	0.009278412199	0.000000000000	30000
5	1	0.500000000000	0.100000000000	4	0.622922000000	0.000000000000	0.009465490558	0.000000000000	30000
5	1	0.500000000000	0.100000000000	5	0.619276000000	0.000000000000	0.009886433410	0.000000000000	10000
5	2	0.500000000000	0.200000000000	1	0.617350000000	0.000000000000	0.008592050007	0.000000000000	16000
5	2	0.500000000000	0.200000000000	2	0.622658000000	0.000000000000	0.008431021179	0.000000000000	28000
5	2	0.500000000000	0.200000000000	3	0.554796000000	0.069474000000	0.009526023784	0.007152795711	30000
5	2	0.500000000000	0.200000000000	4	0.621260000000	0.000000000000	0.009318972220	0.000000000000	16000
5	2	0.500000000000	0.200000000000	5	0.619602000000	0.000000000000	0.009334920286	0.000000000000	30000
5	3	0.500000000000	0.300000000000	1	0.625540000000	0.000000000000	0.008130837012	0.000000000000	24000
5	3	0.500000000000	0.300000000000	2	0.619876000000	0.000000000000	0.007440967141	0.000000000000	30000
5	3	0.500000000000	0.300000000000	3	0.433528000000	0.194470000000	0.016724381033	0.017819670049	30000
5	3	0.500000000000	0.300000000000	4	0.472742000000	0.152594000000	0.013695583412	0.012474886243	4000
5	3	0.500000000000	0.300000000000	5	0.057548000000	0.572242000000	0.013204925826	0.014855238608	30000
5	4	0.500000000000	0.400000000000	1	0.617250000000	0.000000000000	0.007928200070	0.000000000000	30000
5	4	0.500000000000	0.400000000000	2	0.615548000000	0.000000000000	0.010095623686	0.000000000000	30000
5	4	0.500000000000	0.400000000000	3	0.571974000000	0.051820000000	0.012752958949	0.011018939015	30000
5	4	0.500000000000	0.400000000000	4	0.613958000000	0.000000000000	0.007986113824	0.000000000000	26000
5	4	0.500000000000	0.400000000000	5	0.019800000000	0.602568000000	0.012062898222	0.013615827803	30000
5	5	0.500000000000	0.500000000000	1	0.475586000000	0.153872000000	0.024935082963	0.022766069268	30000
5	5	0.500000000000	0.500000000000	2	0.617856000000	0.000000000000	0.008225747804	0.000000000000	30000
5	5	0.500000000000	0.500000000000	3	0.535374000000	0.094428000000	0.022133368700	0.013644155488	30000
5	5	0.500000000000	0.500000000000	4	0.623186000000	0.000000000000	0.007140896050	0.000000000000	26000
5	5	0.500000000000	0.500000000000	5	0.000000000000	0.626462000000	0.000000000000	0.007280904310	30000
5	6	0.500000000000	0.600000000000	1	0.621132000000	0.000000000000	0.006695924985	0.000000000000	30000
5	6	0.500000000000	0.600000000000	2	0.620468000000	0.000000000000	0.007149271857	0.000000000000	28000
5	6	0.500000000000	0.600000000000	3	0.617552000000	0.000000000000	0.008158054293	0.000000000000	30000
5	6	0.500000000000	0.600000000000	4	0.000000000000	0.614320000000	0.000000000000	0.008036054889	30000
5	6	0.500000000000	0.600000000000	5	0.000000000000	0.616190000000	0.000000000000	0.008063306823	18000
5	7	0.500000000000	0.700000000000	1	0.616356000000	0.000000000000	0.007224226841	0.000000000000	30000
5	7	0.500000000000	0.700000000000	2	0.000000000000	0.631806000000	0.000000000000	0.008564561618	30000
5	7	0.500000000000	0.700000000000	3	0.000000000000	0.619998000000	0.000000000000	0.007206658861	24000
5	7	0.500000000000	0.700000000000	4	0.000000000000	0.611848000000	0.000000000000	0.007432370829	24000
5	7	0.500000000000	0.700000000000	5	0.619420000000	0.000000000000	0.007689130167	0.000000000000	22000
5	8	0.500000000000	0.800000000000	1	0.000000000000	0.628492000000	0.000000000000	0.007686417697	20000
5	8	0.500000000000	0.800000000000	2	0.062488000000	0.562512000000	0.010502578739	0.013975305548	26000
5	8	0.500000000000	0.800000000000	3	0.000000000000	0.616688000000	0.000000000000	0.008833384668	30000
5	8	0.500000000000	0.800000000000	4	0.000000000000	0.618868000000	0.000000000000	0.007655663602	30000
5	8	0.500000000000	0.800000000000	5	0.000000000000	0.619926000000	0.000000000000	0.007809450141	30000
5	9	0.500000000000	0.900000000000	1	0.000000000000	0.615150000000	0.000000000000	0.008086711006	28000
5	9	0.500000000000	0.900000000000	2	0.000000000000	0.614106000000	0.000000000000	0.006668525567	20000
5	9	0.500000000000	0.900000000000	3	0.000000000000	0.625186000000	0.000000000000	0.007519970343	18000
5	9	0.500000000000	0.900000000000	4	0.000000000000	0.617220000000	0.000000000000	0.007088712849	20000
5	9	0.500000000000	0.900000000000	5	0.000000000000	0.618332000000	0.000000000000	0.008135598562	30000
5	10	0.500000000000	1.000000000000	1	0.000000000000	1.000000000000	0.000000000000	0.000000000000	6000
5	10	0.500000000000	1.000000000000	2	0.000000000000	1.000000000000	0.000000000000	0.000000000000	6000
5	10	0.500000000000	1.000000000000	3	0.000000000000	1.000000000000	0.000000000000	0.000000000000	6000
5	10	0.500000000000	1.000000000000	4	0.000000000000	1.000000000000	0.000000000000	0.000000000000	6000
5	10	0.500000000000	1.000000000000	5	0.000000000000	1.000000000000	0.000000000000	0.000000000000	6000
