# scan initial plane
# b 1.15
# r 0
# e -0.4
# p12 0.16
# ndiv 8
# n_reps 3
# A:(0,1),	A':(0,0.427),	B:(1,0),	B'=(0.427,0),	C:(1,1),	D:(0,0),	E:(0.269,0.269) 
# columns: ix iy x1_0 x2_0 rep x1_inf x2_inf sigma_1 sigma_2 t_relax
2	0	0.250000000000	0.000000000000	1	0.561152000000	0.000000000000	0.009298136983	0.000000000000	136000
2	0	0.250000000000	0.000000000000	2	0.554234000000	0.000000000000	0.011759912395	0.000000000000	12000
2	0	0.250000000000	0.000000000000	3	0.553152000000	0.000000000000	0.015811986432	0.000000000000	58000
2	1	0.250000000000	0.124000000000	1	0.324348000000	0.289696000000	0.023890953804	0.030779326681	86000
2	1	0.250000000000	0.124000000000	2	0.326784000000	0.288078000000	0.014451096089	0.017131123471	58000
2	1	0.250000000000	0.124000000000	3	0.315388000000	0.290866000000	0.017771811762	0.018878199873	346000
2	2	0.250000000000	0.250000000000	1	0.276430000000	0.336530000000	0.016344731575	0.019023906250	116000
2	2	0.250000000000	0.250000000000	2	0.338184000000	0.289298000000	0.016937680745	0.013461813266	256000
2	2	0.250000000000	0.250000000000	3	0.260976000000	0.350406000000	0.015870327385	0.020784396916	306000
2	3	0.250000000000	0.374000000000	1	0.299698000000	0.320450000000	0.021659499762	0.024395504517	230000
2	3	0.250000000000	0.374000000000	2	0.342572000000	0.266744000000	0.011512660742	0.012499387933	184000
2	3	0.250000000000	0.374000000000	3	0.308528000000	0.304498000000	0.014392788763	0.011286247179	44000
2	4	0.250000000000	0.500000000000	1	0.286526000000	0.322512000000	0.016366159451	0.017654731534	164000
2	4	0.250000000000	0.500000000000	2	0.305160000000	0.313906000000	0.015468861810	0.013186092561	10000
2	4	0.250000000000	0.500000000000	3	0.328666000000	0.290380000000	0.013855844558	0.016476379186	142000
2	5	0.250000000000	0.624000000000	1	0.322226000000	0.294866000000	0.011784897446	0.013603201502	400000
2	5	0.250000000000	0.624000000000	2	0.326950000000	0.296958000000	0.014552844577	0.015624415457	88000
2	5	0.250000000000	0.624000000000	3	0.281110000000	0.337426000000	0.019888475343	0.016608864452	400000
2	6	0.250000000000	0.750000000000	1	0.304032000000	0.319708000000	0.016648247359	0.013898341624	18000
2	6	0.250000000000	0.750000000000	2	0.339172000000	0.277690000000	0.022211703577	0.013032488087	400000
2	6	0.250000000000	0.750000000000	3	0.319628000000	0.298626000000	0.019475340945	0.018439743712	400000
2	7	0.250000000000	0.874000000000	1	0.299152000000	0.304334000000	0.017469117495	0.015222751925	56000
2	7	0.250000000000	0.874000000000	2	0.330810000000	0.276250000000	0.015851282698	0.015675050469	100000
2	7	0.250000000000	0.874000000000	3	0.321548000000	0.285804000000	0.025754747194	0.014841490958	20000
2	8	0.250000000000	1.000000000000	1	0.000000000000	1.000000000000	0.000000000000	0.000000000000	6000
2	8	0.250000000000	1.000000000000	2	0.000000000000	1.000000000000	0.000000000000	0.000000000000	6000
2	8	0.250000000000	1.000000000000	3	0.000000000000	1.000000000000	0.000000000000	0.000000000000	6000
