# scan initial plane
# b 1.15
# r 0
# e -0.4
# p12 0.21
# ndiv 8
# n_reps 3
# A:(0,1),	A':(0,0.560),	B:(1,0),	B'=(0.560,0),	C:(1,1),	D:(0,0),	E:(0.316,0.316) 
# columns: ix iy x1_0 x2_0 rep x1_inf x2_inf sigma_1 sigma_2 t_relax
2	0	0.250000000000	0.000000000000	1	0.659440000000	0.000000000000	0.013032584097	0.000000000000	12000
2	0	0.250000000000	0.000000000000	2	0.659898000000	0.000000000000	0.009637763355	0.000000000000	4000
2	0	0.250000000000	0.000000000000	3	0.652094000000	0.000000000000	0.009648640332	0.000000000000	34000
2	1	0.250000000000	0.124000000000	1	0.416376000000	0.265216000000	0.009336905365	0.016510661584	378000
2	1	0.250000000000	0.124000000000	2	0.431746000000	0.246170000000	0.043043515519	0.042083561234	400000
2	1	0.250000000000	0.124000000000	3	0.452856000000	0.225328000000	0.016324881799	0.015262678840	400000
2	2	0.250000000000	0.250000000000	1	0.406558000000	0.277770000000	0.024555398665	0.026311887340	24000
2	2	0.250000000000	0.250000000000	2	0.469196000000	0.216256000000	0.020594993026	0.023364767843	44000
2	2	0.250000000000	0.250000000000	3	0.389146000000	0.291952000000	0.011425463895	0.011627419873	112000
2	3	0.250000000000	0.374000000000	1	0.354418000000	0.323246000000	0.015031141381	0.014952292635	100000
2	3	0.250000000000	0.374000000000	2	0.412188000000	0.261828000000	0.035528283309	0.039768630351	400000
2	3	0.250000000000	0.374000000000	3	0.467554000000	0.213096000000	0.015087236616	0.012687937885	54000
2	4	0.250000000000	0.500000000000	1	0.303132000000	0.370266000000	0.028677883412	0.030813417706	400000
2	4	0.250000000000	0.500000000000	2	0.445212000000	0.241752000000	0.010433019884	0.011029966281	400000
2	4	0.250000000000	0.500000000000	3	0.369114000000	0.315142000000	0.018732055250	0.022925475206	68000
2	5	0.250000000000	0.624000000000	1	0.351798000000	0.337392000000	0.019175894006	0.015787576875	112000
2	5	0.250000000000	0.624000000000	2	0.462228000000	0.220628000000	0.018002447170	0.016133254411	400000
2	5	0.250000000000	0.624000000000	3	0.297982000000	0.372046000000	0.030842875335	0.031841604416	400000
2	6	0.250000000000	0.750000000000	1	0.283172000000	0.391838000000	0.012410174392	0.012114971256	400000
2	6	0.250000000000	0.750000000000	2	0.000000000000	0.667256000000	0.000000000000	0.009928193845	12000
2	6	0.250000000000	0.750000000000	3	0.376780000000	0.301474000000	0.019513799947	0.019665656919	122000
2	7	0.250000000000	0.874000000000	1	0.443730000000	0.230148000000	0.014226365997	0.010735238299	288000
2	7	0.250000000000	0.874000000000	2	0.383136000000	0.295326000000	0.017266140959	0.015294169988	130000
2	7	0.250000000000	0.874000000000	3	0.345844000000	0.327272000000	0.017707886188	0.017530126107	376000
2	8	0.250000000000	1.000000000000	1	0.000000000000	1.000000000000	0.000000000000	0.000000000000	6000
2	8	0.250000000000	1.000000000000	2	0.000000000000	1.000000000000	0.000000000000	0.000000000000	6000
2	8	0.250000000000	1.000000000000	3	0.000000000000	1.000000000000	0.000000000000	0.000000000000	6000
