# scan initial plane
# b 1.15
# r 0
# e -0.4
# p12 0.21
# ndiv 8
# n_reps 3
# A:(0,1),	A':(0,0.560),	B:(1,0),	B'=(0.560,0),	C:(1,1),	D:(0,0),	E:(0.316,0.316) 
# columns: ix iy x1_0 x2_0 rep x1_inf x2_inf sigma_1 sigma_2 t_relax
3	0	0.374000000000	0.000000000000	1	0.662402000000	0.000000000000	0.013079658767	0.000000000000	24000
3	0	0.374000000000	0.000000000000	2	0.652348000000	0.000000000000	0.009753256996	0.000000000000	34000
3	0	0.374000000000	0.000000000000	3	0.646104000000	0.000000000000	0.012090962550	0.000000000000	48000
3	1	0.374000000000	0.124000000000	1	0.464466000000	0.221382000000	0.019094906637	0.022052764008	44000
3	1	0.374000000000	0.124000000000	2	0.466678000000	0.215406000000	0.017004984137	0.018411032837	4000
3	1	0.374000000000	0.124000000000	3	0.347950000000	0.330054000000	0.020824869151	0.026035032301	166000
3	2	0.374000000000	0.250000000000	1	0.293580000000	0.399166000000	0.014323853280	0.019392485981	122000
3	2	0.374000000000	0.250000000000	2	0.349356000000	0.327370000000	0.009680442912	0.015438310835	192000
3	2	0.374000000000	0.250000000000	3	0.288034000000	0.397974000000	0.028505849004	0.031639917958	334000
3	3	0.374000000000	0.374000000000	1	0.380396000000	0.301036000000	0.024418506249	0.025259547675	400000
3	3	0.374000000000	0.374000000000	2	0.425278000000	0.261346000000	0.033968994813	0.037306622308	400000
3	3	0.374000000000	0.374000000000	3	0.394430000000	0.279868000000	0.011409350256	0.014506861309	378000
3	4	0.374000000000	0.500000000000	1	0.334630000000	0.345474000000	0.035836341099	0.039243692377	38000
3	4	0.374000000000	0.500000000000	2	0.497946000000	0.182020000000	0.015337415699	0.012657954962	400000
3	4	0.374000000000	0.500000000000	3	0.410196000000	0.271912000000	0.022159165431	0.020810221559	198000
3	5	0.374000000000	0.624000000000	1	0.338080000000	0.347938000000	0.023911448249	0.019788677261	400000
3	5	0.374000000000	0.624000000000	2	0.443472000000	0.241162000000	0.036022254494	0.027488349630	88000
3	5	0.374000000000	0.624000000000	3	0.496276000000	0.189158000000	0.018851185405	0.013527676594	400000
3	6	0.374000000000	0.750000000000	1	0.389576000000	0.292914000000	0.020995929440	0.019248145238	400000
3	6	0.374000000000	0.750000000000	2	0.387090000000	0.306094000000	0.032269757316	0.027497914454	400000
3	6	0.374000000000	0.750000000000	3	0.438926000000	0.245464000000	0.029540805392	0.025609071216	202000
3	7	0.374000000000	0.874000000000	1	0.425276000000	0.263408000000	0.020147102266	0.018115233857	56000
3	7	0.374000000000	0.874000000000	2	0.267316000000	0.415404000000	0.021779405099	0.023966375846	104000
3	7	0.374000000000	0.874000000000	3	0.298304000000	0.373890000000	0.024609779057	0.022599793155	400000
3	8	0.374000000000	1.000000000000	1	0.000000000000	1.000000000000	0.000000000000	0.000000000000	6000
3	8	0.374000000000	1.000000000000	2	0.000000000000	1.000000000000	0.000000000000	0.000000000000	6000
3	8	0.374000000000	1.000000000000	3	0.000000000000	1.000000000000	0.000000000000	0.000000000000	6000
