# scan initial plane
# b 1.15
# r 0
# e -0.4
# p12 0.2
# ndiv 8
# n_reps 3
# A:(0,1),	A':(0,0.533),	B:(1,0),	B'=(0.533,0),	C:(1,1),	D:(0,0),	E:(0.308,0.308) 
# columns: ix iy x1_0 x2_0 rep x1_inf x2_inf sigma_1 sigma_2 t_relax
7	0	0.874000000000	0.000000000000	1	0.816736000000	0.000000000000	0.017402101515	0.000000000000	14000
7	0	0.874000000000	0.000000000000	2	0.808234000000	0.000000000000	0.013790845929	0.000000000000	14000
7	0	0.874000000000	0.000000000000	3	0.840024000000	0.000000000000	0.010995286277	0.000000000000	25000
7	1	0.874000000000	0.124000000000	1	0.818372000000	0.000000000000	0.014378190023	0.000000000000	20000
7	1	0.874000000000	0.124000000000	2	0.833082000000	0.000000000000	0.010126787636	0.000000000000	25000
7	1	0.874000000000	0.124000000000	3	0.810984000000	0.000000000000	0.015964416889	0.000000000000	25000
7	2	0.874000000000	0.250000000000	1	0.832776000000	0.000000000000	0.012341399197	0.000000000000	25000
7	2	0.874000000000	0.250000000000	2	0.836574000000	0.000000000000	0.010400706644	0.000000000000	25000
7	2	0.874000000000	0.250000000000	3	0.810988000000	0.000000000000	0.009726585344	0.000000000000	25000
7	3	0.874000000000	0.374000000000	1	0.822556000000	0.000000000000	0.009849867201	0.000000000000	25000
7	3	0.874000000000	0.374000000000	2	0.800630000000	0.000000000000	0.010132609228	0.000000000000	16000
7	3	0.874000000000	0.374000000000	3	0.835994000000	0.000000000000	0.010140749420	0.000000000000	14000
7	4	0.874000000000	0.500000000000	1	0.819236000000	0.000000000000	0.013577652840	0.000000000000	25000
7	4	0.874000000000	0.500000000000	2	0.783280000000	0.000000000000	0.011303511373	0.000000000000	25000
7	4	0.874000000000	0.500000000000	3	0.858140000000	0.000000000000	0.009490546374	0.000000000000	10000
7	5	0.874000000000	0.624000000000	1	0.834516000000	0.000000000000	0.010769295322	0.000000000000	25000
7	5	0.874000000000	0.624000000000	2	0.854472000000	0.000000000000	0.010389473382	0.000000000000	25000
7	5	0.874000000000	0.624000000000	3	0.816860000000	0.000000000000	0.011035133627	0.000000000000	14000
7	6	0.874000000000	0.750000000000	1	0.785226000000	0.000000000000	0.016336211182	0.000000000000	25000
7	6	0.874000000000	0.750000000000	2	0.809964000000	0.000000000000	0.011153614083	0.000000000000	8000
7	6	0.874000000000	0.750000000000	3	0.813786000000	0.000000000000	0.013773740230	0.000000000000	18000
7	7	0.874000000000	0.874000000000	1	0.821166000000	0.000000000000	0.012507312936	0.000000000000	25000
7	7	0.874000000000	0.874000000000	2	0.853174000000	0.000000000000	0.016148017912	0.000000000000	25000
7	7	0.874000000000	0.874000000000	3	0.808452000000	0.000000000000	0.012935339927	0.000000000000	18000
7	8	0.874000000000	1.000000000000	1	0.000000000000	1.000000000000	0.000000000000	0.000000000000	6000
7	8	0.874000000000	1.000000000000	2	0.000000000000	1.000000000000	0.000000000000	0.000000000000	6000
7	8	0.874000000000	1.000000000000	3	0.000000000000	1.000000000000	0.000000000000	0.000000000000	6000
