# scan initial plane
# b 1.15
# r 0
# e -0.4
# p12 0.2
# ndiv 8
# n_reps 3
# A:(0,1),	A':(0,0.533),	B:(1,0),	B'=(0.533,0),	C:(1,1),	D:(0,0),	E:(0.308,0.308) 
# columns: ix iy x1_0 x2_0 rep x1_inf x2_inf sigma_1 sigma_2 t_relax
0	0	0.000000000000	0.000000000000	1	0.000000000000	0.000000000000	0.000000000000	0.000000000000	4000
0	0	0.000000000000	0.000000000000	2	0.000000000000	0.000000000000	0.000000000000	0.000000000000	4000
0	0	0.000000000000	0.000000000000	3	0.000000000000	0.000000000000	0.000000000000	0.000000000000	4000
0	1	0.000000000000	0.124000000000	1	0.000000000000	0.818282000000	0.000000000000	0.012359499716	25000
0	1	0.000000000000	0.124000000000	2	0.000000000000	0.837300000000	0.000000000000	0.010702548507	25000
0	1	0.000000000000	0.124000000000	3	0.000000000000	0.825118000000	0.000000000000	0.013104419171	25000
0	2	0.000000000000	0.250000000000	1	0.000000000000	0.846288000000	0.000000000000	0.010698388267	25000
0	2	0.000000000000	0.250000000000	2	0.000000000000	0.822550000000	0.000000000000	0.012001563962	14000
0	2	0.000000000000	0.250000000000	3	0.000000000000	0.845304000000	0.000000000000	0.009020252156	25000
0	3	0.000000000000	0.374000000000	1	0.000000000000	0.819294000000	0.000000000000	0.014160582124	25000
0	3	0.000000000000	0.374000000000	2	0.000000000000	0.867612000000	0.000000000000	0.014109590233	25000
0	3	0.000000000000	0.374000000000	3	0.000000000000	0.827910000000	0.000000000000	0.016649357378	25000
0	4	0.000000000000	0.500000000000	1	0.000000000000	0.826778000000	0.000000000000	0.011522303567	10000
0	4	0.000000000000	0.500000000000	2	0.000000000000	0.816258000000	0.000000000000	0.015319664752	8000
0	4	0.000000000000	0.500000000000	3	0.000000000000	0.879626000000	0.000000000000	0.015203396570	25000
0	5	0.000000000000	0.624000000000	1	0.000000000000	0.840716000000	0.000000000000	0.009095607405	25000
0	5	0.000000000000	0.624000000000	2	0.000000000000	0.846408000000	0.000000000000	0.012144670808	25000
0	5	0.000000000000	0.624000000000	3	0.000000000000	0.815684000000	0.000000000000	0.013988846694	25000
0	6	0.000000000000	0.750000000000	1	0.000000000000	0.814572000000	0.000000000000	0.011707855905	8000
0	6	0.000000000000	0.750000000000	2	0.000000000000	0.862304000000	0.000000000000	0.011216478654	25000
0	6	0.000000000000	0.750000000000	3	0.000000000000	0.844458000000	0.000000000000	0.012085209485	25000
0	7	0.000000000000	0.874000000000	1	0.000000000000	0.862256000000	0.000000000000	0.007736298489	25000
0	7	0.000000000000	0.874000000000	2	0.000000000000	0.795074000000	0.000000000000	0.014055606856	25000
0	7	0.000000000000	0.874000000000	3	0.000000000000	0.877554000000	0.000000000000	0.011657314312	25000
0	8	0.000000000000	1.000000000000	1	0.000000000000	1.000000000000	0.000000000000	0.000000000000	4000
0	8	0.000000000000	1.000000000000	2	0.000000000000	1.000000000000	0.000000000000	0.000000000000	4000
0	8	0.000000000000	1.000000000000	3	0.000000000000	1.000000000000	0.000000000000	0.000000000000	4000
