# scan initial plane
# b 1.15
# r 0
# e -0.4
# p12 0.15
# ndiv 8
# n_reps 3
# A:(0,1),	A':(0,0.400),	B:(1,0),	B'=(0.400,0),	C:(1,1),	D:(0,0),	E:(0.258,0.258) 
# columns: ix iy x1_0 x2_0 rep x1_inf x2_inf sigma_1 sigma_2 t_relax
4	0	0.500000000000	0.000000000000	1	0.501866000000	0.000000000000	0.010225194306	0.000000000000	10000
4	0	0.500000000000	0.000000000000	2	0.505842000000	0.000000000000	0.015597638357	0.000000000000	14000
4	0	0.500000000000	0.000000000000	3	0.495128000000	0.000000000000	0.011809618245	0.000000000000	6000
4	1	0.500000000000	0.124000000000	1	0.295220000000	0.280548000000	0.009163600361	0.012348772740	84000
4	1	0.500000000000	0.124000000000	2	0.282442000000	0.299788000000	0.013208751156	0.010344760513	60000
4	1	0.500000000000	0.124000000000	3	0.278634000000	0.293886000000	0.020948720555	0.015574131037	332000
4	2	0.500000000000	0.250000000000	1	0.261508000000	0.308572000000	0.009594685716	0.011484455090	152000
4	2	0.500000000000	0.250000000000	2	0.289066000000	0.286934000000	0.010207244086	0.011927191702	206000
4	2	0.500000000000	0.250000000000	3	0.309162000000	0.258674000000	0.015315100663	0.013010110952	206000
4	3	0.500000000000	0.374000000000	1	0.298938000000	0.284136000000	0.013783255571	0.010431602098	124000
4	3	0.500000000000	0.374000000000	2	0.332420000000	0.240838000000	0.016575715802	0.013916012770	36000
4	3	0.500000000000	0.374000000000	3	0.273896000000	0.311442000000	0.011360909042	0.017731978430	116000
4	4	0.500000000000	0.500000000000	1	0.309998000000	0.269270000000	0.027336702275	0.025368536865	84000
4	4	0.500000000000	0.500000000000	2	0.292326000000	0.286354000000	0.010807336514	0.014796811468	106000
4	4	0.500000000000	0.500000000000	3	0.263464000000	0.305812000000	0.011205992963	0.016038637532	14000
4	5	0.500000000000	0.624000000000	1	0.273690000000	0.306230000000	0.014502628252	0.013061152081	136000
4	5	0.500000000000	0.624000000000	2	0.320384000000	0.256936000000	0.023842420284	0.021405001240	372000
4	5	0.500000000000	0.624000000000	3	0.285886000000	0.296330000000	0.010842719611	0.009279504793	234000
4	6	0.500000000000	0.750000000000	1	0.309352000000	0.270580000000	0.012472034623	0.013104935686	400000
4	6	0.500000000000	0.750000000000	2	0.303118000000	0.277682000000	0.011374861031	0.011219480948	292000
4	6	0.500000000000	0.750000000000	3	0.280042000000	0.296340000000	0.012786466663	0.015797910431	258000
4	7	0.500000000000	0.874000000000	1	0.281048000000	0.302256000000	0.016617636470	0.015665116018	244000
4	7	0.500000000000	0.874000000000	2	0.304814000000	0.275760000000	0.015020486644	0.012884580413	156000
4	7	0.500000000000	0.874000000000	3	0.295264000000	0.282684000000	0.015717039458	0.017107214876	344000
4	8	0.500000000000	1.000000000000	1	0.000000000000	1.000000000000	0.000000000000	0.000000000000	6000
4	8	0.500000000000	1.000000000000	2	0.000000000000	1.000000000000	0.000000000000	0.000000000000	10000
4	8	0.500000000000	1.000000000000	3	0.000000000000	1.000000000000	0.000000000000	0.000000000000	6000
