# scan initial plane
# b 1.1
# r 0
# e -0.4
# p12 0.03
# ndiv 8
# n_reps 3
# A:(0,1),	A':(0,0.040),	B:(1,0),	B'=(0.360,0),	C:(1,1),	D:(0,0),	E:(0.350,0.023) 
# columns: ix iy x1_0 x2_0 rep x1_inf x2_inf sigma_1 sigma_2 t_relax
3	0	0.375000000000	0.000000000000	1	0.322825000000	0.000000000000	0.022476645092	0.000000000000	25000
3	0	0.375000000000	0.000000000000	2	0.323160000000	0.000000000000	0.019835772177	0.000000000000	18000
3	0	0.375000000000	0.000000000000	3	0.298725000000	0.000000000000	0.019931046677	0.000000000000	25000
3	1	0.375000000000	0.125000000000	1	0.335065000000	0.000000000000	0.019921537156	0.000000000000	14000
3	1	0.375000000000	0.125000000000	2	0.325990000000	0.005090000000	0.016567872356	0.002870370693	25000
3	1	0.375000000000	0.125000000000	3	0.333650000000	0.000000000000	0.019537379794	0.000000000000	25000
3	2	0.375000000000	0.250000000000	1	0.302880000000	0.000000000000	0.021143619668	0.000000000000	25000
3	2	0.375000000000	0.250000000000	2	0.312585000000	0.000000000000	0.024778150289	0.000000000000	25000
3	2	0.375000000000	0.250000000000	3	0.316875000000	0.000000000000	0.017004367778	0.000000000000	24000
3	3	0.375000000000	0.375000000000	1	0.339665000000	0.000000000000	0.018460866138	0.000000000000	24000
3	3	0.375000000000	0.375000000000	2	0.313360000000	0.000000000000	0.019543345219	0.000000000000	20000
3	3	0.375000000000	0.375000000000	3	0.326190000000	0.000000000000	0.016596968379	0.000000000000	16000
3	4	0.375000000000	0.500000000000	1	0.340795000000	0.000000000000	0.017459891833	0.000000000000	25000
3	4	0.375000000000	0.500000000000	2	0.316855000000	0.000000000000	0.017984922364	0.000000000000	18000
3	4	0.375000000000	0.500000000000	3	0.319815000000	0.000000000000	0.018595337092	0.000000000000	25000
3	5	0.375000000000	0.625000000000	1	0.298465000000	0.000000000000	0.014377951888	0.000000000000	25000
3	5	0.375000000000	0.625000000000	2	0.341470000000	0.000000000000	0.023950213208	0.000000000000	14000
3	5	0.375000000000	0.625000000000	3	0.321200000000	0.000000000000	0.019503599421	0.000000000000	18000
3	6	0.375000000000	0.750000000000	1	0.327060000000	0.000000000000	0.019421214781	0.000000000000	14000
3	6	0.375000000000	0.750000000000	2	0.319760000000	0.000000000000	0.016730879305	0.000000000000	25000
3	6	0.375000000000	0.750000000000	3	0.319175000000	0.000000000000	0.016865017160	0.000000000000	14000
3	7	0.375000000000	0.875000000000	1	0.324735000000	0.000000000000	0.014415706281	0.000000000000	16000
3	7	0.375000000000	0.875000000000	2	0.319870000000	0.000000000000	0.018510151964	0.000000000000	10000
3	7	0.375000000000	0.875000000000	3	0.327320000000	0.000000000000	0.014202792659	0.000000000000	20000
3	8	0.375000000000	1.000000000000	1	0.000000000000	1.000000000000	0.000000000000	0.000000000000	6000
3	8	0.375000000000	1.000000000000	2	0.030810000000	1.000000000000	0.007697606976	0.000000000000	6000
3	8	0.375000000000	1.000000000000	3	0.000000000000	1.000000000000	0.000000000000	0.000000000000	8000
