# scan initial plane
# b 1.15
# r 0
# e -0.4
# p12 0.23
# ndiv 8
# n_reps 3
# A:(0,1),	A':(0,0.613),	B:(1,0),	B'=(0.613,0),	C:(1,1),	D:(0,0),	E:(0.333,0.333) 
# columns: ix iy x1_0 x2_0 rep x1_inf x2_inf sigma_1 sigma_2 t_relax
0	0	0.000000000000	0.000000000000	1	0.000000000000	0.000000000000	0.000000000000	0.000000000000	4000
0	0	0.000000000000	0.000000000000	2	0.000000000000	0.000000000000	0.000000000000	0.000000000000	4000
0	0	0.000000000000	0.000000000000	3	0.000000000000	0.000000000000	0.000000000000	0.000000000000	4000
0	1	0.000000000000	0.124000000000	1	0.000000000000	0.736018000000	0.000000000000	0.013730265700	14000
0	1	0.000000000000	0.124000000000	2	0.000000000000	0.751644000000	0.000000000000	0.011813755915	34000
0	1	0.000000000000	0.124000000000	3	0.000000000000	0.768074000000	0.000000000000	0.009878872209	20000
0	2	0.000000000000	0.250000000000	1	0.000000000000	0.748932000000	0.000000000000	0.009235619777	36000
0	2	0.000000000000	0.250000000000	2	0.000000000000	0.707398000000	0.000000000000	0.011776089006	66000
0	2	0.000000000000	0.250000000000	3	0.000000000000	0.736574000000	0.000000000000	0.011359382006	18000
0	3	0.000000000000	0.374000000000	1	0.000000000000	0.753112000000	0.000000000000	0.010596780065	30000
0	3	0.000000000000	0.374000000000	2	0.000000000000	0.749470000000	0.000000000000	0.012059375130	22000
0	3	0.000000000000	0.374000000000	3	0.000000000000	0.737464000000	0.000000000000	0.009365490719	6000
0	4	0.000000000000	0.500000000000	1	0.000000000000	0.731198000000	0.000000000000	0.012330159319	30000
0	4	0.000000000000	0.500000000000	2	0.000000000000	0.740406000000	0.000000000000	0.010306181707	10000
0	4	0.000000000000	0.500000000000	3	0.000000000000	0.758682000000	0.000000000000	0.011370319264	22000
0	5	0.000000000000	0.624000000000	1	0.000000000000	0.728328000000	0.000000000000	0.015070485577	46000
0	5	0.000000000000	0.624000000000	2	0.000000000000	0.741294000000	0.000000000000	0.011836116663	8000
0	5	0.000000000000	0.624000000000	3	0.000000000000	0.748420000000	0.000000000000	0.008370762789	58000
0	6	0.000000000000	0.750000000000	1	0.000000000000	0.756056000000	0.000000000000	0.011176124989	18000
0	6	0.000000000000	0.750000000000	2	0.000000000000	0.718158000000	0.000000000000	0.013189731044	56000
0	6	0.000000000000	0.750000000000	3	0.000000000000	0.742292000000	0.000000000000	0.013198823620	10000
0	7	0.000000000000	0.874000000000	1	0.000000000000	0.761472000000	0.000000000000	0.010986989120	8000
0	7	0.000000000000	0.874000000000	2	0.000000000000	0.771634000000	0.000000000000	0.014053168167	138000
0	7	0.000000000000	0.874000000000	3	0.000000000000	0.744492000000	0.000000000000	0.010441214247	12000
0	8	0.000000000000	1.000000000000	1	0.000000000000	1.000000000000	0.000000000000	0.000000000000	4000
0	8	0.000000000000	1.000000000000	2	0.000000000000	1.000000000000	0.000000000000	0.000000000000	4000
0	8	0.000000000000	1.000000000000	3	0.000000000000	1.000000000000	0.000000000000	0.000000000000	4000
