# scan initial plane
# b 1.15
# r 0
# e -0.4
# p12 0.23
# ndiv 8
# n_reps 3
# A:(0,1),	A':(0,0.613),	B:(1,0),	B'=(0.613,0),	C:(1,1),	D:(0,0),	E:(0.333,0.333) 
# columns: ix iy x1_0 x2_0 rep x1_inf x2_inf sigma_1 sigma_2 t_relax
2	0	0.250000000000	0.000000000000	1	0.767690000000	0.000000000000	0.010166378670	0.000000000000	80000
2	0	0.250000000000	0.000000000000	2	0.737790000000	0.000000000000	0.011594064099	0.000000000000	30000
2	0	0.250000000000	0.000000000000	3	0.737102000000	0.000000000000	0.013211666971	0.000000000000	54000
2	1	0.250000000000	0.124000000000	1	0.743918000000	0.000000000000	0.009545280949	0.000000000000	14000
2	1	0.250000000000	0.124000000000	2	0.754078000000	0.000000000000	0.010342189172	0.000000000000	58000
2	1	0.250000000000	0.124000000000	3	0.736190000000	0.000000000000	0.009982161266	0.000000000000	12000
2	2	0.250000000000	0.250000000000	1	0.727466000000	0.000000000000	0.013118648671	0.000000000000	28000
2	2	0.250000000000	0.250000000000	2	0.000000000000	0.772090000000	0.000000000000	0.011458062104	18000
2	2	0.250000000000	0.250000000000	3	0.745418000000	0.000000000000	0.012676986313	0.000000000000	52000
2	3	0.250000000000	0.374000000000	1	0.000000000000	0.756622000000	0.000000000000	0.008150309414	22000
2	3	0.250000000000	0.374000000000	2	0.000000000000	0.739112000000	0.000000000000	0.009717298075	16000
2	3	0.250000000000	0.374000000000	3	0.000000000000	0.739128000000	0.000000000000	0.009896340412	14000
2	4	0.250000000000	0.500000000000	1	0.000000000000	0.737706000000	0.000000000000	0.012252170407	28000
2	4	0.250000000000	0.500000000000	2	0.000000000000	0.757724000000	0.000000000000	0.012406358924	10000
2	4	0.250000000000	0.500000000000	3	0.000000000000	0.753168000000	0.000000000000	0.009839338829	54000
2	5	0.250000000000	0.624000000000	1	0.000000000000	0.734206000000	0.000000000000	0.010379465174	50000
2	5	0.250000000000	0.624000000000	2	0.000000000000	0.725804000000	0.000000000000	0.011522775636	80000
2	5	0.250000000000	0.624000000000	3	0.000000000000	0.741472000000	0.000000000000	0.009185509762	16000
2	6	0.250000000000	0.750000000000	1	0.000000000000	0.751328000000	0.000000000000	0.008865382733	14000
2	6	0.250000000000	0.750000000000	2	0.000000000000	0.727932000000	0.000000000000	0.012124618855	16000
2	6	0.250000000000	0.750000000000	3	0.000000000000	0.746116000000	0.000000000000	0.009504782211	64000
2	7	0.250000000000	0.874000000000	1	0.000000000000	0.730268000000	0.000000000000	0.012256198040	140000
2	7	0.250000000000	0.874000000000	2	0.000000000000	0.732302000000	0.000000000000	0.011158732603	20000
2	7	0.250000000000	0.874000000000	3	0.000000000000	0.741542000000	0.000000000000	0.008631844805	16000
2	8	0.250000000000	1.000000000000	1	0.000000000000	1.000000000000	0.000000000000	0.000000000000	6000
2	8	0.250000000000	1.000000000000	2	0.000000000000	1.000000000000	0.000000000000	0.000000000000	6000
2	8	0.250000000000	1.000000000000	3	0.000000000000	1.000000000000	0.000000000000	0.000000000000	6000
