# scan initial plane
# b 1.08
# r 0
# e -0.4
# p12 0.1
# ndiv 12
# n_reps 5
# A:(0,1),	A':(0,0.375),	B:(1,0),	B'=(0.667,0),	C:(1,1),	D:(0,0),	E:(0.573,0.117) 
# columns: ix iy x1_0 x2_0 rep x1_inf x2_inf sigma_1 sigma_2 t_relax
6	0	0.500000000000	0.000000000000	1	0.588358333333	0.000000000000	0.037468140732	0.000000000000	4000
6	0	0.500000000000	0.000000000000	2	0.576041666667	0.000000000000	0.027921767695	0.000000000000	30000
6	0	0.500000000000	0.000000000000	3	0.561658333333	0.000000000000	0.039336582741	0.000000000000	18000
6	0	0.500000000000	0.000000000000	4	0.543358333333	0.000000000000	0.034581839337	0.000000000000	6000
6	0	0.500000000000	0.000000000000	5	0.572833333333	0.000000000000	0.032954132726	0.000000000000	6000
6	1	0.500000000000	0.081250000000	1	0.576941666667	0.000000000000	0.042188681129	0.000000000000	6000
6	1	0.500000000000	0.081250000000	2	0.564091666667	0.000000000000	0.035582211878	0.000000000000	30000
6	1	0.500000000000	0.081250000000	3	0.570908333333	0.000000000000	0.033014742724	0.000000000000	20000
6	1	0.500000000000	0.081250000000	4	0.519975000000	0.000000000000	0.032022298174	0.000000000000	18000
6	1	0.500000000000	0.081250000000	5	0.565633333333	0.000000000000	0.022626183204	0.000000000000	30000
6	2	0.500000000000	0.162500000000	1	0.616158333333	0.000000000000	0.034414077115	0.000000000000	30000
6	2	0.500000000000	0.162500000000	2	0.588133333333	0.000000000000	0.031528799157	0.000000000000	30000
6	2	0.500000000000	0.162500000000	3	0.570333333333	0.000000000000	0.030376900589	0.000000000000	28000
6	2	0.500000000000	0.162500000000	4	0.538716666667	0.000000000000	0.034405395380	0.000000000000	30000
6	2	0.500000000000	0.162500000000	5	0.557850000000	0.000000000000	0.036421279015	0.000000000000	30000
6	3	0.500000000000	0.250000000000	1	0.558241666667	0.000000000000	0.031192602722	0.000000000000	26000
6	3	0.500000000000	0.250000000000	2	0.583566666667	0.000000000000	0.035317190866	0.000000000000	14000
6	3	0.500000000000	0.250000000000	3	0.597175000000	0.000000000000	0.027790386278	0.000000000000	20000
6	3	0.500000000000	0.250000000000	4	0.593333333333	0.000000000000	0.033161888094	0.000000000000	30000
6	3	0.500000000000	0.250000000000	5	0.566883333333	0.000000000000	0.028823321103	0.000000000000	8000
6	4	0.500000000000	0.331250000000	1	0.520400000000	0.000000000000	0.028478762768	0.000000000000	22000
6	4	0.500000000000	0.331250000000	2	0.573166666667	0.000000000000	0.034501148069	0.000000000000	12000
6	4	0.500000000000	0.331250000000	3	0.516166666667	0.000000000000	0.037092426050	0.000000000000	24000
6	4	0.500000000000	0.331250000000	4	0.634358333333	0.000000000000	0.029047400224	0.000000000000	30000
6	4	0.500000000000	0.331250000000	5	0.570800000000	0.000000000000	0.036953093059	0.000000000000	14000
6	5	0.500000000000	0.412500000000	1	0.519833333333	0.000000000000	0.029514761072	0.000000000000	30000
6	5	0.500000000000	0.412500000000	2	0.582966666667	0.000000000000	0.031012893728	0.000000000000	12000
6	5	0.500000000000	0.412500000000	3	0.578658333333	0.000000000000	0.026100884788	0.000000000000	30000
6	5	0.500000000000	0.412500000000	4	0.550266666667	0.000000000000	0.041977466136	0.000000000000	30000
6	5	0.500000000000	0.412500000000	5	0.574641666667	0.000000000000	0.029196920531	0.000000000000	30000
6	6	0.500000000000	0.500000000000	1	0.567800000000	0.000000000000	0.031041391922	0.000000000000	18000
6	6	0.500000000000	0.500000000000	2	0.575475000000	0.000000000000	0.027626906347	0.000000000000	22000
6	6	0.500000000000	0.500000000000	3	0.576516666667	0.000000000000	0.028270008136	0.000000000000	30000
6	6	0.500000000000	0.500000000000	4	0.627025000000	0.000000000000	0.034305508444	0.000000000000	30000
6	6	0.500000000000	0.500000000000	5	0.585283333333	0.000000000000	0.026361866466	0.000000000000	12000
6	7	0.500000000000	0.581250000000	1	0.568700000000	0.000000000000	0.028126519534	0.000000000000	18000
6	7	0.500000000000	0.581250000000	2	0.585958333333	0.000000000000	0.026887348823	0.000000000000	30000
6	7	0.500000000000	0.581250000000	3	0.565291666667	0.000000000000	0.026778542795	0.000000000000	30000
6	7	0.500000000000	0.581250000000	4	0.567608333333	0.000000000000	0.030255179093	0.000000000000	26000
6	7	0.500000000000	0.581250000000	5	0.561266666667	0.000000000000	0.030661269491	0.000000000000	30000
6	8	0.500000000000	0.662500000000	1	0.564050000000	0.000000000000	0.028488656479	0.000000000000	20000
6	8	0.500000000000	0.662500000000	2	0.576558333333	0.000000000000	0.029209869571	0.000000000000	30000
6	8	0.500000000000	0.662500000000	3	0.616558333333	0.000000000000	0.026450826896	0.000000000000	30000
6	8	0.500000000000	0.662500000000	4	0.545083333333	0.000000000000	0.032684607407	0.000000000000	30000
6	8	0.500000000000	0.662500000000	5	0.559650000000	0.000000000000	0.025844963316	0.000000000000	16000
6	9	0.500000000000	0.750000000000	1	0.527566666667	0.000000000000	0.030946781074	0.000000000000	30000
6	9	0.500000000000	0.750000000000	2	0.608475000000	0.000000000000	0.033742392256	0.000000000000	30000
6	9	0.500000000000	0.750000000000	3	0.534441666667	0.000000000000	0.027623836450	0.000000000000	30000
6	9	0.500000000000	0.750000000000	4	0.548533333333	0.000000000000	0.023925908881	0.000000000000	30000
6	9	0.500000000000	0.750000000000	5	0.552108333333	0.000000000000	0.039348237189	0.000000000000	30000
6	10	0.500000000000	0.831250000000	1	0.623383333333	0.000000000000	0.032535885752	0.000000000000	10000
6	10	0.500000000000	0.831250000000	2	0.541200000000	0.000000000000	0.047014103006	0.000000000000	18000
6	10	0.500000000000	0.831250000000	3	0.572175000000	0.000000000000	0.039186334770	0.000000000000	16000
6	10	0.500000000000	0.831250000000	4	0.544750000000	0.000000000000	0.033267682263	0.000000000000	12000
6	10	0.500000000000	0.831250000000	5	0.607058333333	0.000000000000	0.027611603803	0.000000000000	30000
6	11	0.500000000000	0.912500000000	1	0.574008333333	0.000000000000	0.026000231801	0.000000000000	26000
6	11	0.500000000000	0.912500000000	2	0.539875000000	0.000000000000	0.032343467955	0.000000000000	20000
6	11	0.500000000000	0.912500000000	3	0.575875000000	0.000000000000	0.030855492808	0.000000000000	30000
6	11	0.500000000000	0.912500000000	4	0.613516666667	0.000000000000	0.035956893302	0.000000000000	30000
6	11	0.500000000000	0.912500000000	5	0.600975000000	0.000000000000	0.034075112121	0.000000000000	30000
6	12	0.500000000000	1.000000000000	1	0.000000000000	1.000000000000	0.000000000000	0.000000000000	6000
6	12	0.500000000000	1.000000000000	2	0.000000000000	1.000000000000	0.000000000000	0.000000000000	10000
6	12	0.500000000000	1.000000000000	3	0.000000000000	1.000000000000	0.000000000000	0.000000000000	8000
6	12	0.500000000000	1.000000000000	4	0.000000000000	1.000000000000	0.000000000000	0.000000000000	6000
6	12	0.500000000000	1.000000000000	5	0.000000000000	1.000000000000	0.000000000000	0.000000000000	8000
7	0	0.583333333333	0.000000000000	1	0.605875000000	0.000000000000	0.050576406589	0.000000000000	30000
7	0	0.583333333333	0.000000000000	2	0.607533333333	0.000000000000	0.027388138128	0.000000000000	30000
7	0	0.583333333333	0.000000000000	3	0.522983333333	0.000000000000	0.028346819103	0.000000000000	10000
7	0	0.583333333333	0.000000000000	4	0.533100000000	0.000000000000	0.037164335787	0.000000000000	22000
7	0	0.583333333333	0.000000000000	5	0.554950000000	0.000000000000	0.026027387977	0.000000000000	20000
7	1	0.583333333333	0.081250000000	1	0.544400000000	0.000000000000	0.049020275722	0.000000000000	8000
7	1	0.583333333333	0.081250000000	2	0.563825000000	0.000000000000	0.026513678129	0.000000000000	8000
7	1	0.583333333333	0.081250000000	3	0.579308333333	0.000000000000	0.031826676112	0.000000000000	16000
7	1	0.583333333333	0.081250000000	4	0.618250000000	0.000000000000	0.038459212882	0.000000000000	8000
7	1	0.583333333333	0.081250000000	5	0.554225000000	0.000000000000	0.035982823444	0.000000000000	30000
7	2	0.583333333333	0.162500000000	1	0.581275000000	0.000000000000	0.038587411981	0.000000000000	30000
7	2	0.583333333333	0.162500000000	2	0.589733333333	0.000000000000	0.043042981470	0.000000000000	30000
7	2	0.583333333333	0.162500000000	3	0.568050000000	0.000000000000	0.029927390535	0.000000000000	12000
7	2	0.583333333333	0.162500000000	4	0.522250000000	0.000000000000	0.028856795718	0.000000000000	24000
7	2	0.583333333333	0.162500000000	5	0.593841666667	0.000000000000	0.024776387054	0.000000000000	14000
7	3	0.583333333333	0.250000000000	1	0.582775000000	0.000000000000	0.033972139453	0.000000000000	30000
7	3	0.583333333333	0.250000000000	2	0.544750000000	0.000000000000	0.023438766278	0.000000000000	26000
7	3	0.583333333333	0.250000000000	3	0.578616666667	0.000000000000	0.028342169224	0.000000000000	16000
7	3	0.583333333333	0.250000000000	4	0.590350000000	0.000000000000	0.038480116040	0.000000000000	30000
7	3	0.583333333333	0.250000000000	5	0.601375000000	0.000000000000	0.043502096075	0.000000000000	30000
7	4	0.583333333333	0.331250000000	1	0.605841666667	0.000000000000	0.029133100710	0.000000000000	30000
7	4	0.583333333333	0.331250000000	2	0.561425000000	0.000000000000	0.036863984162	0.000000000000	30000
7	4	0.583333333333	0.331250000000	3	0.556325000000	0.000000000000	0.022176691031	0.000000000000	30000
7	4	0.583333333333	0.331250000000	4	0.552391666667	0.000000000000	0.030377164896	0.000000000000	16000
7	4	0.583333333333	0.331250000000	5	0.535441666667	0.000000000000	0.037792891894	0.000000000000	30000
7	5	0.583333333333	0.412500000000	1	0.567483333333	0.000000000000	0.032659603569	0.000000000000	30000
7	5	0.583333333333	0.412500000000	2	0.591975000000	0.000000000000	0.030837076715	0.000000000000	30000
7	5	0.583333333333	0.412500000000	3	0.521466666667	0.000000000000	0.025524505662	0.000000000000	10000
7	5	0.583333333333	0.412500000000	4	0.601216666667	0.000000000000	0.030200507972	0.000000000000	22000
7	5	0.583333333333	0.412500000000	5	0.530916666667	0.000000000000	0.034030803628	0.000000000000	22000
7	6	0.583333333333	0.500000000000	1	0.527541666667	0.000000000000	0.032196124143	0.000000000000	30000
7	6	0.583333333333	0.500000000000	2	0.580900000000	0.000000000000	0.033357031949	0.000000000000	30000
7	6	0.583333333333	0.500000000000	3	0.574366666667	0.000000000000	0.039588852942	0.000000000000	26000
7	6	0.583333333333	0.500000000000	4	0.569491666667	0.000000000000	0.037926090213	0.000000000000	20000
7	6	0.583333333333	0.500000000000	5	0.581758333333	0.000000000000	0.036465763459	0.000000000000	12000
7	7	0.583333333333	0.581250000000	1	0.549566666667	0.000000000000	0.028544591126	0.000000000000	24000
7	7	0.583333333333	0.581250000000	2	0.544666666667	0.000000000000	0.039629372362	0.000000000000	20000
7	7	0.583333333333	0.581250000000	3	0.579566666667	0.000000000000	0.023728504606	0.000000000000	20000
7	7	0.583333333333	0.581250000000	4	0.604416666667	0.000000000000	0.027421514171	0.000000000000	30000
7	7	0.583333333333	0.581250000000	5	0.566891666667	0.000000000000	0.038154687198	0.000000000000	30000
7	8	0.583333333333	0.662500000000	1	0.559450000000	0.000000000000	0.021642275997	0.000000000000	24000
7	8	0.583333333333	0.662500000000	2	0.560258333333	0.000000000000	0.046356546631	0.000000000000	14000
7	8	0.583333333333	0.662500000000	3	0.591066666667	0.000000000000	0.042063356888	0.000000000000	30000
7	8	0.583333333333	0.662500000000	4	0.539633333333	0.000000000000	0.032088518295	0.000000000000	8000
7	8	0.583333333333	0.662500000000	5	0.598591666667	0.000000000000	0.027380084807	0.000000000000	12000
7	9	0.583333333333	0.750000000000	1	0.558633333333	0.000000000000	0.040901978690	0.000000000000	30000
7	9	0.583333333333	0.750000000000	2	0.578200000000	0.000000000000	0.034419394165	0.000000000000	20000
7	9	0.583333333333	0.750000000000	3	0.559433333333	0.000000000000	0.038171358479	0.000000000000	24000
7	9	0.583333333333	0.750000000000	4	0.573241666667	0.000000000000	0.032159943568	0.000000000000	8000
7	9	0.583333333333	0.750000000000	5	0.584516666667	0.000000000000	0.035998164012	0.000000000000	30000
7	10	0.583333333333	0.831250000000	1	0.577191666667	0.000000000000	0.028625492027	0.000000000000	12000
7	10	0.583333333333	0.831250000000	2	0.573866666667	0.000000000000	0.036837711886	0.000000000000	22000
7	10	0.583333333333	0.831250000000	3	0.598808333333	0.000000000000	0.027975461496	0.000000000000	30000
7	10	0.583333333333	0.831250000000	4	0.582241666667	0.000000000000	0.029903450790	0.000000000000	30000
7	10	0.583333333333	0.831250000000	5	0.572608333333	0.000000000000	0.036998820686	0.000000000000	30000
7	11	0.583333333333	0.912500000000	1	0.575241666667	0.000000000000	0.030012879330	0.000000000000	18000
7	11	0.583333333333	0.912500000000	2	0.574258333333	0.000000000000	0.036442690171	0.000000000000	18000
7	11	0.583333333333	0.912500000000	3	0.561500000000	0.000000000000	0.031596386898	0.000000000000	18000
7	11	0.583333333333	0.912500000000	4	0.580191666667	0.000000000000	0.029900000865	0.000000000000	10000
7	11	0.583333333333	0.912500000000	5	0.561950000000	0.000000000000	0.026650870154	0.000000000000	30000
7	12	0.583333333333	1.000000000000	1	0.000000000000	1.000000000000	0.000000000000	0.000000000000	6000
7	12	0.583333333333	1.000000000000	2	0.000000000000	1.000000000000	0.000000000000	0.000000000000	6000
7	12	0.583333333333	1.000000000000	3	0.000000000000	1.000000000000	0.000000000000	0.000000000000	6000
7	12	0.583333333333	1.000000000000	4	0.000000000000	1.000000000000	0.000000000000	0.000000000000	6000
7	12	0.583333333333	1.000000000000	5	0.000000000000	1.000000000000	0.000000000000	0.000000000000	10000
