# scan initial plane
# b 1.15
# r 0
# e -0.4
# p12 0.2
# ndiv 12
# n_reps 5
# A:(0,1),	A':(0,0.533),	B:(1,0),	B'=(0.533,0),	C:(1,1),	D:(0,0),	E:(0.308,0.308) 
# columns: ix iy x1_0 x2_0 rep x1_inf x2_inf sigma_1 sigma_2 t_relax
2	0	0.150000000000	0.000000000000	1	0.305050000000	0.000000000000	0.063332523308	0.000000000000	16000
2	0	0.150000000000	0.000000000000	2	0.282075000000	0.000000000000	0.059163499683	0.000000000000	12000
2	0	0.150000000000	0.000000000000	3	0.305900000000	0.000000000000	0.049511527864	0.000000000000	12000
2	0	0.150000000000	0.000000000000	4	0.299650000000	0.000000000000	0.051100281200	0.000000000000	6000
2	0	0.150000000000	0.000000000000	5	0.308375000000	0.000000000000	0.051374835754	0.000000000000	6000
2	1	0.150000000000	0.075000000000	1	0.000000000000	0.274925000000	0.000000000000	0.042218500409	8000
2	1	0.150000000000	0.075000000000	2	0.315000000000	0.000000000000	0.057332687335	0.000000000000	30000
2	1	0.150000000000	0.075000000000	3	0.359375000000	0.000000000000	0.047539398075	0.000000000000	30000
2	1	0.150000000000	0.075000000000	4	0.326325000000	0.000000000000	0.056763469472	0.000000000000	30000
2	1	0.150000000000	0.075000000000	5	0.327425000000	0.000000000000	0.045102978324	0.000000000000	28000
2	2	0.150000000000	0.150000000000	1	0.299375000000	0.000000000000	0.044997323633	0.000000000000	20000
2	2	0.150000000000	0.150000000000	2	0.296275000000	0.000000000000	0.043357574359	0.000000000000	16000
2	2	0.150000000000	0.150000000000	3	0.315600000000	0.000000000000	0.052171465974	0.000000000000	30000
2	2	0.150000000000	0.150000000000	4	0.283625000000	0.000000000000	0.060092391120	0.000000000000	30000
2	2	0.150000000000	0.150000000000	5	0.000000000000	0.321125000000	0.000000000000	0.036461470264	8000
2	3	0.150000000000	0.250000000000	1	0.000000000000	0.330425000000	0.000000000000	0.050435484662	30000
2	3	0.150000000000	0.250000000000	2	0.000000000000	0.305800000000	0.000000000000	0.054823495106	6000
2	3	0.150000000000	0.250000000000	3	0.000000000000	0.317600000000	0.000000000000	0.050661193793	30000
2	3	0.150000000000	0.250000000000	4	0.321225000000	0.000000000000	0.070569855317	0.000000000000	16000
2	3	0.150000000000	0.250000000000	5	0.358825000000	0.000000000000	0.048632391310	0.000000000000	10000
2	4	0.150000000000	0.325000000000	1	0.305775000000	0.000000000000	0.056139790265	0.000000000000	8000
2	4	0.150000000000	0.325000000000	2	0.000000000000	0.301375000000	0.000000000000	0.055559168426	20000
2	4	0.150000000000	0.325000000000	3	0.344150000000	0.000000000000	0.061488277812	0.000000000000	18000
2	4	0.150000000000	0.325000000000	4	0.000000000000	0.324150000000	0.000000000000	0.057858665082	16000
2	4	0.150000000000	0.325000000000	5	0.000000000000	0.302200000000	0.000000000000	0.045904980855	8000
2	5	0.150000000000	0.400000000000	1	0.336550000000	0.000000000000	0.052600992047	0.000000000000	6000
2	5	0.150000000000	0.400000000000	2	0.000000000000	0.308175000000	0.000000000000	0.039358524724	8000
2	5	0.150000000000	0.400000000000	3	0.000000000000	0.303325000000	0.000000000000	0.047506064889	10000
2	5	0.150000000000	0.400000000000	4	0.000000000000	0.308850000000	0.000000000000	0.039379286792	10000
2	5	0.150000000000	0.400000000000	5	0.000000000000	0.332700000000	0.000000000000	0.043114021140	30000
2	6	0.150000000000	0.500000000000	1	0.000000000000	0.324375000000	0.000000000000	0.052301719330	16000
2	6	0.150000000000	0.500000000000	2	0.310100000000	0.000000000000	0.053016985965	0.000000000000	26000
2	6	0.150000000000	0.500000000000	3	0.000000000000	0.297775000000	0.000000000000	0.042204331301	8000
2	6	0.150000000000	0.500000000000	4	0.262275000000	0.000000000000	0.047981784321	0.000000000000	16000
2	6	0.150000000000	0.500000000000	5	0.000000000000	0.323700000000	0.000000000000	0.041306976000	6000
2	7	0.150000000000	0.575000000000	1	0.316050000000	0.000000000000	0.045888487154	0.000000000000	8000
2	7	0.150000000000	0.575000000000	2	0.000000000000	0.284450000000	0.000000000000	0.053371771996	8000
2	7	0.150000000000	0.575000000000	3	0.294025000000	0.000000000000	0.055060930623	0.000000000000	12000
2	7	0.150000000000	0.575000000000	4	0.000000000000	0.277875000000	0.000000000000	0.058047212283	18000
2	7	0.150000000000	0.575000000000	5	0.000000000000	0.317075000000	0.000000000000	0.044886904652	16000
2	8	0.150000000000	0.650000000000	1	0.000000000000	0.309125000000	0.000000000000	0.042856692255	8000
2	8	0.150000000000	0.650000000000	2	0.330050000000	0.000000000000	0.049289217147	0.000000000000	28000
2	8	0.150000000000	0.650000000000	3	0.000000000000	0.320725000000	0.000000000000	0.049482804315	12000
2	8	0.150000000000	0.650000000000	4	0.316700000000	0.000000000000	0.036690682826	0.000000000000	12000
2	8	0.150000000000	0.650000000000	5	0.000000000000	0.283700000000	0.000000000000	0.044272113345	16000
2	9	0.150000000000	0.750000000000	1	0.280225000000	0.000000000000	0.045446559438	0.000000000000	6000
2	9	0.150000000000	0.750000000000	2	0.292400000000	0.000000000000	0.048485470410	0.000000000000	16000
2	9	0.150000000000	0.750000000000	3	0.000000000000	0.323550000000	0.000000000000	0.038397550337	26000
2	9	0.150000000000	0.750000000000	4	0.000000000000	0.287825000000	0.000000000000	0.035016003420	10000
2	9	0.150000000000	0.750000000000	5	0.000000000000	0.312150000000	0.000000000000	0.051902035811	8000
2	10	0.150000000000	0.825000000000	1	0.297675000000	0.000000000000	0.043584618778	0.000000000000	10000
2	10	0.150000000000	0.825000000000	2	0.000000000000	0.323375000000	0.000000000000	0.050029864705	24000
2	10	0.150000000000	0.825000000000	3	0.000000000000	0.330225000000	0.000000000000	0.041322293098	6000
2	10	0.150000000000	0.825000000000	4	0.000000000000	0.315725000000	0.000000000000	0.068815586606	24000
2	10	0.150000000000	0.825000000000	5	0.000000000000	0.311375000000	0.000000000000	0.053703989549	26000
2	11	0.150000000000	0.900000000000	1	0.000000000000	0.293550000000	0.000000000000	0.056394395358	26000
2	11	0.150000000000	0.900000000000	2	0.000000000000	0.302000000000	0.000000000000	0.036415327488	18000
2	11	0.150000000000	0.900000000000	3	0.334525000000	0.000000000000	0.055094780241	0.000000000000	16000
2	11	0.150000000000	0.900000000000	4	0.000000000000	0.307300000000	0.000000000000	0.058982530795	6000
2	11	0.150000000000	0.900000000000	5	0.000000000000	0.345450000000	0.000000000000	0.044986901664	12000
2	12	0.150000000000	1.000000000000	1	0.000000000000	1.000000000000	0.000000000000	0.000000000000	6000
2	12	0.150000000000	1.000000000000	2	0.000000000000	1.000000000000	0.000000000000	0.000000000000	6000
2	12	0.150000000000	1.000000000000	3	0.000000000000	1.000000000000	0.000000000000	0.000000000000	6000
2	12	0.150000000000	1.000000000000	4	0.000000000000	1.000000000000	0.000000000000	0.000000000000	6000
2	12	0.150000000000	1.000000000000	5	0.000000000000	1.000000000000	0.000000000000	0.000000000000	8000
3	0	0.250000000000	0.000000000000	1	0.321150000000	0.000000000000	0.056043004187	0.000000000000	26000
3	0	0.250000000000	0.000000000000	2	0.304250000000	0.000000000000	0.052628007821	0.000000000000	4000
3	0	0.250000000000	0.000000000000	3	0.298050000000	0.000000000000	0.041144749244	0.000000000000	6000
3	0	0.250000000000	0.000000000000	4	0.320050000000	0.000000000000	0.041393972520	0.000000000000	30000
3	0	0.250000000000	0.000000000000	5	0.353550000000	0.000000000000	0.044222201473	0.000000000000	8000
3	1	0.250000000000	0.075000000000	1	0.333350000000	0.000000000000	0.064600315020	0.000000000000	12000
3	1	0.250000000000	0.075000000000	2	0.327550000000	0.000000000000	0.053268988024	0.000000000000	30000
3	1	0.250000000000	0.075000000000	3	0.332300000000	0.000000000000	0.056145902454	0.000000000000	6000
3	1	0.250000000000	0.075000000000	4	0.292300000000	0.000000000000	0.048919353053	0.000000000000	14000
3	1	0.250000000000	0.075000000000	5	0.346375000000	0.000000000000	0.045464837253	0.000000000000	24000
3	2	0.250000000000	0.150000000000	1	0.311450000000	0.000000000000	0.051940786915	0.000000000000	26000
3	2	0.250000000000	0.150000000000	2	0.000000000000	0.313325000000	0.000000000000	0.045361073643	10000
3	2	0.250000000000	0.150000000000	3	0.000000000000	0.324400000000	0.000000000000	0.046977088531	30000
3	2	0.250000000000	0.150000000000	4	0.307800000000	0.000000000000	0.045040966782	0.000000000000	10000
3	2	0.250000000000	0.150000000000	5	0.322425000000	0.000000000000	0.049195167847	0.000000000000	30000
3	3	0.250000000000	0.250000000000	1	0.298900000000	0.000000000000	0.051601382760	0.000000000000	10000
3	3	0.250000000000	0.250000000000	2	0.000000000000	0.325850000000	0.000000000000	0.052970117362	12000
3	3	0.250000000000	0.250000000000	3	0.303875000000	0.000000000000	0.049604132337	0.000000000000	30000
3	3	0.250000000000	0.250000000000	4	0.000000000000	0.290350000000	0.000000000000	0.059375103393	14000
3	3	0.250000000000	0.250000000000	5	0.310475000000	0.000000000000	0.047913412215	0.000000000000	16000
3	4	0.250000000000	0.325000000000	1	0.000000000000	0.308600000000	0.000000000000	0.050160303588	6000
3	4	0.250000000000	0.325000000000	2	0.000000000000	0.324975000000	0.000000000000	0.044145477664	30000
3	4	0.250000000000	0.325000000000	3	0.329075000000	0.000000000000	0.050500690042	0.000000000000	30000
3	4	0.250000000000	0.325000000000	4	0.333250000000	0.000000000000	0.052723023597	0.000000000000	8000
3	4	0.250000000000	0.325000000000	5	0.000000000000	0.292925000000	0.000000000000	0.045471276780	10000
3	5	0.250000000000	0.400000000000	1	0.000000000000	0.316775000000	0.000000000000	0.043486957706	18000
3	5	0.250000000000	0.400000000000	2	0.000000000000	0.299025000000	0.000000000000	0.058131778561	8000
3	5	0.250000000000	0.400000000000	3	0.289650000000	0.000000000000	0.040134003516	0.000000000000	14000
3	5	0.250000000000	0.400000000000	4	0.000000000000	0.306525000000	0.000000000000	0.037907602949	30000
3	5	0.250000000000	0.400000000000	5	0.000000000000	0.315050000000	0.000000000000	0.038810485101	10000
3	6	0.250000000000	0.500000000000	1	0.359125000000	0.000000000000	0.074475875497	0.000000000000	30000
3	6	0.250000000000	0.500000000000	2	0.295600000000	0.000000000000	0.068431153891	0.000000000000	30000
3	6	0.250000000000	0.500000000000	3	0.354175000000	0.000000000000	0.059407268904	0.000000000000	30000
3	6	0.250000000000	0.500000000000	4	0.328325000000	0.000000000000	0.051681625026	0.000000000000	16000
3	6	0.250000000000	0.500000000000	5	0.306150000000	0.000000000000	0.044049606898	0.000000000000	30000
3	7	0.250000000000	0.575000000000	1	0.000000000000	0.310325000000	0.000000000000	0.040597629765	18000
3	7	0.250000000000	0.575000000000	2	0.000000000000	0.297175000000	0.000000000000	0.051493163827	8000
3	7	0.250000000000	0.575000000000	3	0.000000000000	0.304525000000	0.000000000000	0.051517506039	12000
3	7	0.250000000000	0.575000000000	4	0.304700000000	0.000000000000	0.054883259489	0.000000000000	8000
3	7	0.250000000000	0.575000000000	5	0.000000000000	0.333225000000	0.000000000000	0.062784681980	10000
3	8	0.250000000000	0.650000000000	1	0.000000000000	0.318600000000	0.000000000000	0.064629458972	30000
3	8	0.250000000000	0.650000000000	2	0.305125000000	0.000000000000	0.047766526104	0.000000000000	16000
3	8	0.250000000000	0.650000000000	3	0.278250000000	0.000000000000	0.049364707782	0.000000000000	20000
3	8	0.250000000000	0.650000000000	4	0.299750000000	0.000000000000	0.054753405697	0.000000000000	14000
3	8	0.250000000000	0.650000000000	5	0.306650000000	0.000000000000	0.048881662379	0.000000000000	16000
3	9	0.250000000000	0.750000000000	1	0.347400000000	0.000000000000	0.051182121973	0.000000000000	10000
3	9	0.250000000000	0.750000000000	2	0.300950000000	0.000000000000	0.049639314677	0.000000000000	16000
3	9	0.250000000000	0.750000000000	3	0.000000000000	0.308750000000	0.000000000000	0.041187181063	14000
3	9	0.250000000000	0.750000000000	4	0.000000000000	0.275400000000	0.000000000000	0.050805227794	24000
3	9	0.250000000000	0.750000000000	5	0.000000000000	0.291325000000	0.000000000000	0.050352803098	18000
3	10	0.250000000000	0.825000000000	1	0.322625000000	0.000000000000	0.045793901957	0.000000000000	6000
3	10	0.250000000000	0.825000000000	2	0.000000000000	0.285650000000	0.000000000000	0.039867491982	24000
3	10	0.250000000000	0.825000000000	3	0.000000000000	0.309150000000	0.000000000000	0.051040499925	14000
3	10	0.250000000000	0.825000000000	4	0.000000000000	0.322475000000	0.000000000000	0.047185547055	16000
3	10	0.250000000000	0.825000000000	5	0.000000000000	0.320450000000	0.000000000000	0.047844399741	30000
3	11	0.250000000000	0.900000000000	1	0.000000000000	0.286200000000	0.000000000000	0.057252404647	30000
3	11	0.250000000000	0.900000000000	2	0.355650000000	0.000000000000	0.064998479231	0.000000000000	30000
3	11	0.250000000000	0.900000000000	3	0.297150000000	0.000000000000	0.047226664691	0.000000000000	12000
3	11	0.250000000000	0.900000000000	4	0.296750000000	0.000000000000	0.058226521688	0.000000000000	30000
3	11	0.250000000000	0.900000000000	5	0.000000000000	0.314125000000	0.000000000000	0.042209489644	12000
3	12	0.250000000000	1.000000000000	1	0.000000000000	1.000000000000	0.000000000000	0.000000000000	6000
3	12	0.250000000000	1.000000000000	2	0.000000000000	1.000000000000	0.000000000000	0.000000000000	6000
3	12	0.250000000000	1.000000000000	3	0.000000000000	1.000000000000	0.000000000000	0.000000000000	6000
3	12	0.250000000000	1.000000000000	4	0.000000000000	1.000000000000	0.000000000000	0.000000000000	6000
3	12	0.250000000000	1.000000000000	5	0.000000000000	1.000000000000	0.000000000000	0.000000000000	6000
