# scan initial plane
# b 1.15
# r 0
# e -0.4
# p12 0.16
# ndiv 8
# n_reps 3
# A:(0,1),	A':(0,0.427),	B:(1,0),	B'=(0.427,0),	C:(1,1),	D:(0,0),	E:(0.269,0.269) 
# columns: ix iy x1_0 x2_0 rep x1_inf x2_inf sigma_1 sigma_2 t_relax
0	0	0.000000000000	0.000000000000	1	0.000000000000	0.000000000000	0.000000000000	0.000000000000	4000
0	0	0.000000000000	0.000000000000	2	0.000000000000	0.000000000000	0.000000000000	0.000000000000	4000
0	0	0.000000000000	0.000000000000	3	0.000000000000	0.000000000000	0.000000000000	0.000000000000	4000
0	1	0.000000000000	0.124000000000	1	0.000000000000	0.549296000000	0.000000000000	0.010422524311	10000
0	1	0.000000000000	0.124000000000	2	0.000000000000	0.556970000000	0.000000000000	0.010909359015	6000
0	1	0.000000000000	0.124000000000	3	0.000000000000	0.552452000000	0.000000000000	0.012055082788	8000
0	2	0.000000000000	0.250000000000	1	0.000000000000	0.554544000000	0.000000000000	0.011387437716	20000
0	2	0.000000000000	0.250000000000	2	0.000000000000	0.546768000000	0.000000000000	0.012576181310	28000
0	2	0.000000000000	0.250000000000	3	0.000000000000	0.553742000000	0.000000000000	0.011385388138	56000
0	3	0.000000000000	0.374000000000	1	0.000000000000	0.571282000000	0.000000000000	0.014319131032	58000
0	3	0.000000000000	0.374000000000	2	0.000000000000	0.562714000000	0.000000000000	0.011262195214	12000
0	3	0.000000000000	0.374000000000	3	0.000000000000	0.555884000000	0.000000000000	0.010954932887	18000
0	4	0.000000000000	0.500000000000	1	0.000000000000	0.547910000000	0.000000000000	0.010663470805	16000
0	4	0.000000000000	0.500000000000	2	0.000000000000	0.557372000000	0.000000000000	0.009487234772	44000
0	4	0.000000000000	0.500000000000	3	0.000000000000	0.562446000000	0.000000000000	0.011404523100	24000
0	5	0.000000000000	0.624000000000	1	0.000000000000	0.552856000000	0.000000000000	0.013748610413	36000
0	5	0.000000000000	0.624000000000	2	0.000000000000	0.544404000000	0.000000000000	0.013816934960	6000
0	5	0.000000000000	0.624000000000	3	0.000000000000	0.560350000000	0.000000000000	0.008034055392	42000
0	6	0.000000000000	0.750000000000	1	0.000000000000	0.547334000000	0.000000000000	0.012101689754	18000
0	6	0.000000000000	0.750000000000	2	0.000000000000	0.544358000000	0.000000000000	0.011994152563	12000
0	6	0.000000000000	0.750000000000	3	0.000000000000	0.545304000000	0.000000000000	0.010538056492	14000
0	7	0.000000000000	0.874000000000	1	0.000000000000	0.540908000000	0.000000000000	0.012628500109	40000
0	7	0.000000000000	0.874000000000	2	0.000000000000	0.553762000000	0.000000000000	0.011270242871	52000
0	7	0.000000000000	0.874000000000	3	0.000000000000	0.541910000000	0.000000000000	0.012566376320	40000
0	8	0.000000000000	1.000000000000	1	0.000000000000	1.000000000000	0.000000000000	0.000000000000	4000
0	8	0.000000000000	1.000000000000	2	0.000000000000	1.000000000000	0.000000000000	0.000000000000	4000
0	8	0.000000000000	1.000000000000	3	0.000000000000	1.000000000000	0.000000000000	0.000000000000	4000
