# scan initial plane
# b 1.3
# r 0
# e -0.4
# p12 0.1
# ndiv 10
# n_reps 5
# A:(0,1),	A':(0,0.133),	B:(1,0),	B'=(0.133,0),	C:(1,1),	D:(0,0),	E:(0.108,0.108) 
# columns: ix iy x1_0 x2_0 rep x1_inf x2_inf sigma_1 sigma_2 t_relax
7	0	0.700000000000	0.000000000000	1	0.117795000000	0.000000000000	0.009232996438	0.000000000000	20000
7	0	0.700000000000	0.000000000000	2	0.118865000000	0.000000000000	0.010970739817	0.000000000000	6000
7	0	0.700000000000	0.000000000000	3	0.117750000000	0.000000000000	0.010714583627	0.000000000000	8000
7	0	0.700000000000	0.000000000000	4	0.123150000000	0.000000000000	0.010214295464	0.000000000000	8000
7	0	0.700000000000	0.000000000000	5	0.117770000000	0.000000000000	0.007725722412	0.000000000000	6000
7	1	0.700000000000	0.100000000000	1	0.088040000000	0.100305000000	0.011863774659	0.013732099095	30000
7	1	0.700000000000	0.100000000000	2	0.089805000000	0.084010000000	0.009976798660	0.008389892150	18000
7	1	0.700000000000	0.100000000000	3	0.081150000000	0.097715000000	0.005555030005	0.008533850339	28000
7	1	0.700000000000	0.100000000000	4	0.101085000000	0.088940000000	0.009286226845	0.010377094202	30000
7	1	0.700000000000	0.100000000000	5	0.092640000000	0.091205000000	0.014222611669	0.016148800536	30000
7	2	0.700000000000	0.200000000000	1	0.092490000000	0.096100000000	0.012859442650	0.011265740851	30000
7	2	0.700000000000	0.200000000000	2	0.092650000000	0.092305000000	0.009247324641	0.010586503155	30000
7	2	0.700000000000	0.200000000000	3	0.089080000000	0.088720000000	0.008394883803	0.011055941110	22000
7	2	0.700000000000	0.200000000000	4	0.099635000000	0.090135000000	0.009951925232	0.009823608211	30000
7	2	0.700000000000	0.200000000000	5	0.099870000000	0.088735000000	0.009034086269	0.009513952401	30000
7	3	0.700000000000	0.300000000000	1	0.099490000000	0.088970000000	0.011873537000	0.009668639128	30000
7	3	0.700000000000	0.300000000000	2	0.087605000000	0.085030000000	0.009320721584	0.011409613459	30000
7	3	0.700000000000	0.300000000000	3	0.097675000000	0.088910000000	0.007578047361	0.009332684448	30000
7	3	0.700000000000	0.300000000000	4	0.097170000000	0.092490000000	0.007781494179	0.009949819039	30000
7	3	0.700000000000	0.300000000000	5	0.081555000000	0.097365000000	0.011700165335	0.009160550785	30000
7	4	0.700000000000	0.400000000000	1	0.091590000000	0.097585000000	0.010211570701	0.012399456501	30000
7	4	0.700000000000	0.400000000000	2	0.092110000000	0.090965000000	0.012387548238	0.012647281476	30000
7	4	0.700000000000	0.400000000000	3	0.092690000000	0.094285000000	0.013529484356	0.011425599298	30000
7	4	0.700000000000	0.400000000000	4	0.085535000000	0.100245000000	0.014458486187	0.012196874138	30000
7	4	0.700000000000	0.400000000000	5	0.103610000000	0.085485000000	0.008534678713	0.010034463885	30000
7	5	0.700000000000	0.500000000000	1	0.097155000000	0.092785000000	0.010984153432	0.007914000657	30000
7	5	0.700000000000	0.500000000000	2	0.091715000000	0.093545000000	0.009626860934	0.010935152150	30000
7	5	0.700000000000	0.500000000000	3	0.091400000000	0.094640000000	0.008942593023	0.010767373697	30000
7	5	0.700000000000	0.500000000000	4	0.096185000000	0.074675000000	0.012689830842	0.012168296612	30000
7	5	0.700000000000	0.500000000000	5	0.094695000000	0.097865000000	0.014075869604	0.009442241838	30000
7	6	0.700000000000	0.600000000000	1	0.097980000000	0.086575000000	0.011528334767	0.013653966669	18000
7	6	0.700000000000	0.600000000000	2	0.087325000000	0.094905000000	0.010690353533	0.009063560179	30000
7	6	0.700000000000	0.600000000000	3	0.087800000000	0.089445000000	0.008777074515	0.009579077917	30000
7	6	0.700000000000	0.600000000000	4	0.089280000000	0.084830000000	0.010601603369	0.010829976380	30000
7	6	0.700000000000	0.600000000000	5	0.100380000000	0.096225000000	0.008816650914	0.009890510462	30000
7	7	0.700000000000	0.700000000000	1	0.093305000000	0.094530000000	0.008492590835	0.011243020302	18000
7	7	0.700000000000	0.700000000000	2	0.084705000000	0.091845000000	0.012511775235	0.012370286941	30000
7	7	0.700000000000	0.700000000000	3	0.095565000000	0.100130000000	0.009345754015	0.011430825157	30000
7	7	0.700000000000	0.700000000000	4	0.088500000000	0.091720000000	0.010524293837	0.008666990061	10000
7	7	0.700000000000	0.700000000000	5	0.097105000000	0.088785000000	0.009684408230	0.009237646297	30000
7	8	0.700000000000	0.800000000000	1	0.097820000000	0.086140000000	0.009018255315	0.009194288169	30000
7	8	0.700000000000	0.800000000000	2	0.082250000000	0.099160000000	0.008741505243	0.010943681472	30000
7	8	0.700000000000	0.800000000000	3	0.096660000000	0.083190000000	0.012835854438	0.010769860254	30000
7	8	0.700000000000	0.800000000000	4	0.089085000000	0.098870000000	0.011970006519	0.014628297477	30000
7	8	0.700000000000	0.800000000000	5	0.086230000000	0.096825000000	0.010246564892	0.009012524652	30000
7	9	0.700000000000	0.900000000000	1	0.096670000000	0.089485000000	0.011488824705	0.008904440694	30000
7	9	0.700000000000	0.900000000000	2	0.094635000000	0.083260000000	0.012694602315	0.011866474338	30000
7	9	0.700000000000	0.900000000000	3	0.094970000000	0.082955000000	0.010840508135	0.010034623494	30000
7	9	0.700000000000	0.900000000000	4	0.091940000000	0.085575000000	0.008471018720	0.008629533234	30000
7	9	0.700000000000	0.900000000000	5	0.091965000000	0.098985000000	0.010593677407	0.010404471540	30000
7	10	0.700000000000	1.000000000000	1	0.000000000000	1.000000000000	0.000000000000	0.000000000000	6000
7	10	0.700000000000	1.000000000000	2	0.000000000000	1.000000000000	0.000000000000	0.000000000000	6000
7	10	0.700000000000	1.000000000000	3	0.000000000000	1.000000000000	0.000000000000	0.000000000000	6000
7	10	0.700000000000	1.000000000000	4	0.000000000000	1.000000000000	0.000000000000	0.000000000000	6000
7	10	0.700000000000	1.000000000000	5	0.000000000000	1.000000000000	0.000000000000	0.000000000000	6000
