# scan initial plane
# b 1.15
# r 0
# e -0.4
# p12 0.2
# ndiv 8
# n_reps 3
# A:(0,1),	A':(0,0.533),	B:(1,0),	B'=(0.533,0),	C:(1,1),	D:(0,0),	E:(0.308,0.308) 
# columns: ix iy x1_0 x2_0 rep x1_inf x2_inf sigma_1 sigma_2 t_relax
0	0	0.000000000000	0.000000000000	1	0.000000000000	0.000000000000	0.000000000000	0.000000000000	4000
0	0	0.000000000000	0.000000000000	2	0.000000000000	0.000000000000	0.000000000000	0.000000000000	4000
0	0	0.000000000000	0.000000000000	3	0.000000000000	0.000000000000	0.000000000000	0.000000000000	4000
0	1	0.000000000000	0.124000000000	1	0.000000000000	0.547542000000	0.000000000000	0.008946187471	25000
0	1	0.000000000000	0.124000000000	2	0.000000000000	0.543772000000	0.000000000000	0.006761192922	25000
0	1	0.000000000000	0.124000000000	3	0.000000000000	0.544698000000	0.000000000000	0.007278033097	8000
0	2	0.000000000000	0.250000000000	1	0.000000000000	0.546878000000	0.000000000000	0.010626101356	6000
0	2	0.000000000000	0.250000000000	2	0.000000000000	0.537504000000	0.000000000000	0.009240745391	8000
0	2	0.000000000000	0.250000000000	3	0.000000000000	0.536674000000	0.000000000000	0.009379856380	25000
0	3	0.000000000000	0.374000000000	1	0.000000000000	0.544604000000	0.000000000000	0.009480351315	6000
0	3	0.000000000000	0.374000000000	2	0.000000000000	0.535004000000	0.000000000000	0.008901641603	12000
0	3	0.000000000000	0.374000000000	3	0.000000000000	0.544952000000	0.000000000000	0.008433553274	16000
0	4	0.000000000000	0.500000000000	1	0.000000000000	0.537816000000	0.000000000000	0.008038828694	6000
0	4	0.000000000000	0.500000000000	2	0.000000000000	0.545208000000	0.000000000000	0.011619455570	6000
0	4	0.000000000000	0.500000000000	3	0.000000000000	0.552096000000	0.000000000000	0.007662473328	12000
0	5	0.000000000000	0.624000000000	1	0.000000000000	0.544092000000	0.000000000000	0.008560889254	24000
0	5	0.000000000000	0.624000000000	2	0.000000000000	0.540624000000	0.000000000000	0.009311999642	12000
0	5	0.000000000000	0.624000000000	3	0.000000000000	0.536212000000	0.000000000000	0.009421455292	25000
0	6	0.000000000000	0.750000000000	1	0.000000000000	0.537980000000	0.000000000000	0.009996976520	25000
0	6	0.000000000000	0.750000000000	2	0.000000000000	0.539218000000	0.000000000000	0.010774626145	25000
0	6	0.000000000000	0.750000000000	3	0.000000000000	0.541338000000	0.000000000000	0.008820632605	22000
0	7	0.000000000000	0.874000000000	1	0.000000000000	0.538706000000	0.000000000000	0.009928350122	12000
0	7	0.000000000000	0.874000000000	2	0.000000000000	0.540652000000	0.000000000000	0.007790994519	10000
0	7	0.000000000000	0.874000000000	3	0.000000000000	0.535146000000	0.000000000000	0.007408749798	8000
0	8	0.000000000000	1.000000000000	1	0.000000000000	1.000000000000	0.000000000000	0.000000000000	4000
0	8	0.000000000000	1.000000000000	2	0.000000000000	1.000000000000	0.000000000000	0.000000000000	4000
0	8	0.000000000000	1.000000000000	3	0.000000000000	1.000000000000	0.000000000000	0.000000000000	4000
1	0	0.124000000000	0.000000000000	1	0.541944000000	0.000000000000	0.009556578477	0.000000000000	25000
1	0	0.124000000000	0.000000000000	2	0.549172000000	0.000000000000	0.010329235650	0.000000000000	16000
1	0	0.124000000000	0.000000000000	3	0.543760000000	0.000000000000	0.009139909077	0.000000000000	6000
1	1	0.124000000000	0.124000000000	1	0.310920000000	0.294512000000	0.017775195008	0.015492251801	25000
1	1	0.124000000000	0.124000000000	2	0.292546000000	0.313882000000	0.015596574532	0.014943539921	25000
1	1	0.124000000000	0.124000000000	3	0.335648000000	0.277538000000	0.016269874148	0.019143380710	24000
1	2	0.124000000000	0.250000000000	1	0.321094000000	0.286842000000	0.012511582782	0.010952944947	25000
1	2	0.124000000000	0.250000000000	2	0.302342000000	0.307442000000	0.013145487433	0.014592929438	25000
1	2	0.124000000000	0.250000000000	3	0.304418000000	0.304586000000	0.014470060769	0.016390034693	25000
1	3	0.124000000000	0.374000000000	1	0.318710000000	0.296042000000	0.010027983868	0.010856523389	25000
1	3	0.124000000000	0.374000000000	2	0.310456000000	0.299956000000	0.008744170888	0.011309375136	25000
1	3	0.124000000000	0.374000000000	3	0.315170000000	0.299526000000	0.015458138764	0.017331581224	18000
1	4	0.124000000000	0.500000000000	1	0.317322000000	0.292332000000	0.014590860468	0.014780942198	25000
1	4	0.124000000000	0.500000000000	2	0.310090000000	0.299018000000	0.013349086040	0.016139025502	25000
1	4	0.124000000000	0.500000000000	3	0.340830000000	0.262734000000	0.013702220654	0.012853266139	25000
1	5	0.124000000000	0.624000000000	1	0.300968000000	0.306176000000	0.013271892070	0.016737298502	25000
1	5	0.124000000000	0.624000000000	2	0.331244000000	0.283822000000	0.014938394145	0.015198003004	25000
1	5	0.124000000000	0.624000000000	3	0.323116000000	0.283558000000	0.010954201867	0.018124489872	25000
1	6	0.124000000000	0.750000000000	1	0.327824000000	0.276020000000	0.010145736048	0.012466716449	25000
1	6	0.124000000000	0.750000000000	2	0.327032000000	0.288558000000	0.015539899114	0.021198632456	25000
1	6	0.124000000000	0.750000000000	3	0.291626000000	0.316088000000	0.013990706339	0.015996754426	25000
1	7	0.124000000000	0.874000000000	1	0.307516000000	0.308302000000	0.015212269954	0.020113213004	25000
1	7	0.124000000000	0.874000000000	2	0.306528000000	0.307040000000	0.010102240903	0.013266136981	25000
1	7	0.124000000000	0.874000000000	3	0.316336000000	0.295164000000	0.010312393003	0.014984980936	25000
1	8	0.124000000000	1.000000000000	1	0.000000000000	1.000000000000	0.000000000000	0.000000000000	6000
1	8	0.124000000000	1.000000000000	2	0.000000000000	1.000000000000	0.000000000000	0.000000000000	6000
1	8	0.124000000000	1.000000000000	3	0.000000000000	1.000000000000	0.000000000000	0.000000000000	6000
2	0	0.250000000000	0.000000000000	1	0.542196000000	0.000000000000	0.010881911597	0.000000000000	12000
2	0	0.250000000000	0.000000000000	2	0.532620000000	0.000000000000	0.009204146691	0.000000000000	8000
2	0	0.250000000000	0.000000000000	3	0.543918000000	0.000000000000	0.009574599153	0.000000000000	12000
2	1	0.250000000000	0.124000000000	1	0.317560000000	0.287610000000	0.011034498637	0.009553594673	25000
2	1	0.250000000000	0.124000000000	2	0.303876000000	0.303526000000	0.011616176633	0.012649875230	22000
2	1	0.250000000000	0.124000000000	3	0.312780000000	0.298728000000	0.015057833122	0.018764170915	25000
2	2	0.250000000000	0.250000000000	1	0.323438000000	0.286418000000	0.010156343205	0.011089104754	25000
2	2	0.250000000000	0.250000000000	2	0.297030000000	0.317492000000	0.014006115495	0.014215203411	25000
2	2	0.250000000000	0.250000000000	3	0.298570000000	0.304838000000	0.022276969349	0.022813114522	25000
2	3	0.250000000000	0.374000000000	1	0.312648000000	0.299534000000	0.020076632366	0.018333875067	25000
2	3	0.250000000000	0.374000000000	2	0.298844000000	0.321308000000	0.013411768695	0.011606888293	25000
2	3	0.250000000000	0.374000000000	3	0.327976000000	0.283968000000	0.013689807699	0.011160803714	25000
2	4	0.250000000000	0.500000000000	1	0.325860000000	0.280378000000	0.013346705007	0.010845955502	25000
2	4	0.250000000000	0.500000000000	2	0.278912000000	0.336292000000	0.015710094305	0.014319210026	25000
2	4	0.250000000000	0.500000000000	3	0.323168000000	0.288812000000	0.015976326831	0.015754264593	25000
2	5	0.250000000000	0.624000000000	1	0.312840000000	0.292450000000	0.007584716734	0.011264474617	25000
2	5	0.250000000000	0.624000000000	2	0.306678000000	0.304884000000	0.013627693496	0.014757924662	25000
2	5	0.250000000000	0.624000000000	3	0.280776000000	0.322590000000	0.009787216847	0.011438301217	25000
2	6	0.250000000000	0.750000000000	1	0.280754000000	0.333974000000	0.009851524579	0.011061540656	25000
2	6	0.250000000000	0.750000000000	2	0.318634000000	0.299204000000	0.023243715588	0.018459554142	25000
2	6	0.250000000000	0.750000000000	3	0.281778000000	0.321546000000	0.016365039888	0.016321037352	25000
2	7	0.250000000000	0.874000000000	1	0.315900000000	0.293624000000	0.010713392403	0.010186775466	25000
2	7	0.250000000000	0.874000000000	2	0.312184000000	0.302982000000	0.011516369687	0.015314379067	25000
2	7	0.250000000000	0.874000000000	3	0.312234000000	0.293466000000	0.030556880845	0.030719090262	25000
2	8	0.250000000000	1.000000000000	1	0.000000000000	1.000000000000	0.000000000000	0.000000000000	6000
2	8	0.250000000000	1.000000000000	2	0.000000000000	1.000000000000	0.000000000000	0.000000000000	6000
2	8	0.250000000000	1.000000000000	3	0.000000000000	1.000000000000	0.000000000000	0.000000000000	6000
3	0	0.374000000000	0.000000000000	1	0.540906000000	0.000000000000	0.008240574681	0.000000000000	20000
3	0	0.374000000000	0.000000000000	2	0.543668000000	0.000000000000	0.010278298469	0.000000000000	22000
3	0	0.374000000000	0.000000000000	3	0.541704000000	0.000000000000	0.008993401207	0.000000000000	25000
3	1	0.374000000000	0.124000000000	1	0.302616000000	0.310898000000	0.013719795071	0.011919885892	25000
3	1	0.374000000000	0.124000000000	2	0.320444000000	0.279426000000	0.011428625354	0.011330794805	25000
3	1	0.374000000000	0.124000000000	3	0.305178000000	0.307912000000	0.017669876642	0.013270431808	25000
3	2	0.374000000000	0.250000000000	1	0.343272000000	0.268450000000	0.012991951617	0.019303422549	25000
3	2	0.374000000000	0.250000000000	2	0.313586000000	0.296300000000	0.007889159831	0.008431197132	25000
3	2	0.374000000000	0.250000000000	3	0.314810000000	0.287648000000	0.008832321887	0.010958292758	25000
3	3	0.374000000000	0.374000000000	1	0.305412000000	0.297786000000	0.010369270841	0.010616162532	25000
3	3	0.374000000000	0.374000000000	2	0.308296000000	0.311384000000	0.010424060871	0.012321215701	10000
3	3	0.374000000000	0.374000000000	3	0.298524000000	0.319078000000	0.018905524136	0.021001213464	25000
3	4	0.374000000000	0.500000000000	1	0.304602000000	0.308004000000	0.011505736742	0.011971938494	25000
3	4	0.374000000000	0.500000000000	2	0.300508000000	0.314166000000	0.010251586757	0.009494134114	25000
3	4	0.374000000000	0.500000000000	3	0.310256000000	0.303128000000	0.009425035559	0.007792582392	25000
3	5	0.374000000000	0.624000000000	1	0.295216000000	0.310380000000	0.007933238953	0.009896744189	25000
3	5	0.374000000000	0.624000000000	2	0.319348000000	0.298698000000	0.014491131387	0.013684738509	25000
3	5	0.374000000000	0.624000000000	3	0.298492000000	0.314880000000	0.010173959182	0.008781270450	25000
3	6	0.374000000000	0.750000000000	1	0.300778000000	0.309662000000	0.019500846110	0.017367999407	25000
3	6	0.374000000000	0.750000000000	2	0.300116000000	0.315982000000	0.010826992554	0.014762303398	25000
3	6	0.374000000000	0.750000000000	3	0.306252000000	0.302450000000	0.016177954822	0.019218398655	25000
3	7	0.374000000000	0.874000000000	1	0.314726000000	0.292958000000	0.013266383114	0.016758731786	25000
3	7	0.374000000000	0.874000000000	2	0.316958000000	0.285544000000	0.022170651181	0.021430336519	25000
3	7	0.374000000000	0.874000000000	3	0.313238000000	0.302256000000	0.008498445716	0.009236654144	25000
3	8	0.374000000000	1.000000000000	1	0.000000000000	1.000000000000	0.000000000000	0.000000000000	6000
3	8	0.374000000000	1.000000000000	2	0.000000000000	1.000000000000	0.000000000000	0.000000000000	6000
3	8	0.374000000000	1.000000000000	3	0.000000000000	1.000000000000	0.000000000000	0.000000000000	6000
4	0	0.500000000000	0.000000000000	1	0.546084000000	0.000000000000	0.007930184855	0.000000000000	25000
4	0	0.500000000000	0.000000000000	2	0.546868000000	0.000000000000	0.009758576013	0.000000000000	8000
4	0	0.500000000000	0.000000000000	3	0.538760000000	0.000000000000	0.008723904316	0.000000000000	12000
4	1	0.500000000000	0.124000000000	1	0.303792000000	0.304540000000	0.010632298989	0.009910732699	25000
4	1	0.500000000000	0.124000000000	2	0.300806000000	0.306358000000	0.014138254993	0.013246709452	25000
4	1	0.500000000000	0.124000000000	3	0.325262000000	0.278654000000	0.014511165699	0.010018215842	25000
4	2	0.500000000000	0.250000000000	1	0.310348000000	0.303144000000	0.020050758812	0.020538770779	16000
4	2	0.500000000000	0.250000000000	2	0.282998000000	0.327900000000	0.015725625307	0.016098980625	25000
4	2	0.500000000000	0.250000000000	3	0.294518000000	0.312430000000	0.017923418338	0.019089670388	25000
4	3	0.500000000000	0.374000000000	1	0.310562000000	0.303636000000	0.011726280811	0.011406209081	25000
4	3	0.500000000000	0.374000000000	2	0.321002000000	0.286408000000	0.015467878046	0.016412400888	25000
4	3	0.500000000000	0.374000000000	3	0.324302000000	0.287510000000	0.010447868393	0.011769384794	25000
4	4	0.500000000000	0.500000000000	1	0.313616000000	0.288672000000	0.014262396712	0.011940309334	25000
4	4	0.500000000000	0.500000000000	2	0.278900000000	0.328820000000	0.014002645253	0.016766416216	25000
4	4	0.500000000000	0.500000000000	3	0.311568000000	0.298096000000	0.009068164511	0.009304050158	25000
4	5	0.500000000000	0.624000000000	1	0.348450000000	0.269236000000	0.012367151913	0.020633808617	25000
4	5	0.500000000000	0.624000000000	2	0.305306000000	0.307454000000	0.013501134939	0.015260759312	25000
4	5	0.500000000000	0.624000000000	3	0.316228000000	0.299200000000	0.016279466731	0.014058935011	25000
4	6	0.500000000000	0.750000000000	1	0.301876000000	0.314392000000	0.015006726020	0.009868724727	25000
4	6	0.500000000000	0.750000000000	2	0.302590000000	0.309570000000	0.010301165663	0.009101534922	25000
4	6	0.500000000000	0.750000000000	3	0.343338000000	0.263064000000	0.013095390229	0.014545359104	25000
4	7	0.500000000000	0.874000000000	1	0.328778000000	0.288372000000	0.011599192095	0.012022568700	25000
4	7	0.500000000000	0.874000000000	2	0.334658000000	0.276760000000	0.011833810674	0.011316468639	25000
4	7	0.500000000000	0.874000000000	3	0.290120000000	0.317578000000	0.012005737701	0.010099897223	25000
4	8	0.500000000000	1.000000000000	1	0.000000000000	1.000000000000	0.000000000000	0.000000000000	6000
4	8	0.500000000000	1.000000000000	2	0.000000000000	1.000000000000	0.000000000000	0.000000000000	6000
4	8	0.500000000000	1.000000000000	3	0.000000000000	1.000000000000	0.000000000000	0.000000000000	6000
5	0	0.624000000000	0.000000000000	1	0.547008000000	0.000000000000	0.009655110417	0.000000000000	10000
5	0	0.624000000000	0.000000000000	2	0.539702000000	0.000000000000	0.010372597880	0.000000000000	25000
5	0	0.624000000000	0.000000000000	3	0.543542000000	0.000000000000	0.008467463253	0.000000000000	10000
5	1	0.624000000000	0.124000000000	1	0.319600000000	0.287578000000	0.016687674448	0.017282494050	25000
5	1	0.624000000000	0.124000000000	2	0.308950000000	0.299862000000	0.015801999975	0.013980715876	25000
5	1	0.624000000000	0.124000000000	3	0.288850000000	0.322044000000	0.012991161236	0.014083906433	25000
5	2	0.624000000000	0.250000000000	1	0.302438000000	0.308022000000	0.011235764255	0.017082837567	25000
5	2	0.624000000000	0.250000000000	2	0.309122000000	0.303044000000	0.013312939208	0.012527529805	25000
5	2	0.624000000000	0.250000000000	3	0.321402000000	0.289676000000	0.012169572486	0.015731703993	25000
5	3	0.624000000000	0.374000000000	1	0.319936000000	0.290938000000	0.016915615331	0.015608965238	25000
5	3	0.624000000000	0.374000000000	2	0.318518000000	0.294872000000	0.013078330120	0.011169797688	25000
5	3	0.624000000000	0.374000000000	3	0.345950000000	0.266682000000	0.014189673951	0.017872277255	25000
5	4	0.624000000000	0.500000000000	1	0.322614000000	0.289526000000	0.012874811252	0.013391290104	25000
5	4	0.624000000000	0.500000000000	2	0.300494000000	0.316180000000	0.011999998498	0.010391707636	10000
5	4	0.624000000000	0.500000000000	3	0.309818000000	0.300972000000	0.009812806284	0.019991770479	25000
5	5	0.624000000000	0.624000000000	1	0.303200000000	0.303230000000	0.009871648771	0.008485464224	25000
5	5	0.624000000000	0.624000000000	2	0.300746000000	0.302166000000	0.011501119935	0.013468104315	25000
5	5	0.624000000000	0.624000000000	3	0.299210000000	0.305418000000	0.016065054808	0.014143879430	18000
5	6	0.624000000000	0.750000000000	1	0.328862000000	0.286624000000	0.016700055325	0.012277188333	25000
5	6	0.624000000000	0.750000000000	2	0.312182000000	0.296610000000	0.012212781339	0.013752855741	25000
5	6	0.624000000000	0.750000000000	3	0.314798000000	0.299408000000	0.012894241252	0.013679937013	25000
5	7	0.624000000000	0.874000000000	1	0.291816000000	0.320510000000	0.011028316633	0.014705922758	25000
5	7	0.624000000000	0.874000000000	2	0.284144000000	0.323016000000	0.013195809691	0.012924658247	25000
5	7	0.624000000000	0.874000000000	3	0.308902000000	0.305914000000	0.019063730533	0.021140187121	25000
5	8	0.624000000000	1.000000000000	1	0.000000000000	1.000000000000	0.000000000000	0.000000000000	6000
5	8	0.624000000000	1.000000000000	2	0.000000000000	1.000000000000	0.000000000000	0.000000000000	6000
5	8	0.624000000000	1.000000000000	3	0.000000000000	1.000000000000	0.000000000000	0.000000000000	6000
6	0	0.750000000000	0.000000000000	1	0.549458000000	0.000000000000	0.011083730648	0.000000000000	6000
6	0	0.750000000000	0.000000000000	2	0.548560000000	0.000000000000	0.010720883235	0.000000000000	25000
6	0	0.750000000000	0.000000000000	3	0.535632000000	0.000000000000	0.012005027976	0.000000000000	8000
6	1	0.750000000000	0.124000000000	1	0.298632000000	0.306650000000	0.019441464619	0.016938843657	22000
6	1	0.750000000000	0.124000000000	2	0.314668000000	0.297762000000	0.014326724365	0.016068028427	25000
6	1	0.750000000000	0.124000000000	3	0.329046000000	0.290130000000	0.019361734446	0.018048402834	25000
6	2	0.750000000000	0.250000000000	1	0.318596000000	0.296754000000	0.010758090933	0.011426550225	25000
6	2	0.750000000000	0.250000000000	2	0.328972000000	0.289016000000	0.010948565526	0.011398318546	25000
6	2	0.750000000000	0.250000000000	3	0.300708000000	0.307622000000	0.013523373012	0.015490030893	25000
6	3	0.750000000000	0.374000000000	1	0.297554000000	0.319898000000	0.013476895440	0.014822054152	25000
6	3	0.750000000000	0.374000000000	2	0.306018000000	0.303354000000	0.010218223333	0.011111712476	25000
6	3	0.750000000000	0.374000000000	3	0.317690000000	0.297622000000	0.012416040353	0.012435101437	25000
6	4	0.750000000000	0.500000000000	1	0.312256000000	0.298412000000	0.014248420315	0.018818724728	25000
6	4	0.750000000000	0.500000000000	2	0.321806000000	0.291156000000	0.012717236024	0.017058096103	25000
6	4	0.750000000000	0.500000000000	3	0.312402000000	0.293210000000	0.009523291925	0.007193305474	25000
6	5	0.750000000000	0.624000000000	1	0.347822000000	0.256676000000	0.010771831244	0.011848181439	25000
6	5	0.750000000000	0.624000000000	2	0.328014000000	0.275958000000	0.016912061430	0.014028793357	25000
6	5	0.750000000000	0.624000000000	3	0.304146000000	0.309506000000	0.015640310205	0.016675191934	25000
6	6	0.750000000000	0.750000000000	1	0.317090000000	0.294484000000	0.012687035149	0.015880615162	25000
6	6	0.750000000000	0.750000000000	2	0.320502000000	0.295890000000	0.015281148828	0.013051982771	25000
6	6	0.750000000000	0.750000000000	3	0.281752000000	0.328636000000	0.017164414150	0.013621345200	25000
6	7	0.750000000000	0.874000000000	1	0.325356000000	0.275054000000	0.010005467174	0.010474100954	25000
6	7	0.750000000000	0.874000000000	2	0.283912000000	0.325962000000	0.018848541682	0.020347790754	25000
6	7	0.750000000000	0.874000000000	3	0.315876000000	0.295498000000	0.010345803964	0.014244820494	25000
6	8	0.750000000000	1.000000000000	1	0.000000000000	1.000000000000	0.000000000000	0.000000000000	6000
6	8	0.750000000000	1.000000000000	2	0.000000000000	1.000000000000	0.000000000000	0.000000000000	6000
6	8	0.750000000000	1.000000000000	3	0.000000000000	1.000000000000	0.000000000000	0.000000000000	6000
7	0	0.874000000000	0.000000000000	1	0.537602000000	0.000000000000	0.008624614773	0.000000000000	25000
7	0	0.874000000000	0.000000000000	2	0.549142000000	0.000000000000	0.006970539751	0.000000000000	24000
7	0	0.874000000000	0.000000000000	3	0.549514000000	0.000000000000	0.008383679985	0.000000000000	14000
7	1	0.874000000000	0.124000000000	1	0.292682000000	0.311830000000	0.010649520566	0.013021238522	25000
7	1	0.874000000000	0.124000000000	2	0.295318000000	0.323360000000	0.018719436244	0.013242876341	25000
7	1	0.874000000000	0.124000000000	3	0.285760000000	0.336234000000	0.010602585289	0.013789684529	25000
7	2	0.874000000000	0.250000000000	1	0.336778000000	0.274836000000	0.013442746127	0.012275006305	25000
7	2	0.874000000000	0.250000000000	2	0.295580000000	0.312376000000	0.016469087128	0.014615068396	25000
7	2	0.874000000000	0.250000000000	3	0.311390000000	0.301972000000	0.017158738949	0.017853345848	25000
7	3	0.874000000000	0.374000000000	1	0.310992000000	0.304776000000	0.008813036117	0.005681382059	6000
7	3	0.874000000000	0.374000000000	2	0.302536000000	0.306522000000	0.022304308691	0.020619910201	25000
7	3	0.874000000000	0.374000000000	3	0.297290000000	0.312138000000	0.015710465261	0.012048324287	25000
7	4	0.874000000000	0.500000000000	1	0.304602000000	0.304828000000	0.021174370119	0.023581656229	24000
7	4	0.874000000000	0.500000000000	2	0.331154000000	0.282800000000	0.010987675505	0.009591871767	25000
7	4	0.874000000000	0.500000000000	3	0.325380000000	0.294150000000	0.012158759617	0.013153650388	16000
7	5	0.874000000000	0.624000000000	1	0.310146000000	0.303854000000	0.013518484879	0.015509972380	8000
7	5	0.874000000000	0.624000000000	2	0.324678000000	0.287002000000	0.017246267705	0.014479283326	25000
7	5	0.874000000000	0.624000000000	3	0.300730000000	0.306544000000	0.012954030527	0.014675129418	25000
7	6	0.874000000000	0.750000000000	1	0.360052000000	0.250250000000	0.016876792412	0.015068395952	25000
7	6	0.874000000000	0.750000000000	2	0.324998000000	0.274922000000	0.011924352653	0.010495335539	25000
7	6	0.874000000000	0.750000000000	3	0.319232000000	0.288976000000	0.014161734736	0.013115007717	25000
7	7	0.874000000000	0.874000000000	1	0.310974000000	0.299172000000	0.020596493380	0.021941099057	25000
7	7	0.874000000000	0.874000000000	2	0.303884000000	0.303574000000	0.018141765837	0.013907981736	25000
7	7	0.874000000000	0.874000000000	3	0.335334000000	0.274664000000	0.010924458238	0.008894392290	12000
7	8	0.874000000000	1.000000000000	1	0.000000000000	1.000000000000	0.000000000000	0.000000000000	6000
7	8	0.874000000000	1.000000000000	2	0.000000000000	1.000000000000	0.000000000000	0.000000000000	6000
7	8	0.874000000000	1.000000000000	3	0.000000000000	1.000000000000	0.000000000000	0.000000000000	6000
8	0	1.000000000000	0.000000000000	1	1.000000000000	0.000000000000	0.000000000000	0.000000000000	4000
8	0	1.000000000000	0.000000000000	2	1.000000000000	0.000000000000	0.000000000000	0.000000000000	4000
8	0	1.000000000000	0.000000000000	3	1.000000000000	0.000000000000	0.000000000000	0.000000000000	4000
8	1	1.000000000000	0.124000000000	1	1.000000000000	0.000000000000	0.000000000000	0.000000000000	6000
8	1	1.000000000000	0.124000000000	2	1.000000000000	0.000000000000	0.000000000000	0.000000000000	6000
8	1	1.000000000000	0.124000000000	3	1.000000000000	0.000000000000	0.000000000000	0.000000000000	6000
8	2	1.000000000000	0.250000000000	1	1.000000000000	0.000000000000	0.000000000000	0.000000000000	6000
8	2	1.000000000000	0.250000000000	2	1.000000000000	0.000000000000	0.000000000000	0.000000000000	6000
8	2	1.000000000000	0.250000000000	3	1.000000000000	0.000000000000	0.000000000000	0.000000000000	6000
8	3	1.000000000000	0.374000000000	1	1.000000000000	0.000000000000	0.000000000000	0.000000000000	6000
8	3	1.000000000000	0.374000000000	2	1.000000000000	0.000000000000	0.000000000000	0.000000000000	6000
8	3	1.000000000000	0.374000000000	3	1.000000000000	0.000000000000	0.000000000000	0.000000000000	6000
8	4	1.000000000000	0.500000000000	1	1.000000000000	0.000000000000	0.000000000000	0.000000000000	6000
8	4	1.000000000000	0.500000000000	2	1.000000000000	0.000000000000	0.000000000000	0.000000000000	6000
8	4	1.000000000000	0.500000000000	3	1.000000000000	0.000000000000	0.000000000000	0.000000000000	6000
8	5	1.000000000000	0.624000000000	1	1.000000000000	0.000000000000	0.000000000000	0.000000000000	6000
8	5	1.000000000000	0.624000000000	2	1.000000000000	0.000000000000	0.000000000000	0.000000000000	6000
8	5	1.000000000000	0.624000000000	3	1.000000000000	0.000000000000	0.000000000000	0.000000000000	6000
8	6	1.000000000000	0.750000000000	1	1.000000000000	0.000000000000	0.000000000000	0.000000000000	6000
8	6	1.000000000000	0.750000000000	2	1.000000000000	0.000000000000	0.000000000000	0.000000000000	6000
8	6	1.000000000000	0.750000000000	3	1.000000000000	0.000000000000	0.000000000000	0.000000000000	6000
8	7	1.000000000000	0.874000000000	1	1.000000000000	0.000000000000	0.000000000000	0.000000000000	6000
8	7	1.000000000000	0.874000000000	2	1.000000000000	0.000000000000	0.000000000000	0.000000000000	6000
8	7	1.000000000000	0.874000000000	3	1.000000000000	0.000000000000	0.000000000000	0.000000000000	6000
8	8	1.000000000000	1.000000000000	1	1.000000000000	1.000000000000	0.000000000000	0.000000000000	4000
8	8	1.000000000000	1.000000000000	2	1.000000000000	1.000000000000	0.000000000000	0.000000000000	4000
8	8	1.000000000000	1.000000000000	3	1.000000000000	1.000000000000	0.000000000000	0.000000000000	4000
