# scan initial plane
# b 1.15
# r 0
# e -0.4
# p12 0.2
# ndiv 8
# n_reps 3
# A:(0,1),	A':(0,0.533),	B:(1,0),	B'=(0.533,0),	C:(1,1),	D:(0,0),	E:(0.308,0.308) 
# columns: ix iy x1_0 x2_0 rep x1_inf x2_inf sigma_1 sigma_2 t_relax
5	0	0.624000000000	0.000000000000	1	0.919850000000	0.000000000000	0.008804261185	0.000000000000	25000
5	0	0.624000000000	0.000000000000	2	0.926664000000	0.000000000000	0.012267256808	0.000000000000	20000
5	0	0.624000000000	0.000000000000	3	0.914698000000	0.000000000000	0.009445740734	0.000000000000	25000
5	1	0.624000000000	0.124000000000	1	1.000000000000	0.000000000000	0.000000000000	0.000000000000	20000
5	1	0.624000000000	0.124000000000	2	1.000000000000	0.000000000000	0.000000000000	0.000000000000	25000
5	1	0.624000000000	0.124000000000	3	0.891702000000	0.000000000000	0.009678060801	0.000000000000	22000
5	2	0.624000000000	0.250000000000	1	0.905662000000	0.000000000000	0.011317678465	0.000000000000	25000
5	2	0.624000000000	0.250000000000	2	0.944168000000	0.000000000000	0.012328331751	0.000000000000	25000
5	2	0.624000000000	0.250000000000	3	0.923616000000	0.000000000000	0.015214862340	0.000000000000	8000
5	3	0.624000000000	0.374000000000	1	0.919330000000	0.000000000000	0.008487823228	0.000000000000	12000
5	3	0.624000000000	0.374000000000	2	0.941936000000	0.000000000000	0.015710720249	0.000000000000	18000
5	3	0.624000000000	0.374000000000	3	1.000000000000	0.000000000000	0.000000000000	0.000000000000	25000
5	4	0.624000000000	0.500000000000	1	1.000000000000	0.000000000000	0.000000000000	0.000000000000	24000
5	4	0.624000000000	0.500000000000	2	0.945468000000	0.000000000000	0.011338674594	0.000000000000	25000
5	4	0.624000000000	0.500000000000	3	0.933758000000	0.000000000000	0.011378352381	0.000000000000	25000
5	5	0.624000000000	0.624000000000	1	0.856294000000	0.000000000000	0.010823433407	0.000000000000	25000
5	5	0.624000000000	0.624000000000	2	0.000000000000	0.975790000000	0.000000000000	0.015812714566	25000
5	5	0.624000000000	0.624000000000	3	0.000000000000	1.000000000000	0.000000000000	0.000000000000	18000
5	6	0.624000000000	0.750000000000	1	0.000000000000	1.000000000000	0.000000000000	0.000000000000	12000
5	6	0.624000000000	0.750000000000	2	0.000000000000	1.000000000000	0.000000000000	0.000000000000	12000
5	6	0.624000000000	0.750000000000	3	0.000000000000	0.967794000000	0.000000000000	0.013827246897	25000
5	7	0.624000000000	0.874000000000	1	0.000000000000	0.938132000000	0.000000000000	0.008379785009	12000
5	7	0.624000000000	0.874000000000	2	0.000000000000	1.000000000000	0.000000000000	0.000000000000	16000
5	7	0.624000000000	0.874000000000	3	0.000000000000	0.944576000000	0.000000000000	0.010282312481	25000
5	8	0.624000000000	1.000000000000	1	0.000000000000	1.000000000000	0.000000000000	0.000000000000	6000
5	8	0.624000000000	1.000000000000	2	0.000000000000	1.000000000000	0.000000000000	0.000000000000	6000
5	8	0.624000000000	1.000000000000	3	0.000000000000	1.000000000000	0.000000000000	0.000000000000	6000
