# scan initial plane
# b 1.174
# r 0
# e -0.4
# N1 350
# N2 350
# P11 0.9
# p12 0.3
# P22 0.9
# T_MCS 1000
# T_MAX 30000
# W 2000
# UPDATE_RULE 0
# FERMI_BETA 1
# DEGREE_ALPHA 0.5
# DEGREE_FACTOR_MIN 0.5
# DEGREE_FACTOR_MAX 2
# ndiv 10
# n_reps 5
# A:(0,1),	A':(0,0.690),	B:(1,0),	B'=(0.690,0),	C:(1,1),	D:(0,0),	E:(0.347,0.347) 
# columns: ix iy x1_0 x2_0 rep x1_inf x2_inf sigma_1 sigma_2 t_relax
0	0	0.000000000000	0.000000000000	1	0.000000000000	0.000000000000	0.000000000000	0.000000000000	4000
0	0	0.000000000000	0.000000000000	2	0.000000000000	0.000000000000	0.000000000000	0.000000000000	4000
0	0	0.000000000000	0.000000000000	3	0.000000000000	0.000000000000	0.000000000000	0.000000000000	4000
0	0	0.000000000000	0.000000000000	4	0.000000000000	0.000000000000	0.000000000000	0.000000000000	4000
0	0	0.000000000000	0.000000000000	5	0.000000000000	0.000000000000	0.000000000000	0.000000000000	4000
0	1	0.000000000000	0.100000000000	1	0.000000000000	0.701537142857	0.000000000000	0.013219022151	28000
0	1	0.000000000000	0.100000000000	2	0.000000000000	0.690085714286	0.000000000000	0.012242268517	10000
0	1	0.000000000000	0.100000000000	3	0.000000000000	0.693134285714	0.000000000000	0.014735543643	12000
0	1	0.000000000000	0.100000000000	4	0.000000000000	0.694345714286	0.000000000000	0.013494932645	18000
0	1	0.000000000000	0.100000000000	5	0.000000000000	0.695217142857	0.000000000000	0.010120204189	8000
0	2	0.000000000000	0.200000000000	1	0.000000000000	0.694674285714	0.000000000000	0.009202429971	18000
0	2	0.000000000000	0.200000000000	2	0.000000000000	0.703737142857	0.000000000000	0.011585204349	30000
0	2	0.000000000000	0.200000000000	3	0.000000000000	0.700154285714	0.000000000000	0.010066512477	30000
0	2	0.000000000000	0.200000000000	4	0.000000000000	0.691954285714	0.000000000000	0.014211488565	30000
0	2	0.000000000000	0.200000000000	5	0.000000000000	0.692340000000	0.000000000000	0.010150645244	22000
0	3	0.000000000000	0.300000000000	1	0.000000000000	0.695577142857	0.000000000000	0.011353138732	14000
0	3	0.000000000000	0.300000000000	2	0.000000000000	0.704842857143	0.000000000000	0.011932263386	30000
0	3	0.000000000000	0.300000000000	3	0.000000000000	0.708454285714	0.000000000000	0.011966914206	12000
0	3	0.000000000000	0.300000000000	4	0.000000000000	0.690702857143	0.000000000000	0.011285202551	30000
0	3	0.000000000000	0.300000000000	5	0.000000000000	0.692242857143	0.000000000000	0.010504534411	30000
0	4	0.000000000000	0.400000000000	1	0.000000000000	0.693154285714	0.000000000000	0.009215597952	30000
0	4	0.000000000000	0.400000000000	2	0.000000000000	0.699488571429	0.000000000000	0.010450402721	16000
0	4	0.000000000000	0.400000000000	3	0.000000000000	0.703494285714	0.000000000000	0.012618346143	8000
0	4	0.000000000000	0.400000000000	4	0.000000000000	0.692800000000	0.000000000000	0.012788909620	30000
0	4	0.000000000000	0.400000000000	5	0.000000000000	0.696854285714	0.000000000000	0.009487187848	14000
0	5	0.000000000000	0.500000000000	1	0.000000000000	0.696988571429	0.000000000000	0.012214865938	8000
0	5	0.000000000000	0.500000000000	2	0.000000000000	0.697720000000	0.000000000000	0.009447656066	20000
0	5	0.000000000000	0.500000000000	3	0.000000000000	0.685694285714	0.000000000000	0.011604871760	30000
0	5	0.000000000000	0.500000000000	4	0.000000000000	0.687848571429	0.000000000000	0.010703050881	28000
0	5	0.000000000000	0.500000000000	5	0.000000000000	0.700822857143	0.000000000000	0.009171989908	22000
0	6	0.000000000000	0.600000000000	1	0.000000000000	0.695182857143	0.000000000000	0.011686424755	4000
0	6	0.000000000000	0.600000000000	2	0.000000000000	0.699500000000	0.000000000000	0.010104305763	12000
0	6	0.000000000000	0.600000000000	3	0.000000000000	0.694331428571	0.000000000000	0.009921241612	18000
0	6	0.000000000000	0.600000000000	4	0.000000000000	0.696505714286	0.000000000000	0.009653882665	24000
0	6	0.000000000000	0.600000000000	5	0.000000000000	0.699860000000	0.000000000000	0.011422348871	18000
0	7	0.000000000000	0.697142857143	1	0.000000000000	0.688040000000	0.000000000000	0.013150491133	20000
0	7	0.000000000000	0.697142857143	2	0.000000000000	0.694568571429	0.000000000000	0.013291962230	22000
0	7	0.000000000000	0.697142857143	3	0.000000000000	0.691854285714	0.000000000000	0.010781328546	8000
0	7	0.000000000000	0.697142857143	4	0.000000000000	0.698951428571	0.000000000000	0.009218757153	16000
0	7	0.000000000000	0.697142857143	5	0.000000000000	0.688480000000	0.000000000000	0.009271199868	30000
0	8	0.000000000000	0.800000000000	1	0.000000000000	0.687582857143	0.000000000000	0.011143404930	14000
0	8	0.000000000000	0.800000000000	2	0.000000000000	0.694760000000	0.000000000000	0.010550589530	30000
0	8	0.000000000000	0.800000000000	3	0.000000000000	0.693245714286	0.000000000000	0.010265222609	30000
0	8	0.000000000000	0.800000000000	4	0.000000000000	0.703268571429	0.000000000000	0.010899847525	12000
0	8	0.000000000000	0.800000000000	5	0.000000000000	0.701251428571	0.000000000000	0.009704908791	12000
0	9	0.000000000000	0.900000000000	1	0.000000000000	0.693285714286	0.000000000000	0.010377641859	24000
0	9	0.000000000000	0.900000000000	2	0.000000000000	0.694985714286	0.000000000000	0.010548471446	12000
0	9	0.000000000000	0.900000000000	3	0.000000000000	0.695480000000	0.000000000000	0.011800496127	30000
0	9	0.000000000000	0.900000000000	4	0.000000000000	0.703151428571	0.000000000000	0.010562180146	30000
0	9	0.000000000000	0.900000000000	5	0.000000000000	0.697342857143	0.000000000000	0.011374496696	30000
0	10	0.000000000000	1.000000000000	1	0.000000000000	1.000000000000	0.000000000000	0.000000000000	4000
0	10	0.000000000000	1.000000000000	2	0.000000000000	1.000000000000	0.000000000000	0.000000000000	4000
0	10	0.000000000000	1.000000000000	3	0.000000000000	1.000000000000	0.000000000000	0.000000000000	4000
0	10	0.000000000000	1.000000000000	4	0.000000000000	1.000000000000	0.000000000000	0.000000000000	4000
0	10	0.000000000000	1.000000000000	5	0.000000000000	1.000000000000	0.000000000000	0.000000000000	4000
1	0	0.100000000000	0.000000000000	1	0.705997142857	0.000000000000	0.014333738526	0.000000000000	22000
1	0	0.100000000000	0.000000000000	2	0.707194285714	0.000000000000	0.012065640035	0.000000000000	14000
1	0	0.100000000000	0.000000000000	3	0.711405714286	0.000000000000	0.010326506017	0.000000000000	30000
1	0	0.100000000000	0.000000000000	4	0.704840000000	0.000000000000	0.008822003057	0.000000000000	30000
1	0	0.100000000000	0.000000000000	5	0.703834285714	0.000000000000	0.012743282802	0.000000000000	14000
1	1	0.100000000000	0.100000000000	1	0.708351428571	0.000000000000	0.009968621891	0.000000000000	30000
1	1	0.100000000000	0.100000000000	2	0.702394285714	0.000000000000	0.010697233582	0.000000000000	10000
1	1	0.100000000000	0.100000000000	3	0.699680000000	0.000000000000	0.012196914859	0.000000000000	30000
1	1	0.100000000000	0.100000000000	4	0.000000000000	0.697091428571	0.000000000000	0.010308186837	24000
1	1	0.100000000000	0.100000000000	5	0.704068571429	0.000000000000	0.009811287134	0.000000000000	20000
1	2	0.100000000000	0.200000000000	1	0.000000000000	0.701797142857	0.000000000000	0.009436476023	28000
1	2	0.100000000000	0.200000000000	2	0.000000000000	0.688211428571	0.000000000000	0.009390801807	14000
1	2	0.100000000000	0.200000000000	3	0.000000000000	0.690951428571	0.000000000000	0.010975247426	12000
1	2	0.100000000000	0.200000000000	4	0.000000000000	0.705037142857	0.000000000000	0.009037263373	12000
1	2	0.100000000000	0.200000000000	5	0.000000000000	0.696911428571	0.000000000000	0.012189872559	30000
1	3	0.100000000000	0.300000000000	1	0.000000000000	0.705365714286	0.000000000000	0.013915440503	30000
1	3	0.100000000000	0.300000000000	2	0.000000000000	0.688837142857	0.000000000000	0.011465816259	18000
1	3	0.100000000000	0.300000000000	3	0.000000000000	0.694571428571	0.000000000000	0.012046772039	30000
1	3	0.100000000000	0.300000000000	4	0.000000000000	0.695051428571	0.000000000000	0.012890918345	8000
1	3	0.100000000000	0.300000000000	5	0.000000000000	0.699845714286	0.000000000000	0.013275933320	26000
1	4	0.100000000000	0.400000000000	1	0.000000000000	0.697022857143	0.000000000000	0.011021728861	30000
1	4	0.100000000000	0.400000000000	2	0.000000000000	0.690442857143	0.000000000000	0.009861857626	30000
1	4	0.100000000000	0.400000000000	3	0.000000000000	0.691211428571	0.000000000000	0.010876191829	30000
1	4	0.100000000000	0.400000000000	4	0.000000000000	0.691202857143	0.000000000000	0.011601282915	28000
1	4	0.100000000000	0.400000000000	5	0.000000000000	0.705291428571	0.000000000000	0.010635309674	14000
1	5	0.100000000000	0.500000000000	1	0.000000000000	0.701005714286	0.000000000000	0.009030599269	30000
1	5	0.100000000000	0.500000000000	2	0.000000000000	0.696380000000	0.000000000000	0.010629013259	30000
1	5	0.100000000000	0.500000000000	3	0.000000000000	0.704525714286	0.000000000000	0.012058617634	10000
1	5	0.100000000000	0.500000000000	4	0.000000000000	0.701022857143	0.000000000000	0.008840264752	30000
1	5	0.100000000000	0.500000000000	5	0.000000000000	0.696211428571	0.000000000000	0.012600996130	30000
1	6	0.100000000000	0.600000000000	1	0.000000000000	0.694371428571	0.000000000000	0.009589264560	6000
1	6	0.100000000000	0.600000000000	2	0.000000000000	0.690334285714	0.000000000000	0.010439979147	18000
1	6	0.100000000000	0.600000000000	3	0.000000000000	0.694694285714	0.000000000000	0.013208507748	12000
1	6	0.100000000000	0.600000000000	4	0.000000000000	0.690271428571	0.000000000000	0.008672823700	20000
1	6	0.100000000000	0.600000000000	5	0.000000000000	0.696400000000	0.000000000000	0.011556696358	12000
1	7	0.100000000000	0.697142857143	1	0.000000000000	0.703560000000	0.000000000000	0.010485734898	16000
1	7	0.100000000000	0.697142857143	2	0.000000000000	0.695202857143	0.000000000000	0.011414963656	28000
1	7	0.100000000000	0.697142857143	3	0.000000000000	0.684511428571	0.000000000000	0.011194426496	30000
1	7	0.100000000000	0.697142857143	4	0.000000000000	0.697877142857	0.000000000000	0.010910969778	10000
1	7	0.100000000000	0.697142857143	5	0.000000000000	0.698305714286	0.000000000000	0.010635791790	8000
1	8	0.100000000000	0.800000000000	1	0.000000000000	0.692194285714	0.000000000000	0.011363383369	10000
1	8	0.100000000000	0.800000000000	2	0.000000000000	0.695254285714	0.000000000000	0.014241911683	12000
1	8	0.100000000000	0.800000000000	3	0.000000000000	0.691731428571	0.000000000000	0.010119009110	30000
1	8	0.100000000000	0.800000000000	4	0.000000000000	0.696660000000	0.000000000000	0.012210635613	8000
1	8	0.100000000000	0.800000000000	5	0.000000000000	0.694911428571	0.000000000000	0.009396419142	8000
1	9	0.100000000000	0.900000000000	1	0.000000000000	0.690342857143	0.000000000000	0.011025940653	8000
1	9	0.100000000000	0.900000000000	2	0.000000000000	0.693042857143	0.000000000000	0.013635053729	30000
1	9	0.100000000000	0.900000000000	3	0.000000000000	0.697900000000	0.000000000000	0.010873393199	22000
1	9	0.100000000000	0.900000000000	4	0.000000000000	0.691665714286	0.000000000000	0.010157434093	30000
1	9	0.100000000000	0.900000000000	5	0.000000000000	0.700834285714	0.000000000000	0.012745751317	18000
1	10	0.100000000000	1.000000000000	1	0.000000000000	1.000000000000	0.000000000000	0.000000000000	6000
1	10	0.100000000000	1.000000000000	2	0.000000000000	1.000000000000	0.000000000000	0.000000000000	6000
1	10	0.100000000000	1.000000000000	3	0.000000000000	1.000000000000	0.000000000000	0.000000000000	6000
1	10	0.100000000000	1.000000000000	4	0.000000000000	1.000000000000	0.000000000000	0.000000000000	6000
1	10	0.100000000000	1.000000000000	5	0.000000000000	1.000000000000	0.000000000000	0.000000000000	6000
