# scan initial plane
# b 1.15
# r 0
# e -0.4
# p12 0.2
# ndiv 12
# n_reps 5
# A:(0,1),	A':(0,0.533),	B:(1,0),	B'=(0.533,0),	C:(1,1),	D:(0,0),	E:(0.308,0.308) 
# columns: ix iy x1_0 x2_0 rep x1_inf x2_inf sigma_1 sigma_2 t_relax
8	0	0.662500000000	0.000000000000	1	0.433525000000	0.000000000000	0.024279134073	0.000000000000	24000
8	0	0.662500000000	0.000000000000	2	0.428312500000	0.000000000000	0.031665221932	0.000000000000	24000
8	0	0.662500000000	0.000000000000	3	0.431850000000	0.000000000000	0.032869558986	0.000000000000	16000
8	0	0.662500000000	0.000000000000	4	0.440525000000	0.000000000000	0.025321493895	0.000000000000	30000
8	0	0.662500000000	0.000000000000	5	0.463812500000	0.000000000000	0.026125727691	0.000000000000	26000
8	1	0.662500000000	0.075000000000	1	0.440250000000	0.000000000000	0.027387270082	0.000000000000	12000
8	1	0.662500000000	0.075000000000	2	0.448112500000	0.000000000000	0.025916022727	0.000000000000	18000
8	1	0.662500000000	0.075000000000	3	0.400662500000	0.000000000000	0.024666795385	0.000000000000	20000
8	1	0.662500000000	0.075000000000	4	0.461812500000	0.000000000000	0.035746838045	0.000000000000	30000
8	1	0.662500000000	0.075000000000	5	0.456687500000	0.000000000000	0.024876996577	0.000000000000	14000
8	2	0.662500000000	0.162500000000	1	0.436650000000	0.000000000000	0.033793223906	0.000000000000	10000
8	2	0.662500000000	0.162500000000	2	0.450550000000	0.000000000000	0.039090927344	0.000000000000	30000
8	2	0.662500000000	0.162500000000	3	0.426650000000	0.000000000000	0.031451616877	0.000000000000	6000
8	2	0.662500000000	0.162500000000	4	0.433050000000	0.000000000000	0.030137904594	0.000000000000	16000
8	2	0.662500000000	0.162500000000	5	0.000000000000	0.395712500000	0.000000000000	0.030023740919	30000
8	3	0.662500000000	0.250000000000	1	0.000000000000	0.417662500000	0.000000000000	0.027275195325	6000
8	3	0.662500000000	0.250000000000	2	0.000000000000	0.443225000000	0.000000000000	0.036043702966	8000
8	3	0.662500000000	0.250000000000	3	0.459775000000	0.000000000000	0.032377618584	0.000000000000	22000
8	3	0.662500000000	0.250000000000	4	0.463237500000	0.000000000000	0.027255370094	0.000000000000	20000
8	3	0.662500000000	0.250000000000	5	0.490825000000	0.000000000000	0.027979496551	0.000000000000	30000
8	4	0.662500000000	0.325000000000	1	0.455025000000	0.000000000000	0.033814091260	0.000000000000	10000
8	4	0.662500000000	0.325000000000	2	0.423950000000	0.000000000000	0.028707082690	0.000000000000	30000
8	4	0.662500000000	0.325000000000	3	0.000000000000	0.409662500000	0.000000000000	0.035811308180	16000
8	4	0.662500000000	0.325000000000	4	0.421225000000	0.000000000000	0.035581989165	0.000000000000	30000
8	4	0.662500000000	0.325000000000	5	0.439337500000	0.000000000000	0.034289475235	0.000000000000	22000
8	5	0.662500000000	0.412500000000	1	0.000000000000	0.456587500000	0.000000000000	0.034755849332	16000
8	5	0.662500000000	0.412500000000	2	0.000000000000	0.428325000000	0.000000000000	0.034384795902	26000
8	5	0.662500000000	0.412500000000	3	0.000000000000	0.457887500000	0.000000000000	0.030359146423	30000
8	5	0.662500000000	0.412500000000	4	0.247250000000	0.232762500000	0.095139313583	0.091920001253	12000
8	5	0.662500000000	0.412500000000	5	0.452525000000	0.000000000000	0.038972981260	0.000000000000	10000
8	6	0.662500000000	0.500000000000	1	0.000000000000	0.428000000000	0.000000000000	0.025988948140	10000
8	6	0.662500000000	0.500000000000	2	0.000000000000	0.433425000000	0.000000000000	0.030263389561	12000
8	6	0.662500000000	0.500000000000	3	0.000000000000	0.435150000000	0.000000000000	0.041911174483	22000
8	6	0.662500000000	0.500000000000	4	0.000000000000	0.412137500000	0.000000000000	0.031505236448	18000
8	6	0.662500000000	0.500000000000	5	0.000000000000	0.423275000000	0.000000000000	0.049690854853	16000
8	7	0.662500000000	0.575000000000	1	0.000000000000	0.422262500000	0.000000000000	0.037156499421	30000
8	7	0.662500000000	0.575000000000	2	0.000000000000	0.439750000000	0.000000000000	0.043531109077	14000
8	7	0.662500000000	0.575000000000	3	0.000000000000	0.406925000000	0.000000000000	0.027867022553	30000
8	7	0.662500000000	0.575000000000	4	0.445850000000	0.000000000000	0.025866417834	0.000000000000	14000
8	7	0.662500000000	0.575000000000	5	0.000000000000	0.438325000000	0.000000000000	0.031209668669	30000
8	8	0.662500000000	0.662500000000	1	0.000000000000	0.413562500000	0.000000000000	0.037200116834	12000
8	8	0.662500000000	0.662500000000	2	0.000000000000	0.443850000000	0.000000000000	0.036934626933	6000
8	8	0.662500000000	0.662500000000	3	0.000000000000	0.406787500000	0.000000000000	0.027067161376	14000
8	8	0.662500000000	0.662500000000	4	0.457025000000	0.000000000000	0.033720898179	0.000000000000	14000
8	8	0.662500000000	0.662500000000	5	0.000000000000	0.440175000000	0.000000000000	0.034559386948	30000
8	9	0.662500000000	0.750000000000	1	0.000000000000	0.415125000000	0.000000000000	0.035672214424	30000
8	9	0.662500000000	0.750000000000	2	0.457312500000	0.000000000000	0.025189394581	0.000000000000	30000
8	9	0.662500000000	0.750000000000	3	0.000000000000	0.436162500000	0.000000000000	0.031622655424	30000
8	9	0.662500000000	0.750000000000	4	0.000000000000	0.417475000000	0.000000000000	0.038452606907	24000
8	9	0.662500000000	0.750000000000	5	0.448137500000	0.000000000000	0.029411773087	0.000000000000	30000
8	10	0.662500000000	0.825000000000	1	0.447287500000	0.000000000000	0.030087644642	0.000000000000	8000
8	10	0.662500000000	0.825000000000	2	0.000000000000	0.417675000000	0.000000000000	0.032315068291	30000
8	10	0.662500000000	0.825000000000	3	0.441475000000	0.000000000000	0.030610641718	0.000000000000	30000
8	10	0.662500000000	0.825000000000	4	0.000000000000	0.425412500000	0.000000000000	0.030025199522	30000
8	10	0.662500000000	0.825000000000	5	0.000000000000	0.438512500000	0.000000000000	0.033744737383	30000
8	11	0.662500000000	0.912500000000	1	0.000000000000	0.410662500000	0.000000000000	0.034156939855	30000
8	11	0.662500000000	0.912500000000	2	0.464887500000	0.000000000000	0.029953769747	0.000000000000	14000
8	11	0.662500000000	0.912500000000	3	0.446737500000	0.000000000000	0.045679305409	0.000000000000	16000
8	11	0.662500000000	0.912500000000	4	0.000000000000	0.424812500000	0.000000000000	0.029985750599	16000
8	11	0.662500000000	0.912500000000	5	0.000000000000	0.409600000000	0.000000000000	0.039350361510	18000
8	12	0.662500000000	1.000000000000	1	0.000000000000	1.000000000000	0.000000000000	0.000000000000	6000
8	12	0.662500000000	1.000000000000	2	0.029300000000	1.000000000000	0.014507600438	0.000000000000	26000
8	12	0.662500000000	1.000000000000	3	0.046487500000	1.000000000000	0.015996467758	0.000000000000	6000
8	12	0.662500000000	1.000000000000	4	0.000000000000	1.000000000000	0.000000000000	0.000000000000	8000
8	12	0.662500000000	1.000000000000	5	0.033187500000	1.000000000000	0.015255452224	0.000000000000	24000
9	0	0.750000000000	0.000000000000	1	0.454325000000	0.000000000000	0.037966904810	0.000000000000	30000
9	0	0.750000000000	0.000000000000	2	0.411650000000	0.000000000000	0.032711389989	0.000000000000	16000
9	0	0.750000000000	0.000000000000	3	0.445937500000	0.000000000000	0.033746906487	0.000000000000	30000
9	0	0.750000000000	0.000000000000	4	0.466712500000	0.000000000000	0.031562950014	0.000000000000	30000
9	0	0.750000000000	0.000000000000	5	0.477175000000	0.000000000000	0.042450812082	0.000000000000	8000
9	1	0.750000000000	0.075000000000	1	0.442587500000	0.000000000000	0.027850929392	0.000000000000	14000
9	1	0.750000000000	0.075000000000	2	0.429050000000	0.000000000000	0.025171533646	0.000000000000	20000
9	1	0.750000000000	0.075000000000	3	0.455162500000	0.000000000000	0.030843656964	0.000000000000	28000
9	1	0.750000000000	0.075000000000	4	0.446937500000	0.000000000000	0.038325039496	0.000000000000	30000
9	1	0.750000000000	0.075000000000	5	0.442037500000	0.000000000000	0.030075478020	0.000000000000	30000
9	2	0.750000000000	0.162500000000	1	0.441562500000	0.000000000000	0.030133002532	0.000000000000	30000
9	2	0.750000000000	0.162500000000	2	0.247450000000	0.211450000000	0.045220763123	0.041181378145	6000
9	2	0.750000000000	0.162500000000	3	0.433600000000	0.000000000000	0.026514015030	0.000000000000	14000
9	2	0.750000000000	0.162500000000	4	0.000000000000	0.401712500000	0.000000000000	0.027644851810	22000
9	2	0.750000000000	0.162500000000	5	0.000000000000	0.428100000000	0.000000000000	0.027286847969	30000
9	3	0.750000000000	0.250000000000	1	0.000000000000	0.434787500000	0.000000000000	0.029153018579	14000
9	3	0.750000000000	0.250000000000	2	0.425175000000	0.000000000000	0.036211609404	0.000000000000	30000
9	3	0.750000000000	0.250000000000	3	0.000000000000	0.413700000000	0.000000000000	0.026731761765	26000
9	3	0.750000000000	0.250000000000	4	0.000000000000	0.421112500000	0.000000000000	0.034409884247	30000
9	3	0.750000000000	0.250000000000	5	0.000000000000	0.411350000000	0.000000000000	0.034594063786	12000
9	4	0.750000000000	0.325000000000	1	0.302375000000	0.181362500000	0.060422038179	0.062533673361	6000
9	4	0.750000000000	0.325000000000	2	0.000000000000	0.427312500000	0.000000000000	0.033787204219	30000
9	4	0.750000000000	0.325000000000	3	0.000000000000	0.448937500000	0.000000000000	0.032693213209	18000
9	4	0.750000000000	0.325000000000	4	0.000000000000	0.418825000000	0.000000000000	0.029988851365	12000
9	4	0.750000000000	0.325000000000	5	0.000000000000	0.432450000000	0.000000000000	0.034718732557	30000
9	5	0.750000000000	0.412500000000	1	0.454562500000	0.000000000000	0.033812655018	0.000000000000	26000
9	5	0.750000000000	0.412500000000	2	0.000000000000	0.391137500000	0.000000000000	0.026963435809	30000
9	5	0.750000000000	0.412500000000	3	0.430200000000	0.000000000000	0.032595397834	0.000000000000	18000
9	5	0.750000000000	0.412500000000	4	0.444625000000	0.000000000000	0.035104724991	0.000000000000	8000
9	5	0.750000000000	0.412500000000	5	0.000000000000	0.410650000000	0.000000000000	0.043022417743	14000
9	6	0.750000000000	0.500000000000	1	0.463625000000	0.000000000000	0.034199290438	0.000000000000	12000
9	6	0.750000000000	0.500000000000	2	0.000000000000	0.440687500000	0.000000000000	0.039745449985	30000
9	6	0.750000000000	0.500000000000	3	0.477362500000	0.000000000000	0.034124614768	0.000000000000	28000
9	6	0.750000000000	0.500000000000	4	0.420787500000	0.000000000000	0.028593770256	0.000000000000	16000
9	6	0.750000000000	0.500000000000	5	0.000000000000	0.416750000000	0.000000000000	0.034067551983	16000
9	7	0.750000000000	0.575000000000	1	0.000000000000	0.417337500000	0.000000000000	0.035024728055	18000
9	7	0.750000000000	0.575000000000	2	0.456912500000	0.000000000000	0.031985687079	0.000000000000	22000
9	7	0.750000000000	0.575000000000	3	0.000000000000	0.395312500000	0.000000000000	0.025069894163	26000
9	7	0.750000000000	0.575000000000	4	0.000000000000	0.403762500000	0.000000000000	0.028305052902	28000
9	7	0.750000000000	0.575000000000	5	0.446625000000	0.000000000000	0.029316699061	0.000000000000	30000
9	8	0.750000000000	0.662500000000	1	0.445312500000	0.000000000000	0.032295147783	0.000000000000	30000
9	8	0.750000000000	0.662500000000	2	0.000000000000	0.460462500000	0.000000000000	0.046057041751	28000
9	8	0.750000000000	0.662500000000	3	0.000000000000	0.410562500000	0.000000000000	0.028669003392	12000
9	8	0.750000000000	0.662500000000	4	0.445225000000	0.000000000000	0.037456339281	0.000000000000	30000
9	8	0.750000000000	0.662500000000	5	0.451100000000	0.000000000000	0.032290016184	0.000000000000	8000
9	9	0.750000000000	0.750000000000	1	0.000000000000	0.407687500000	0.000000000000	0.038255189887	30000
9	9	0.750000000000	0.750000000000	2	0.000000000000	0.401225000000	0.000000000000	0.035856974184	30000
9	9	0.750000000000	0.750000000000	3	0.000000000000	0.441112500000	0.000000000000	0.033858196515	22000
9	9	0.750000000000	0.750000000000	4	0.000000000000	0.439012500000	0.000000000000	0.022077556755	30000
9	9	0.750000000000	0.750000000000	5	0.423187500000	0.000000000000	0.028769754822	0.000000000000	18000
9	10	0.750000000000	0.825000000000	1	0.000000000000	0.393587500000	0.000000000000	0.030837064035	10000
9	10	0.750000000000	0.825000000000	2	0.000000000000	0.421500000000	0.000000000000	0.044830344185	30000
9	10	0.750000000000	0.825000000000	3	0.000000000000	0.451000000000	0.000000000000	0.037551266258	28000
9	10	0.750000000000	0.825000000000	4	0.000000000000	0.438925000000	0.000000000000	0.035657093310	10000
9	10	0.750000000000	0.825000000000	5	0.000000000000	0.404975000000	0.000000000000	0.033649950880	30000
9	11	0.750000000000	0.912500000000	1	0.000000000000	0.432487500000	0.000000000000	0.039266849622	30000
9	11	0.750000000000	0.912500000000	2	0.000000000000	0.432562500000	0.000000000000	0.030142344047	14000
9	11	0.750000000000	0.912500000000	3	0.193212500000	0.359687500000	0.060336880371	0.049806267256	10000
9	11	0.750000000000	0.912500000000	4	0.000000000000	0.427387500000	0.000000000000	0.036672380032	30000
9	11	0.750000000000	0.912500000000	5	0.455250000000	0.000000000000	0.035012152902	0.000000000000	30000
9	12	0.750000000000	1.000000000000	1	0.037875000000	1.000000000000	0.012809604247	0.000000000000	18000
9	12	0.750000000000	1.000000000000	2	0.000000000000	1.000000000000	0.000000000000	0.000000000000	8000
9	12	0.750000000000	1.000000000000	3	0.046275000000	1.000000000000	0.017902719972	0.000000000000	6000
9	12	0.750000000000	1.000000000000	4	0.039325000000	1.000000000000	0.019304586037	0.000000000000	8000
9	12	0.750000000000	1.000000000000	5	0.030287500000	1.000000000000	0.015878861168	0.000000000000	30000
