# scan initial plane
# b 1.174
# r 0
# e -0.4
# N1 250
# N2 250
# P11 0.9
# p12 0.3
# P22 0.9
# T_MCS 1000
# T_MAX 30000
# W 2000
# UPDATE_RULE 0
# FERMI_BETA 1
# DEGREE_ALPHA 0.5
# DEGREE_FACTOR_MIN 0.5
# DEGREE_FACTOR_MAX 2
# ndiv 10
# n_reps 5
# A:(0,1),	A':(0,0.690),	B:(1,0),	B'=(0.690,0),	C:(1,1),	D:(0,0),	E:(0.347,0.347) 
# columns: ix iy x1_0 x2_0 rep x1_inf x2_inf sigma_1 sigma_2 t_relax
8	0	0.800000000000	0.000000000000	1	0.688672000000	0.000000000000	0.016051855908	0.000000000000	30000
8	0	0.800000000000	0.000000000000	2	0.682748000000	0.000000000000	0.017917632029	0.000000000000	20000
8	0	0.800000000000	0.000000000000	3	0.689732000000	0.000000000000	0.015417583399	0.000000000000	14000
8	0	0.800000000000	0.000000000000	4	0.678092000000	0.000000000000	0.014674565713	0.000000000000	30000
8	0	0.800000000000	0.000000000000	5	0.678388000000	0.000000000000	0.014716590435	0.000000000000	12000
8	1	0.800000000000	0.100000000000	1	0.691376000000	0.000000000000	0.015439462458	0.000000000000	6000
8	1	0.800000000000	0.100000000000	2	0.690452000000	0.000000000000	0.013633398900	0.000000000000	20000
8	1	0.800000000000	0.100000000000	3	0.684588000000	0.000000000000	0.013237729922	0.000000000000	26000
8	1	0.800000000000	0.100000000000	4	0.678652000000	0.000000000000	0.018531225062	0.000000000000	18000
8	1	0.800000000000	0.100000000000	5	0.682204000000	0.000000000000	0.011728936523	0.000000000000	30000
8	2	0.800000000000	0.200000000000	1	0.682376000000	0.000000000000	0.017294557691	0.000000000000	30000
8	2	0.800000000000	0.200000000000	2	0.690164000000	0.000000000000	0.013623461480	0.000000000000	30000
8	2	0.800000000000	0.200000000000	3	0.706580000000	0.000000000000	0.011869814341	0.000000000000	10000
8	2	0.800000000000	0.200000000000	4	0.695076000000	0.000000000000	0.013574774344	0.000000000000	30000
8	2	0.800000000000	0.200000000000	5	0.680348000000	0.000000000000	0.012832285984	0.000000000000	12000
8	3	0.800000000000	0.300000000000	1	0.693704000000	0.000000000000	0.012697464692	0.000000000000	22000
8	3	0.800000000000	0.300000000000	2	0.682872000000	0.000000000000	0.011585414876	0.000000000000	20000
8	3	0.800000000000	0.300000000000	3	0.695188000000	0.000000000000	0.013764669343	0.000000000000	14000
8	3	0.800000000000	0.300000000000	4	0.682228000000	0.000000000000	0.013109686491	0.000000000000	30000
8	3	0.800000000000	0.300000000000	5	0.679188000000	0.000000000000	0.015297799799	0.000000000000	8000
8	4	0.800000000000	0.400000000000	1	0.676088000000	0.000000000000	0.011515418397	0.000000000000	14000
8	4	0.800000000000	0.400000000000	2	0.696556000000	0.000000000000	0.012113364421	0.000000000000	6000
8	4	0.800000000000	0.400000000000	3	0.685296000000	0.000000000000	0.016029514320	0.000000000000	12000
8	4	0.800000000000	0.400000000000	4	0.677988000000	0.000000000000	0.018994121002	0.000000000000	8000
8	4	0.800000000000	0.400000000000	5	0.688812000000	0.000000000000	0.014463673595	0.000000000000	10000
8	5	0.800000000000	0.500000000000	1	0.679644000000	0.000000000000	0.016512841607	0.000000000000	30000
8	5	0.800000000000	0.500000000000	2	0.680364000000	0.000000000000	0.022015635176	0.000000000000	30000
8	5	0.800000000000	0.500000000000	3	0.681672000000	0.000000000000	0.015391468848	0.000000000000	12000
8	5	0.800000000000	0.500000000000	4	0.685056000000	0.000000000000	0.011816619504	0.000000000000	30000
8	5	0.800000000000	0.500000000000	5	0.680732000000	0.000000000000	0.013879222198	0.000000000000	16000
8	6	0.800000000000	0.600000000000	1	0.688008000000	0.000000000000	0.015088127372	0.000000000000	20000
8	6	0.800000000000	0.600000000000	2	0.703256000000	0.000000000000	0.012398071470	0.000000000000	14000
8	6	0.800000000000	0.600000000000	3	0.679372000000	0.000000000000	0.014410735071	0.000000000000	12000
8	6	0.800000000000	0.600000000000	4	0.673968000000	0.000000000000	0.013438585177	0.000000000000	24000
8	6	0.800000000000	0.600000000000	5	0.692712000000	0.000000000000	0.014280090230	0.000000000000	20000
8	7	0.800000000000	0.700000000000	1	0.673876000000	0.000000000000	0.009867217743	0.000000000000	18000
8	7	0.800000000000	0.700000000000	2	0.000000000000	0.685884000000	0.000000000000	0.012507236904	30000
8	7	0.800000000000	0.700000000000	3	0.681912000000	0.000000000000	0.014118342098	0.000000000000	30000
8	7	0.800000000000	0.700000000000	4	0.700312000000	0.000000000000	0.012729835219	0.000000000000	26000
8	7	0.800000000000	0.700000000000	5	0.690892000000	0.000000000000	0.014160680099	0.000000000000	16000
8	8	0.800000000000	0.800000000000	1	0.676752000000	0.000000000000	0.017027402281	0.000000000000	16000
8	8	0.800000000000	0.800000000000	2	0.000000000000	0.685696000000	0.000000000000	0.015105222665	18000
8	8	0.800000000000	0.800000000000	3	0.000000000000	0.677864000000	0.000000000000	0.011564914667	30000
8	8	0.800000000000	0.800000000000	4	0.684948000000	0.000000000000	0.013483140995	0.000000000000	12000
8	8	0.800000000000	0.800000000000	5	0.000000000000	0.695708000000	0.000000000000	0.017750882508	20000
8	9	0.800000000000	0.900000000000	1	0.000000000000	0.683156000000	0.000000000000	0.012769131322	12000
8	9	0.800000000000	0.900000000000	2	0.000000000000	0.683504000000	0.000000000000	0.015945163286	30000
8	9	0.800000000000	0.900000000000	3	0.000000000000	0.673292000000	0.000000000000	0.013851013919	30000
8	9	0.800000000000	0.900000000000	4	0.000000000000	0.668116000000	0.000000000000	0.012207192943	22000
8	9	0.800000000000	0.900000000000	5	0.000000000000	0.671940000000	0.000000000000	0.012450518681	30000
8	10	0.800000000000	1.000000000000	1	0.000000000000	1.000000000000	0.000000000000	0.000000000000	6000
8	10	0.800000000000	1.000000000000	2	0.000000000000	1.000000000000	0.000000000000	0.000000000000	6000
8	10	0.800000000000	1.000000000000	3	0.000000000000	1.000000000000	0.000000000000	0.000000000000	6000
8	10	0.800000000000	1.000000000000	4	0.000000000000	1.000000000000	0.000000000000	0.000000000000	6000
8	10	0.800000000000	1.000000000000	5	0.000000000000	1.000000000000	0.000000000000	0.000000000000	6000
9	0	0.900000000000	0.000000000000	1	0.687916000000	0.000000000000	0.010887032262	0.000000000000	24000
9	0	0.900000000000	0.000000000000	2	0.676244000000	0.000000000000	0.016839478378	0.000000000000	30000
9	0	0.900000000000	0.000000000000	3	0.683464000000	0.000000000000	0.013065198177	0.000000000000	30000
9	0	0.900000000000	0.000000000000	4	0.683028000000	0.000000000000	0.014066310002	0.000000000000	30000
9	0	0.900000000000	0.000000000000	5	0.692204000000	0.000000000000	0.012220463319	0.000000000000	10000
9	1	0.900000000000	0.100000000000	1	0.682660000000	0.000000000000	0.013704605657	0.000000000000	22000
9	1	0.900000000000	0.100000000000	2	0.666392000000	0.000000000000	0.014526987622	0.000000000000	24000
9	1	0.900000000000	0.100000000000	3	0.680528000000	0.000000000000	0.012839239154	0.000000000000	18000
9	1	0.900000000000	0.100000000000	4	0.674332000000	0.000000000000	0.012277153762	0.000000000000	24000
9	1	0.900000000000	0.100000000000	5	0.688476000000	0.000000000000	0.012678729202	0.000000000000	24000
9	2	0.900000000000	0.200000000000	1	0.678716000000	0.000000000000	0.014567482815	0.000000000000	14000
9	2	0.900000000000	0.200000000000	2	0.672132000000	0.000000000000	0.012470528862	0.000000000000	30000
9	2	0.900000000000	0.200000000000	3	0.691340000000	0.000000000000	0.014593744460	0.000000000000	16000
9	2	0.900000000000	0.200000000000	4	0.680292000000	0.000000000000	0.014362486450	0.000000000000	30000
9	2	0.900000000000	0.200000000000	5	0.680620000000	0.000000000000	0.013409377741	0.000000000000	30000
9	3	0.900000000000	0.300000000000	1	0.669036000000	0.000000000000	0.012526916126	0.000000000000	30000
9	3	0.900000000000	0.300000000000	2	0.689096000000	0.000000000000	0.014091890057	0.000000000000	8000
9	3	0.900000000000	0.300000000000	3	0.679796000000	0.000000000000	0.013395888691	0.000000000000	10000
9	3	0.900000000000	0.300000000000	4	0.666364000000	0.000000000000	0.016717505166	0.000000000000	18000
9	3	0.900000000000	0.300000000000	5	0.694904000000	0.000000000000	0.011920943456	0.000000000000	12000
9	4	0.900000000000	0.400000000000	1	0.687332000000	0.000000000000	0.013287073505	0.000000000000	30000
9	4	0.900000000000	0.400000000000	2	0.686580000000	0.000000000000	0.012754382552	0.000000000000	10000
9	4	0.900000000000	0.400000000000	3	0.676836000000	0.000000000000	0.013665132266	0.000000000000	30000
9	4	0.900000000000	0.400000000000	4	0.677236000000	0.000000000000	0.013928758535	0.000000000000	10000
9	4	0.900000000000	0.400000000000	5	0.673188000000	0.000000000000	0.017298088908	0.000000000000	30000
9	5	0.900000000000	0.500000000000	1	0.680772000000	0.000000000000	0.012570203898	0.000000000000	20000
9	5	0.900000000000	0.500000000000	2	0.677472000000	0.000000000000	0.012721440604	0.000000000000	14000
9	5	0.900000000000	0.500000000000	3	0.686968000000	0.000000000000	0.017794032809	0.000000000000	14000
9	5	0.900000000000	0.500000000000	4	0.681988000000	0.000000000000	0.013014808536	0.000000000000	14000
9	5	0.900000000000	0.500000000000	5	0.679128000000	0.000000000000	0.015539146730	0.000000000000	30000
9	6	0.900000000000	0.600000000000	1	0.695836000000	0.000000000000	0.014088704539	0.000000000000	30000
9	6	0.900000000000	0.600000000000	2	0.688088000000	0.000000000000	0.014500017466	0.000000000000	22000
9	6	0.900000000000	0.600000000000	3	0.682428000000	0.000000000000	0.011785572354	0.000000000000	30000
9	6	0.900000000000	0.600000000000	4	0.678912000000	0.000000000000	0.011992667763	0.000000000000	24000
9	6	0.900000000000	0.600000000000	5	0.674840000000	0.000000000000	0.012877430964	0.000000000000	30000
9	7	0.900000000000	0.700000000000	1	0.682188000000	0.000000000000	0.015516101489	0.000000000000	6000
9	7	0.900000000000	0.700000000000	2	0.692568000000	0.000000000000	0.014711825645	0.000000000000	10000
9	7	0.900000000000	0.700000000000	3	0.675320000000	0.000000000000	0.012972350669	0.000000000000	10000
9	7	0.900000000000	0.700000000000	4	0.697828000000	0.000000000000	0.011952626543	0.000000000000	18000
9	7	0.900000000000	0.700000000000	5	0.688484000000	0.000000000000	0.013737046642	0.000000000000	30000
9	8	0.900000000000	0.800000000000	1	0.688108000000	0.000000000000	0.015009517701	0.000000000000	30000
9	8	0.900000000000	0.800000000000	2	0.675096000000	0.000000000000	0.015337079579	0.000000000000	18000
9	8	0.900000000000	0.800000000000	3	0.679504000000	0.000000000000	0.013849830389	0.000000000000	22000
9	8	0.900000000000	0.800000000000	4	0.675704000000	0.000000000000	0.012981868622	0.000000000000	24000
9	8	0.900000000000	0.800000000000	5	0.681396000000	0.000000000000	0.011239284030	0.000000000000	10000
9	9	0.900000000000	0.900000000000	1	0.677536000000	0.000000000000	0.013907484392	0.000000000000	8000
9	9	0.900000000000	0.900000000000	2	0.000000000000	0.670968000000	0.000000000000	0.012093354589	30000
9	9	0.900000000000	0.900000000000	3	0.675636000000	0.000000000000	0.017649107484	0.000000000000	8000
9	9	0.900000000000	0.900000000000	4	0.683040000000	0.000000000000	0.015715386517	0.000000000000	10000
9	9	0.900000000000	0.900000000000	5	0.000000000000	0.667512000000	0.000000000000	0.014007643273	24000
9	10	0.900000000000	1.000000000000	1	0.000000000000	1.000000000000	0.000000000000	0.000000000000	6000
9	10	0.900000000000	1.000000000000	2	0.000000000000	1.000000000000	0.000000000000	0.000000000000	6000
9	10	0.900000000000	1.000000000000	3	0.000000000000	1.000000000000	0.000000000000	0.000000000000	6000
9	10	0.900000000000	1.000000000000	4	0.000000000000	1.000000000000	0.000000000000	0.000000000000	6000
9	10	0.900000000000	1.000000000000	5	0.000000000000	1.000000000000	0.000000000000	0.000000000000	6000
