# scan initial plane
# b 1.15
# r 0
# e -0.4
# p12 0.2
# ndiv 8
# n_reps 3
# A:(0,1),	A':(0,1.600),	B:(1,0),	B'=(0.178,0),	C:(1,1),	D:(0,0),	E:(-0.462,2.615) 
# columns: ix iy x1_0 x2_0 rep x1_inf x2_inf sigma_1 sigma_2 t_relax
4	0	0.500000000000	0.000000000000	1	0.228545000000	0.000000000000	0.004825353543	0.000000000000	6000
4	0	0.500000000000	0.000000000000	2	0.226908333333	0.000000000000	0.005385013777	0.000000000000	22000
4	0	0.500000000000	0.000000000000	3	0.230616666667	0.000000000000	0.006643080566	0.000000000000	24000
4	1	0.500000000000	0.125000000000	1	0.000000000000	1.000000000000	0.000000000000	0.000000000000	8000
4	1	0.500000000000	0.125000000000	2	0.000000000000	1.000000000000	0.000000000000	0.000000000000	12000
4	1	0.500000000000	0.125000000000	3	0.000000000000	1.000000000000	0.000000000000	0.000000000000	6000
4	2	0.500000000000	0.250000000000	1	0.000000000000	1.000000000000	0.000000000000	0.000000000000	6000
4	2	0.500000000000	0.250000000000	2	0.000000000000	1.000000000000	0.000000000000	0.000000000000	8000
4	2	0.500000000000	0.250000000000	3	0.000000000000	1.000000000000	0.000000000000	0.000000000000	10000
4	3	0.500000000000	0.375000000000	1	0.000000000000	1.000000000000	0.000000000000	0.000000000000	8000
4	3	0.500000000000	0.375000000000	2	0.000000000000	1.000000000000	0.000000000000	0.000000000000	8000
4	3	0.500000000000	0.375000000000	3	0.000000000000	1.000000000000	0.000000000000	0.000000000000	10000
4	4	0.500000000000	0.500000000000	1	0.000000000000	1.000000000000	0.000000000000	0.000000000000	8000
4	4	0.500000000000	0.500000000000	2	0.000000000000	1.000000000000	0.000000000000	0.000000000000	6000
4	4	0.500000000000	0.500000000000	3	0.000000000000	1.000000000000	0.000000000000	0.000000000000	8000
4	5	0.500000000000	0.625000000000	1	0.000000000000	1.000000000000	0.000000000000	0.000000000000	6000
4	5	0.500000000000	0.625000000000	2	0.000000000000	1.000000000000	0.000000000000	0.000000000000	6000
4	5	0.500000000000	0.625000000000	3	0.000000000000	1.000000000000	0.000000000000	0.000000000000	8000
4	6	0.500000000000	0.750000000000	1	0.000000000000	1.000000000000	0.000000000000	0.000000000000	8000
4	6	0.500000000000	0.750000000000	2	0.000000000000	1.000000000000	0.000000000000	0.000000000000	8000
4	6	0.500000000000	0.750000000000	3	0.000000000000	1.000000000000	0.000000000000	0.000000000000	8000
4	7	0.500000000000	0.875000000000	1	0.000000000000	1.000000000000	0.000000000000	0.000000000000	16000
4	7	0.500000000000	0.875000000000	2	0.000000000000	1.000000000000	0.000000000000	0.000000000000	8000
4	7	0.500000000000	0.875000000000	3	0.000000000000	1.000000000000	0.000000000000	0.000000000000	8000
4	8	0.500000000000	1.000000000000	1	0.000000000000	1.000000000000	0.000000000000	0.000000000000	8000
4	8	0.500000000000	1.000000000000	2	0.000000000000	1.000000000000	0.000000000000	0.000000000000	6000
4	8	0.500000000000	1.000000000000	3	0.000000000000	1.000000000000	0.000000000000	0.000000000000	6000
