# scan initial plane
# b 1.15
# r 0
# e -0.4
# p12 0.2
# ndiv 8
# n_reps 3
# A:(0,1),	A':(0,0.533),	B:(1,0),	B'=(0.533,0),	C:(1,1),	D:(0,0),	E:(0.308,0.308) 
# columns: ix iy x1_0 x2_0 rep x1_inf x2_inf sigma_1 sigma_2 t_relax
1	0	0.124000000000	0.000000000000	1	0.666560000000	0.000000000000	0.011716982875	0.000000000000	36000
1	0	0.124000000000	0.000000000000	2	0.669998000000	0.000000000000	0.013129523235	0.000000000000	12000
1	0	0.124000000000	0.000000000000	3	0.668642000000	0.000000000000	0.011253376137	0.000000000000	8000
1	1	0.124000000000	0.124000000000	1	0.298352000000	0.391592000000	0.021513784859	0.018755087024	162000
1	1	0.124000000000	0.124000000000	2	0.000000000000	0.662576000000	0.000000000000	0.012475891626	22000
1	1	0.124000000000	0.124000000000	3	0.372842000000	0.313114000000	0.018128421765	0.015689524058	100000
1	2	0.124000000000	0.250000000000	1	0.287574000000	0.401744000000	0.015250675628	0.017128568295	34000
1	2	0.124000000000	0.250000000000	2	0.247492000000	0.436886000000	0.012088012908	0.011811117919	200000
1	2	0.124000000000	0.250000000000	3	0.640924000000	0.035544000000	0.013830455723	0.014342586021	52000
1	3	0.124000000000	0.374000000000	1	0.319672000000	0.363324000000	0.025794374692	0.022986069333	200000
1	3	0.124000000000	0.374000000000	2	0.297498000000	0.381370000000	0.012925907128	0.014160495034	200000
1	3	0.124000000000	0.374000000000	3	0.387762000000	0.294380000000	0.023981377410	0.019006336860	200000
1	4	0.124000000000	0.500000000000	1	0.558488000000	0.119724000000	0.035756067350	0.031927906527	36000
1	4	0.124000000000	0.500000000000	2	0.331610000000	0.347158000000	0.014745756587	0.014911384422	200000
1	4	0.124000000000	0.500000000000	3	0.000000000000	0.692608000000	0.000000000000	0.010378152150	190000
1	5	0.124000000000	0.624000000000	1	0.293182000000	0.368862000000	0.036160454290	0.033951342384	200000
1	5	0.124000000000	0.624000000000	2	0.658666000000	0.000000000000	0.014305701559	0.000000000000	118000
1	5	0.124000000000	0.624000000000	3	0.358180000000	0.329638000000	0.014431072582	0.013079297536	200000
1	6	0.124000000000	0.750000000000	1	0.501190000000	0.176962000000	0.012945558601	0.010826808199	200000
1	6	0.124000000000	0.750000000000	2	0.288528000000	0.390586000000	0.012442991764	0.011959081220	200000
1	6	0.124000000000	0.750000000000	3	0.450672000000	0.238320000000	0.012352692217	0.018769173713	36000
1	7	0.124000000000	0.874000000000	1	0.000000000000	0.666132000000	0.000000000000	0.011222322243	22000
1	7	0.124000000000	0.874000000000	2	0.272808000000	0.409076000000	0.024452260612	0.020977757037	20000
1	7	0.124000000000	0.874000000000	3	0.000000000000	0.672104000000	0.000000000000	0.010806755756	34000
1	8	0.124000000000	1.000000000000	1	0.000000000000	1.000000000000	0.000000000000	0.000000000000	6000
1	8	0.124000000000	1.000000000000	2	0.000000000000	1.000000000000	0.000000000000	0.000000000000	6000
1	8	0.124000000000	1.000000000000	3	0.000000000000	1.000000000000	0.000000000000	0.000000000000	6000
