# scan initial plane
# b 1.08
# r 0
# e -0.4
# p12 0.1
# ndiv 12
# n_reps 5
# A:(0,1),	A':(0,0.375),	B:(1,0),	B'=(0.667,0),	C:(1,1),	D:(0,0),	E:(0.573,0.117) 
# columns: ix iy x1_0 x2_0 rep x1_inf x2_inf sigma_1 sigma_2 t_relax
4	0	0.333333333333	0.000000000000	1	0.258033333333	0.000000000000	0.060948632856	0.000000000000	30000
4	0	0.333333333333	0.000000000000	2	0.281566666667	0.000000000000	0.072371763254	0.000000000000	30000
4	0	0.333333333333	0.000000000000	3	0.349366666667	0.000000000000	0.083412634940	0.000000000000	22000
4	0	0.333333333333	0.000000000000	4	0.314233333333	0.000000000000	0.063686046975	0.000000000000	30000
4	0	0.333333333333	0.000000000000	5	0.281300000000	0.000000000000	0.068202846678	0.000000000000	28000
4	1	0.333333333333	0.075000000000	1	0.255666666667	0.000000000000	0.068095303095	0.000000000000	16000
4	1	0.333333333333	0.075000000000	2	0.268066666667	0.000000000000	0.078171717930	0.000000000000	30000
4	1	0.333333333333	0.075000000000	3	0.276733333333	0.000000000000	0.082845055998	0.000000000000	30000
4	1	0.333333333333	0.075000000000	4	0.299666666667	0.000000000000	0.066197044612	0.000000000000	30000
4	1	0.333333333333	0.075000000000	5	0.238766666667	0.000000000000	0.055869294292	0.000000000000	26000
4	2	0.333333333333	0.150000000000	1	0.259200000000	0.000000000000	0.065927028143	0.000000000000	18000
4	2	0.333333333333	0.150000000000	2	0.229100000000	0.000000000000	0.055793992833	0.000000000000	8000
4	2	0.333333333333	0.150000000000	3	0.220833333333	0.000000000000	0.069110810166	0.000000000000	28000
4	2	0.333333333333	0.150000000000	4	0.276133333333	0.000000000000	0.075516565339	0.000000000000	6000
4	2	0.333333333333	0.150000000000	5	0.000000000000	0.000000000000	0.000000000000	0.000000000000	10000
4	3	0.333333333333	0.250000000000	1	0.323333333333	0.000000000000	0.063802330710	0.000000000000	10000
4	3	0.333333333333	0.250000000000	2	0.000000000000	0.000000000000	0.000000000000	0.000000000000	6000
4	3	0.333333333333	0.250000000000	3	0.303733333333	0.000000000000	0.072112074318	0.000000000000	22000
4	3	0.333333333333	0.250000000000	4	0.267066666667	0.000000000000	0.065910425459	0.000000000000	12000
4	3	0.333333333333	0.250000000000	5	0.260800000000	0.000000000000	0.054279888599	0.000000000000	30000
4	4	0.333333333333	0.325000000000	1	0.274000000000	0.000000000000	0.094290341214	0.000000000000	16000
4	4	0.333333333333	0.325000000000	2	0.326266666667	0.000000000000	0.079237383901	0.000000000000	30000
4	4	0.333333333333	0.325000000000	3	0.277600000000	0.000000000000	0.061117171417	0.000000000000	30000
4	4	0.333333333333	0.325000000000	4	0.231500000000	0.000000000000	0.057648031343	0.000000000000	30000
4	4	0.333333333333	0.325000000000	5	0.280366666667	0.000000000000	0.089126802480	0.000000000000	14000
4	5	0.333333333333	0.400000000000	1	0.328233333333	0.000000000000	0.072864938752	0.000000000000	30000
4	5	0.333333333333	0.400000000000	2	0.245166666667	0.000000000000	0.052040714962	0.000000000000	20000
4	5	0.333333333333	0.400000000000	3	0.000000000000	0.000000000000	0.000000000000	0.000000000000	12000
4	5	0.333333333333	0.400000000000	4	0.362566666667	0.000000000000	0.072176939681	0.000000000000	18000
4	5	0.333333333333	0.400000000000	5	0.256433333333	0.000000000000	0.126601633201	0.000000000000	30000
4	6	0.333333333333	0.500000000000	1	0.360366666667	0.000000000000	0.096825827114	0.000000000000	12000
4	6	0.333333333333	0.500000000000	2	0.287566666667	0.000000000000	0.074332913630	0.000000000000	6000
4	6	0.333333333333	0.500000000000	3	0.272933333333	0.000000000000	0.104639648904	0.000000000000	30000
4	6	0.333333333333	0.500000000000	4	0.312733333333	0.000000000000	0.073808904755	0.000000000000	30000
4	6	0.333333333333	0.500000000000	5	0.000000000000	0.000000000000	0.000000000000	0.000000000000	20000
4	7	0.333333333333	0.575000000000	1	0.286766666667	0.000000000000	0.082674344687	0.000000000000	28000
4	7	0.333333333333	0.575000000000	2	0.271200000000	0.000000000000	0.043194433581	0.000000000000	20000
4	7	0.333333333333	0.575000000000	3	0.000000000000	0.000000000000	0.000000000000	0.000000000000	6000
4	7	0.333333333333	0.575000000000	4	0.232200000000	0.000000000000	0.057405088913	0.000000000000	12000
4	7	0.333333333333	0.575000000000	5	0.000000000000	0.000000000000	0.000000000000	0.000000000000	8000
4	8	0.333333333333	0.650000000000	1	0.245966666667	0.000000000000	0.067374941306	0.000000000000	6000
4	8	0.333333333333	0.650000000000	2	0.332633333333	0.000000000000	0.071780500263	0.000000000000	12000
4	8	0.333333333333	0.650000000000	3	0.295333333333	0.000000000000	0.081543338064	0.000000000000	30000
4	8	0.333333333333	0.650000000000	4	0.282166666667	0.000000000000	0.061283994241	0.000000000000	30000
4	8	0.333333333333	0.650000000000	5	0.000000000000	0.000000000000	0.000000000000	0.000000000000	8000
4	9	0.333333333333	0.750000000000	1	0.306566666667	0.000000000000	0.072456239022	0.000000000000	6000
4	9	0.333333333333	0.750000000000	2	0.000000000000	0.000000000000	0.000000000000	0.000000000000	6000
4	9	0.333333333333	0.750000000000	3	0.000000000000	0.000000000000	0.000000000000	0.000000000000	10000
4	9	0.333333333333	0.750000000000	4	0.303733333333	0.000000000000	0.082620952411	0.000000000000	6000
4	9	0.333333333333	0.750000000000	5	0.277366666667	0.000000000000	0.060214636669	0.000000000000	24000
4	10	0.333333333333	0.825000000000	1	0.297900000000	0.000000000000	0.062685879746	0.000000000000	10000
4	10	0.333333333333	0.825000000000	2	0.335400000000	0.000000000000	0.074394870919	0.000000000000	16000
4	10	0.333333333333	0.825000000000	3	0.275333333333	0.000000000000	0.101979081514	0.000000000000	16000
4	10	0.333333333333	0.825000000000	4	0.000000000000	0.000000000000	0.000000000000	0.000000000000	6000
4	10	0.333333333333	0.825000000000	5	0.000000000000	0.000000000000	0.000000000000	0.000000000000	8000
4	11	0.333333333333	0.900000000000	1	0.000000000000	0.000000000000	0.000000000000	0.000000000000	6000
4	11	0.333333333333	0.900000000000	2	0.279033333333	0.000000000000	0.067407949156	0.000000000000	30000
4	11	0.333333333333	0.900000000000	3	0.288800000000	0.000000000000	0.056842980726	0.000000000000	18000
4	11	0.333333333333	0.900000000000	4	0.257666666667	0.000000000000	0.078970548045	0.000000000000	12000
4	11	0.333333333333	0.900000000000	5	0.000000000000	0.000000000000	0.000000000000	0.000000000000	6000
4	12	0.333333333333	1.000000000000	1	0.000000000000	1.000000000000	0.000000000000	0.000000000000	6000
4	12	0.333333333333	1.000000000000	2	0.000000000000	1.000000000000	0.000000000000	0.000000000000	16000
4	12	0.333333333333	1.000000000000	3	0.103466666667	1.000000000000	0.043651382807	0.000000000000	8000
4	12	0.333333333333	1.000000000000	4	0.094133333333	1.000000000000	0.042408629136	0.000000000000	14000
4	12	0.333333333333	1.000000000000	5	0.000000000000	1.000000000000	0.000000000000	0.000000000000	6000
5	0	0.400000000000	0.000000000000	1	0.250966666667	0.000000000000	0.067422797416	0.000000000000	22000
5	0	0.400000000000	0.000000000000	2	0.227533333333	0.000000000000	0.082555421505	0.000000000000	20000
5	0	0.400000000000	0.000000000000	3	0.272033333333	0.000000000000	0.057135482428	0.000000000000	4000
5	0	0.400000000000	0.000000000000	4	0.293266666667	0.000000000000	0.084522354871	0.000000000000	30000
5	0	0.400000000000	0.000000000000	5	0.315000000000	0.000000000000	0.055138575287	0.000000000000	30000
5	1	0.400000000000	0.075000000000	1	0.347533333333	0.000000000000	0.068335176615	0.000000000000	30000
5	1	0.400000000000	0.075000000000	2	0.329400000000	0.000000000000	0.071900616044	0.000000000000	6000
5	1	0.400000000000	0.075000000000	3	0.407166666667	0.000000000000	0.101697170741	0.000000000000	30000
5	1	0.400000000000	0.075000000000	4	0.261733333333	0.000000000000	0.097037052319	0.000000000000	16000
5	1	0.400000000000	0.075000000000	5	0.302400000000	0.000000000000	0.081859275229	0.000000000000	12000
5	2	0.400000000000	0.150000000000	1	0.273633333333	0.000000000000	0.073106688622	0.000000000000	14000
5	2	0.400000000000	0.150000000000	2	0.310300000000	0.000000000000	0.058865549608	0.000000000000	6000
5	2	0.400000000000	0.150000000000	3	0.282466666667	0.000000000000	0.067638265316	0.000000000000	30000
5	2	0.400000000000	0.150000000000	4	0.355533333333	0.000000000000	0.115076604256	0.000000000000	20000
5	2	0.400000000000	0.150000000000	5	0.294066666667	0.000000000000	0.065013845706	0.000000000000	30000
5	3	0.400000000000	0.250000000000	1	0.223600000000	0.000000000000	0.097737365386	0.000000000000	16000
5	3	0.400000000000	0.250000000000	2	0.320733333333	0.000000000000	0.100433472697	0.000000000000	12000
5	3	0.400000000000	0.250000000000	3	0.322666666667	0.000000000000	0.067771952030	0.000000000000	26000
5	3	0.400000000000	0.250000000000	4	0.276066666667	0.000000000000	0.058855695406	0.000000000000	6000
5	3	0.400000000000	0.250000000000	5	0.241700000000	0.000000000000	0.053130233489	0.000000000000	14000
5	4	0.400000000000	0.325000000000	1	0.000000000000	0.000000000000	0.000000000000	0.000000000000	8000
5	4	0.400000000000	0.325000000000	2	0.221500000000	0.000000000000	0.062222356285	0.000000000000	30000
5	4	0.400000000000	0.325000000000	3	0.280566666667	0.000000000000	0.071396379450	0.000000000000	24000
5	4	0.400000000000	0.325000000000	4	0.246100000000	0.000000000000	0.057089055618	0.000000000000	20000
5	4	0.400000000000	0.325000000000	5	0.289400000000	0.000000000000	0.068060798352	0.000000000000	18000
5	5	0.400000000000	0.400000000000	1	0.219966666667	0.000000000000	0.080746978389	0.000000000000	14000
5	5	0.400000000000	0.400000000000	2	0.322900000000	0.000000000000	0.079082654789	0.000000000000	30000
5	5	0.400000000000	0.400000000000	3	0.358866666667	0.000000000000	0.056648351277	0.000000000000	30000
5	5	0.400000000000	0.400000000000	4	0.245000000000	0.000000000000	0.098918071073	0.000000000000	24000
5	5	0.400000000000	0.400000000000	5	0.000000000000	0.000000000000	0.000000000000	0.000000000000	8000
5	6	0.400000000000	0.500000000000	1	0.351466666667	0.000000000000	0.092410615971	0.000000000000	30000
5	6	0.400000000000	0.500000000000	2	0.260766666667	0.000000000000	0.090449703851	0.000000000000	30000
5	6	0.400000000000	0.500000000000	3	0.000000000000	0.000000000000	0.000000000000	0.000000000000	6000
5	6	0.400000000000	0.500000000000	4	0.256500000000	0.000000000000	0.061674759815	0.000000000000	28000
5	6	0.400000000000	0.500000000000	5	0.248066666667	0.000000000000	0.067137443541	0.000000000000	8000
5	7	0.400000000000	0.575000000000	1	0.253533333333	0.000000000000	0.082252003372	0.000000000000	22000
5	7	0.400000000000	0.575000000000	2	0.320600000000	0.000000000000	0.079061872407	0.000000000000	28000
5	7	0.400000000000	0.575000000000	3	0.355800000000	0.000000000000	0.071928825781	0.000000000000	20000
5	7	0.400000000000	0.575000000000	4	0.262166666667	0.000000000000	0.052591341326	0.000000000000	14000
5	7	0.400000000000	0.575000000000	5	0.332333333333	0.000000000000	0.058234699012	0.000000000000	6000
5	8	0.400000000000	0.650000000000	1	0.253133333333	0.000000000000	0.050392343438	0.000000000000	30000
5	8	0.400000000000	0.650000000000	2	0.284933333333	0.000000000000	0.061618117043	0.000000000000	10000
5	8	0.400000000000	0.650000000000	3	0.305000000000	0.000000000000	0.080397051613	0.000000000000	8000
5	8	0.400000000000	0.650000000000	4	0.279666666667	0.000000000000	0.070224547294	0.000000000000	26000
5	8	0.400000000000	0.650000000000	5	0.000000000000	0.000000000000	0.000000000000	0.000000000000	6000
5	9	0.400000000000	0.750000000000	1	0.270833333333	0.000000000000	0.068260681448	0.000000000000	10000
5	9	0.400000000000	0.750000000000	2	0.300000000000	0.000000000000	0.071992782545	0.000000000000	20000
5	9	0.400000000000	0.750000000000	3	0.284033333333	0.000000000000	0.074165801564	0.000000000000	20000
5	9	0.400000000000	0.750000000000	4	0.344400000000	0.000000000000	0.089411476836	0.000000000000	18000
5	9	0.400000000000	0.750000000000	5	0.371533333333	0.000000000000	0.074413765660	0.000000000000	6000
5	10	0.400000000000	0.825000000000	1	0.317833333333	0.000000000000	0.080364361833	0.000000000000	8000
5	10	0.400000000000	0.825000000000	2	0.221033333333	0.000000000000	0.063337275750	0.000000000000	30000
5	10	0.400000000000	0.825000000000	3	0.261266666667	0.000000000000	0.070033088768	0.000000000000	30000
5	10	0.400000000000	0.825000000000	4	0.325100000000	0.000000000000	0.070050833982	0.000000000000	14000
5	10	0.400000000000	0.825000000000	5	0.225900000000	0.000000000000	0.057156813643	0.000000000000	8000
5	11	0.400000000000	0.900000000000	1	0.000000000000	0.000000000000	0.000000000000	0.000000000000	12000
5	11	0.400000000000	0.900000000000	2	0.000000000000	0.000000000000	0.000000000000	0.000000000000	6000
5	11	0.400000000000	0.900000000000	3	0.289966666667	0.000000000000	0.071624142547	0.000000000000	10000
5	11	0.400000000000	0.900000000000	4	0.285133333333	0.000000000000	0.071784567528	0.000000000000	6000
5	11	0.400000000000	0.900000000000	5	0.000000000000	0.000000000000	0.000000000000	0.000000000000	6000
5	12	0.400000000000	1.000000000000	1	0.000000000000	1.000000000000	0.000000000000	0.000000000000	6000
5	12	0.400000000000	1.000000000000	2	0.000000000000	1.000000000000	0.000000000000	0.000000000000	6000
5	12	0.400000000000	1.000000000000	3	0.000000000000	1.000000000000	0.000000000000	0.000000000000	6000
5	12	0.400000000000	1.000000000000	4	0.000000000000	1.000000000000	0.000000000000	0.000000000000	6000
5	12	0.400000000000	1.000000000000	5	0.000000000000	1.000000000000	0.000000000000	0.000000000000	6000
