# scan initial plane
# b 1.15
# r 0
# e -0.4
# p12 0.15
# ndiv 8
# n_reps 3
# A:(0,1),	A':(0,0.400),	B:(1,0),	B'=(0.400,0),	C:(1,1),	D:(0,0),	E:(0.258,0.258) 
# columns: ix iy x1_0 x2_0 rep x1_inf x2_inf sigma_1 sigma_2 t_relax
5	0	0.624000000000	0.000000000000	1	0.499224000000	0.000000000000	0.012031898877	0.000000000000	8000
5	0	0.624000000000	0.000000000000	2	0.497768000000	0.000000000000	0.014957603615	0.000000000000	22000
5	0	0.624000000000	0.000000000000	3	0.501086000000	0.000000000000	0.011616865135	0.000000000000	36000
5	1	0.624000000000	0.124000000000	1	0.301778000000	0.268402000000	0.010904018232	0.011551962770	32000
5	1	0.624000000000	0.124000000000	2	0.307406000000	0.277750000000	0.012317584458	0.013739660777	364000
5	1	0.624000000000	0.124000000000	3	0.299840000000	0.269822000000	0.017055711574	0.015315315043	32000
5	2	0.624000000000	0.250000000000	1	0.280718000000	0.287694000000	0.012955629059	0.009303597203	72000
5	2	0.624000000000	0.250000000000	2	0.275648000000	0.298940000000	0.016985305314	0.019485175700	182000
5	2	0.624000000000	0.250000000000	3	0.274696000000	0.296138000000	0.011818598194	0.013376542449	20000
5	3	0.624000000000	0.374000000000	1	0.300282000000	0.276162000000	0.013750984167	0.012804910063	400000
5	3	0.624000000000	0.374000000000	2	0.285500000000	0.284214000000	0.022387389200	0.022685873421	400000
5	3	0.624000000000	0.374000000000	3	0.317618000000	0.251582000000	0.018623128011	0.017834891627	72000
5	4	0.624000000000	0.500000000000	1	0.297252000000	0.280934000000	0.013054766291	0.011861886374	38000
5	4	0.624000000000	0.500000000000	2	0.300304000000	0.282620000000	0.013011875072	0.012393595169	46000
5	4	0.624000000000	0.500000000000	3	0.297998000000	0.279136000000	0.022712107693	0.022231053140	120000
5	5	0.624000000000	0.624000000000	1	0.294764000000	0.285364000000	0.019456486293	0.015697959419	158000
5	5	0.624000000000	0.624000000000	2	0.288244000000	0.290576000000	0.018021577102	0.013565996471	6000
5	5	0.624000000000	0.624000000000	3	0.284582000000	0.290838000000	0.010705694181	0.016958695509	148000
5	6	0.624000000000	0.750000000000	1	0.285908000000	0.297100000000	0.016769996087	0.017396915033	268000
5	6	0.624000000000	0.750000000000	2	0.314140000000	0.253514000000	0.015391468328	0.012069858553	212000
5	6	0.624000000000	0.750000000000	3	0.282612000000	0.291426000000	0.012590789649	0.015489688649	362000
5	7	0.624000000000	0.874000000000	1	0.298488000000	0.276976000000	0.016222485168	0.010391699159	50000
5	7	0.624000000000	0.874000000000	2	0.287960000000	0.294736000000	0.016191002086	0.015856283478	400000
5	7	0.624000000000	0.874000000000	3	0.287596000000	0.300592000000	0.024963412346	0.022119557202	48000
5	8	0.624000000000	1.000000000000	1	0.000000000000	1.000000000000	0.000000000000	0.000000000000	6000
5	8	0.624000000000	1.000000000000	2	0.000000000000	1.000000000000	0.000000000000	0.000000000000	6000
5	8	0.624000000000	1.000000000000	3	0.000000000000	1.000000000000	0.000000000000	0.000000000000	6000
