# scan initial plane
# b 1.08
# r 0
# e -0.4
# p12 0.1
# ndiv 12
# n_reps 5
# A:(0,1),	A':(0,0.375),	B:(1,0),	B'=(0.667,0),	C:(1,1),	D:(0,0),	E:(0.573,0.117) 
# columns: ix iy x1_0 x2_0 rep x1_inf x2_inf sigma_1 sigma_2 t_relax
4	0	0.333333333333	0.000000000000	1	0.409750000000	0.000000000000	0.033931794005	0.000000000000	4000
4	0	0.333333333333	0.000000000000	2	0.468100000000	0.000000000000	0.047230623995	0.000000000000	6000
4	0	0.333333333333	0.000000000000	3	0.458716666667	0.000000000000	0.050708118262	0.000000000000	30000
4	0	0.333333333333	0.000000000000	4	0.454183333333	0.000000000000	0.054936488238	0.000000000000	30000
4	0	0.333333333333	0.000000000000	5	0.466366666667	0.000000000000	0.049036076097	0.000000000000	4000
4	1	0.333333333333	0.075000000000	1	0.397733333333	0.000000000000	0.052666375235	0.000000000000	30000
4	1	0.333333333333	0.075000000000	2	0.401483333333	0.000000000000	0.041923894030	0.000000000000	6000
4	1	0.333333333333	0.075000000000	3	0.390016666667	0.000000000000	0.042060035028	0.000000000000	30000
4	1	0.333333333333	0.075000000000	4	0.418266666667	0.000000000000	0.046561156285	0.000000000000	22000
4	1	0.333333333333	0.075000000000	5	0.458983333333	0.000000000000	0.055315997522	0.000000000000	10000
4	2	0.333333333333	0.162500000000	1	0.387016666667	0.000000000000	0.054162101653	0.000000000000	16000
4	2	0.333333333333	0.162500000000	2	0.416233333333	0.000000000000	0.055838428993	0.000000000000	12000
4	2	0.333333333333	0.162500000000	3	0.418200000000	0.000000000000	0.059861962595	0.000000000000	8000
4	2	0.333333333333	0.162500000000	4	0.413666666667	0.000000000000	0.055809230650	0.000000000000	10000
4	2	0.333333333333	0.162500000000	5	0.459983333333	0.000000000000	0.036450049466	0.000000000000	30000
4	3	0.333333333333	0.250000000000	1	0.409266666667	0.000000000000	0.042042396681	0.000000000000	18000
4	3	0.333333333333	0.250000000000	2	0.444766666667	0.000000000000	0.048038502242	0.000000000000	8000
4	3	0.333333333333	0.250000000000	3	0.417250000000	0.000000000000	0.045225171636	0.000000000000	10000
4	3	0.333333333333	0.250000000000	4	0.440950000000	0.000000000000	0.045312319096	0.000000000000	12000
4	3	0.333333333333	0.250000000000	5	0.440750000000	0.000000000000	0.043937850441	0.000000000000	20000
4	4	0.333333333333	0.325000000000	1	0.485766666667	0.000000000000	0.048169368543	0.000000000000	14000
4	4	0.333333333333	0.325000000000	2	0.393233333333	0.000000000000	0.061916083364	0.000000000000	8000
4	4	0.333333333333	0.325000000000	3	0.435916666667	0.000000000000	0.044969913570	0.000000000000	8000
4	4	0.333333333333	0.325000000000	4	0.395850000000	0.000000000000	0.048412109471	0.000000000000	16000
4	4	0.333333333333	0.325000000000	5	0.455116666667	0.000000000000	0.039123242812	0.000000000000	24000
4	5	0.333333333333	0.412500000000	1	0.425666666667	0.000000000000	0.044980500972	0.000000000000	30000
4	5	0.333333333333	0.412500000000	2	0.430500000000	0.000000000000	0.053684974816	0.000000000000	10000
4	5	0.333333333333	0.412500000000	3	0.471150000000	0.000000000000	0.056843526142	0.000000000000	8000
4	5	0.333333333333	0.412500000000	4	0.430250000000	0.000000000000	0.050132665174	0.000000000000	16000
4	5	0.333333333333	0.412500000000	5	0.469700000000	0.000000000000	0.055462574844	0.000000000000	10000
4	6	0.333333333333	0.500000000000	1	0.410850000000	0.000000000000	0.044716382150	0.000000000000	12000
4	6	0.333333333333	0.500000000000	2	0.404933333333	0.000000000000	0.055746378984	0.000000000000	14000
4	6	0.333333333333	0.500000000000	3	0.453216666667	0.000000000000	0.046438473377	0.000000000000	30000
4	6	0.333333333333	0.500000000000	4	0.454216666667	0.000000000000	0.055538012746	0.000000000000	12000
4	6	0.333333333333	0.500000000000	5	0.447266666667	0.000000000000	0.044772016063	0.000000000000	12000
4	7	0.333333333333	0.575000000000	1	0.472616666667	0.000000000000	0.043173619972	0.000000000000	16000
4	7	0.333333333333	0.575000000000	2	0.386183333333	0.000000000000	0.052061706220	0.000000000000	12000
4	7	0.333333333333	0.575000000000	3	0.426200000000	0.000000000000	0.056990517019	0.000000000000	20000
4	7	0.333333333333	0.575000000000	4	0.408833333333	0.000000000000	0.038370997440	0.000000000000	12000
4	7	0.333333333333	0.575000000000	5	0.485633333333	0.000000000000	0.045651026697	0.000000000000	30000
4	8	0.333333333333	0.662500000000	1	0.405283333333	0.000000000000	0.044075391548	0.000000000000	16000
4	8	0.333333333333	0.662500000000	2	0.422900000000	0.000000000000	0.037189839947	0.000000000000	28000
4	8	0.333333333333	0.662500000000	3	0.503700000000	0.000000000000	0.040147362299	0.000000000000	16000
4	8	0.333333333333	0.662500000000	4	0.439750000000	0.000000000000	0.037571623663	0.000000000000	26000
4	8	0.333333333333	0.662500000000	5	0.467150000000	0.000000000000	0.047317542023	0.000000000000	30000
4	9	0.333333333333	0.750000000000	1	0.410250000000	0.000000000000	0.051796700435	0.000000000000	10000
4	9	0.333333333333	0.750000000000	2	0.414150000000	0.000000000000	0.051217517193	0.000000000000	6000
4	9	0.333333333333	0.750000000000	3	0.447200000000	0.000000000000	0.049341611188	0.000000000000	18000
4	9	0.333333333333	0.750000000000	4	0.405533333333	0.000000000000	0.050224100171	0.000000000000	8000
4	9	0.333333333333	0.750000000000	5	0.394033333333	0.000000000000	0.051433234390	0.000000000000	6000
4	10	0.333333333333	0.825000000000	1	0.452983333333	0.000000000000	0.040320975420	0.000000000000	12000
4	10	0.333333333333	0.825000000000	2	0.403666666667	0.000000000000	0.042960719281	0.000000000000	30000
4	10	0.333333333333	0.825000000000	3	0.421800000000	0.000000000000	0.080637295866	0.000000000000	30000
4	10	0.333333333333	0.825000000000	4	0.450216666667	0.000000000000	0.067785143350	0.000000000000	30000
4	10	0.333333333333	0.825000000000	5	0.453766666667	0.000000000000	0.036146413790	0.000000000000	30000
4	11	0.333333333333	0.912500000000	1	0.417050000000	0.000000000000	0.060982371904	0.000000000000	14000
4	11	0.333333333333	0.912500000000	2	0.399200000000	0.000000000000	0.070513189459	0.000000000000	14000
4	11	0.333333333333	0.912500000000	3	0.374883333333	0.000000000000	0.039726959195	0.000000000000	26000
4	11	0.333333333333	0.912500000000	4	0.406533333333	0.000000000000	0.062003978762	0.000000000000	16000
4	11	0.333333333333	0.912500000000	5	0.448600000000	0.000000000000	0.059309938289	0.000000000000	18000
4	12	0.333333333333	1.000000000000	1	0.000000000000	1.000000000000	0.000000000000	0.000000000000	6000
4	12	0.333333333333	1.000000000000	2	0.000000000000	1.000000000000	0.000000000000	0.000000000000	6000
4	12	0.333333333333	1.000000000000	3	0.000000000000	1.000000000000	0.000000000000	0.000000000000	6000
4	12	0.333333333333	1.000000000000	4	0.000000000000	1.000000000000	0.000000000000	0.000000000000	8000
4	12	0.333333333333	1.000000000000	5	0.000000000000	1.000000000000	0.000000000000	0.000000000000	6000
5	0	0.416666666667	0.000000000000	1	0.492316666667	0.000000000000	0.045947068215	0.000000000000	30000
5	0	0.416666666667	0.000000000000	2	0.425800000000	0.000000000000	0.042012068537	0.000000000000	16000
5	0	0.416666666667	0.000000000000	3	0.356116666667	0.000000000000	0.050737829900	0.000000000000	8000
5	0	0.416666666667	0.000000000000	4	0.455833333333	0.000000000000	0.051787909237	0.000000000000	12000
5	0	0.416666666667	0.000000000000	5	0.439950000000	0.000000000000	0.042700360898	0.000000000000	8000
5	1	0.416666666667	0.075000000000	1	0.465050000000	0.000000000000	0.047626313796	0.000000000000	12000
5	1	0.416666666667	0.075000000000	2	0.408933333333	0.000000000000	0.044956707508	0.000000000000	10000
5	1	0.416666666667	0.075000000000	3	0.417100000000	0.000000000000	0.042491253426	0.000000000000	30000
5	1	0.416666666667	0.075000000000	4	0.445100000000	0.000000000000	0.053055782222	0.000000000000	10000
5	1	0.416666666667	0.075000000000	5	0.422366666667	0.000000000000	0.051018532598	0.000000000000	30000
5	2	0.416666666667	0.162500000000	1	0.470950000000	0.000000000000	0.058440963198	0.000000000000	24000
5	2	0.416666666667	0.162500000000	2	0.433350000000	0.000000000000	0.045210487222	0.000000000000	12000
5	2	0.416666666667	0.162500000000	3	0.399200000000	0.000000000000	0.066377618294	0.000000000000	30000
5	2	0.416666666667	0.162500000000	4	0.426166666667	0.000000000000	0.071568808265	0.000000000000	10000
5	2	0.416666666667	0.162500000000	5	0.436033333333	0.000000000000	0.048379811510	0.000000000000	10000
5	3	0.416666666667	0.250000000000	1	0.399383333333	0.000000000000	0.049694962637	0.000000000000	30000
5	3	0.416666666667	0.250000000000	2	0.393916666667	0.000000000000	0.053427133793	0.000000000000	30000
5	3	0.416666666667	0.250000000000	3	0.405916666667	0.000000000000	0.043428628438	0.000000000000	8000
5	3	0.416666666667	0.250000000000	4	0.464250000000	0.000000000000	0.041920232788	0.000000000000	30000
5	3	0.416666666667	0.250000000000	5	0.463933333333	0.000000000000	0.065647667765	0.000000000000	30000
5	4	0.416666666667	0.325000000000	1	0.420916666667	0.000000000000	0.047469543122	0.000000000000	30000
5	4	0.416666666667	0.325000000000	2	0.445283333333	0.000000000000	0.046680818556	0.000000000000	10000
5	4	0.416666666667	0.325000000000	3	0.442783333333	0.000000000000	0.052028988331	0.000000000000	10000
5	4	0.416666666667	0.325000000000	4	0.410616666667	0.000000000000	0.044791037836	0.000000000000	14000
5	4	0.416666666667	0.325000000000	5	0.462383333333	0.000000000000	0.050585909224	0.000000000000	12000
5	5	0.416666666667	0.412500000000	1	0.423266666667	0.000000000000	0.065320884325	0.000000000000	10000
5	5	0.416666666667	0.412500000000	2	0.433833333333	0.000000000000	0.051062288994	0.000000000000	30000
5	5	0.416666666667	0.412500000000	3	0.454783333333	0.000000000000	0.050519025071	0.000000000000	8000
5	5	0.416666666667	0.412500000000	4	0.432183333333	0.000000000000	0.035334645155	0.000000000000	8000
5	5	0.416666666667	0.412500000000	5	0.380083333333	0.000000000000	0.044158788590	0.000000000000	12000
5	6	0.416666666667	0.500000000000	1	0.433183333333	0.000000000000	0.049067942088	0.000000000000	30000
5	6	0.416666666667	0.500000000000	2	0.439033333333	0.000000000000	0.048526949882	0.000000000000	8000
5	6	0.416666666667	0.500000000000	3	0.426366666667	0.000000000000	0.044121940512	0.000000000000	20000
5	6	0.416666666667	0.500000000000	4	0.405466666667	0.000000000000	0.048058791341	0.000000000000	6000
5	6	0.416666666667	0.500000000000	5	0.419216666667	0.000000000000	0.050713930395	0.000000000000	18000
5	7	0.416666666667	0.575000000000	1	0.435383333333	0.000000000000	0.054279312300	0.000000000000	6000
5	7	0.416666666667	0.575000000000	2	0.453850000000	0.000000000000	0.054513854858	0.000000000000	14000
5	7	0.416666666667	0.575000000000	3	0.437466666667	0.000000000000	0.047430049648	0.000000000000	12000
5	7	0.416666666667	0.575000000000	4	0.409650000000	0.000000000000	0.052147090439	0.000000000000	14000
5	7	0.416666666667	0.575000000000	5	0.450200000000	0.000000000000	0.062240130413	0.000000000000	22000
5	8	0.416666666667	0.662500000000	1	0.425166666667	0.000000000000	0.055964212710	0.000000000000	8000
5	8	0.416666666667	0.662500000000	2	0.407833333333	0.000000000000	0.050849473963	0.000000000000	8000
5	8	0.416666666667	0.662500000000	3	0.393766666667	0.000000000000	0.047855013578	0.000000000000	14000
5	8	0.416666666667	0.662500000000	4	0.459600000000	0.000000000000	0.046217823384	0.000000000000	16000
5	8	0.416666666667	0.662500000000	5	0.456700000000	0.000000000000	0.050391626116	0.000000000000	12000
5	9	0.416666666667	0.750000000000	1	0.446366666667	0.000000000000	0.046380731812	0.000000000000	12000
5	9	0.416666666667	0.750000000000	2	0.499400000000	0.000000000000	0.058829233009	0.000000000000	28000
5	9	0.416666666667	0.750000000000	3	0.418833333333	0.000000000000	0.059763324776	0.000000000000	30000
5	9	0.416666666667	0.750000000000	4	0.454250000000	0.000000000000	0.036280978004	0.000000000000	24000
5	9	0.416666666667	0.750000000000	5	0.438216666667	0.000000000000	0.054195440370	0.000000000000	30000
5	10	0.416666666667	0.825000000000	1	0.416050000000	0.000000000000	0.054864650296	0.000000000000	30000
5	10	0.416666666667	0.825000000000	2	0.472866666667	0.000000000000	0.058041517094	0.000000000000	14000
5	10	0.416666666667	0.825000000000	3	0.436500000000	0.000000000000	0.035136022764	0.000000000000	30000
5	10	0.416666666667	0.825000000000	4	0.421583333333	0.000000000000	0.055254376312	0.000000000000	12000
5	10	0.416666666667	0.825000000000	5	0.457516666667	0.000000000000	0.052242555090	0.000000000000	6000
5	11	0.416666666667	0.912500000000	1	0.404433333333	0.000000000000	0.054364724786	0.000000000000	30000
5	11	0.416666666667	0.912500000000	2	0.406383333333	0.000000000000	0.045776798025	0.000000000000	30000
5	11	0.416666666667	0.912500000000	3	0.431016666667	0.000000000000	0.043167591327	0.000000000000	20000
5	11	0.416666666667	0.912500000000	4	0.451266666667	0.000000000000	0.040784706462	0.000000000000	18000
5	11	0.416666666667	0.912500000000	5	0.445800000000	0.000000000000	0.047500346837	0.000000000000	30000
5	12	0.416666666667	1.000000000000	1	0.000000000000	1.000000000000	0.000000000000	0.000000000000	6000
5	12	0.416666666667	1.000000000000	2	0.000000000000	1.000000000000	0.000000000000	0.000000000000	10000
5	12	0.416666666667	1.000000000000	3	0.000000000000	1.000000000000	0.000000000000	0.000000000000	6000
5	12	0.416666666667	1.000000000000	4	0.000000000000	1.000000000000	0.000000000000	0.000000000000	6000
5	12	0.416666666667	1.000000000000	5	0.000000000000	1.000000000000	0.000000000000	0.000000000000	6000
