# scan initial plane
# b 1.12
# r 0
# e -0.4
# p12 0.1
# ndiv 12
# n_reps 5
# A:(0,1),	A':(0,0.167),	B:(1,0),	B'=(0.667,0),	C:(1,1),	D:(0,0),	E:(0.643,0.027) 
# columns: ix iy x1_0 x2_0 rep x1_inf x2_inf sigma_1 sigma_2 t_relax
12	0	1.000000000000	0.000000000000	1	1.000000000000	0.000000000000	0.000000000000	0.000000000000	4000
12	0	1.000000000000	0.000000000000	2	1.000000000000	0.000000000000	0.000000000000	0.000000000000	4000
12	0	1.000000000000	0.000000000000	3	1.000000000000	0.000000000000	0.000000000000	0.000000000000	4000
12	0	1.000000000000	0.000000000000	4	1.000000000000	0.000000000000	0.000000000000	0.000000000000	4000
12	0	1.000000000000	0.000000000000	5	1.000000000000	0.000000000000	0.000000000000	0.000000000000	4000
12	1	1.000000000000	0.080000000000	1	1.000000000000	0.000000000000	0.000000000000	0.000000000000	6000
12	1	1.000000000000	0.080000000000	2	1.000000000000	0.000000000000	0.000000000000	0.000000000000	6000
12	1	1.000000000000	0.080000000000	3	1.000000000000	0.000000000000	0.000000000000	0.000000000000	6000
12	1	1.000000000000	0.080000000000	4	1.000000000000	0.000000000000	0.000000000000	0.000000000000	6000
12	1	1.000000000000	0.080000000000	5	1.000000000000	0.000000000000	0.000000000000	0.000000000000	6000
12	2	1.000000000000	0.160000000000	1	1.000000000000	0.000000000000	0.000000000000	0.000000000000	6000
12	2	1.000000000000	0.160000000000	2	1.000000000000	0.000000000000	0.000000000000	0.000000000000	6000
12	2	1.000000000000	0.160000000000	3	1.000000000000	0.000000000000	0.000000000000	0.000000000000	6000
12	2	1.000000000000	0.160000000000	4	1.000000000000	0.000000000000	0.000000000000	0.000000000000	6000
12	2	1.000000000000	0.160000000000	5	1.000000000000	0.000000000000	0.000000000000	0.000000000000	6000
12	3	1.000000000000	0.250000000000	1	1.000000000000	0.000000000000	0.000000000000	0.000000000000	6000
12	3	1.000000000000	0.250000000000	2	1.000000000000	0.000000000000	0.000000000000	0.000000000000	6000
12	3	1.000000000000	0.250000000000	3	1.000000000000	0.000000000000	0.000000000000	0.000000000000	6000
12	3	1.000000000000	0.250000000000	4	1.000000000000	0.000000000000	0.000000000000	0.000000000000	6000
12	3	1.000000000000	0.250000000000	5	1.000000000000	0.000000000000	0.000000000000	0.000000000000	6000
12	4	1.000000000000	0.330000000000	1	1.000000000000	0.000000000000	0.000000000000	0.000000000000	6000
12	4	1.000000000000	0.330000000000	2	1.000000000000	0.000000000000	0.000000000000	0.000000000000	6000
12	4	1.000000000000	0.330000000000	3	1.000000000000	0.000000000000	0.000000000000	0.000000000000	6000
12	4	1.000000000000	0.330000000000	4	1.000000000000	0.000000000000	0.000000000000	0.000000000000	8000
12	4	1.000000000000	0.330000000000	5	1.000000000000	0.000000000000	0.000000000000	0.000000000000	10000
12	5	1.000000000000	0.410000000000	1	1.000000000000	0.000000000000	0.000000000000	0.000000000000	6000
12	5	1.000000000000	0.410000000000	2	1.000000000000	0.000000000000	0.000000000000	0.000000000000	6000
12	5	1.000000000000	0.410000000000	3	1.000000000000	0.000000000000	0.000000000000	0.000000000000	6000
12	5	1.000000000000	0.410000000000	4	1.000000000000	0.000000000000	0.000000000000	0.000000000000	6000
12	5	1.000000000000	0.410000000000	5	1.000000000000	0.037980000000	0.000000000000	0.014308190812	6000
12	6	1.000000000000	0.500000000000	1	1.000000000000	0.000000000000	0.000000000000	0.000000000000	6000
12	6	1.000000000000	0.500000000000	2	1.000000000000	0.000000000000	0.000000000000	0.000000000000	6000
12	6	1.000000000000	0.500000000000	3	1.000000000000	0.000000000000	0.000000000000	0.000000000000	10000
12	6	1.000000000000	0.500000000000	4	1.000000000000	0.000000000000	0.000000000000	0.000000000000	8000
12	6	1.000000000000	0.500000000000	5	1.000000000000	0.000000000000	0.000000000000	0.000000000000	16000
12	7	1.000000000000	0.580000000000	1	1.000000000000	0.033260000000	0.000000000000	0.014483859368	16000
12	7	1.000000000000	0.580000000000	2	1.000000000000	0.000000000000	0.000000000000	0.000000000000	6000
12	7	1.000000000000	0.580000000000	3	1.000000000000	0.031540000000	0.000000000000	0.017144162923	8000
12	7	1.000000000000	0.580000000000	4	1.000000000000	0.030960000000	0.000000000000	0.014556451844	8000
12	7	1.000000000000	0.580000000000	5	1.000000000000	0.000000000000	0.000000000000	0.000000000000	8000
12	8	1.000000000000	0.660000000000	1	1.000000000000	0.000000000000	0.000000000000	0.000000000000	10000
12	8	1.000000000000	0.660000000000	2	1.000000000000	0.000000000000	0.000000000000	0.000000000000	20000
12	8	1.000000000000	0.660000000000	3	1.000000000000	0.000000000000	0.000000000000	0.000000000000	6000
12	8	1.000000000000	0.660000000000	4	1.000000000000	0.000000000000	0.000000000000	0.000000000000	10000
12	8	1.000000000000	0.660000000000	5	1.000000000000	0.000000000000	0.000000000000	0.000000000000	6000
12	9	1.000000000000	0.750000000000	1	1.000000000000	0.000000000000	0.000000000000	0.000000000000	6000
12	9	1.000000000000	0.750000000000	2	1.000000000000	0.000000000000	0.000000000000	0.000000000000	8000
12	9	1.000000000000	0.750000000000	3	1.000000000000	0.003300000000	0.000000000000	0.006012166510	14000
12	9	1.000000000000	0.750000000000	4	1.000000000000	0.000000000000	0.000000000000	0.000000000000	6000
12	9	1.000000000000	0.750000000000	5	1.000000000000	0.000000000000	0.000000000000	0.000000000000	6000
12	10	1.000000000000	0.830000000000	1	1.000000000000	0.000000000000	0.000000000000	0.000000000000	6000
12	10	1.000000000000	0.830000000000	2	1.000000000000	0.027350000000	0.000000000000	0.011009028054	14000
12	10	1.000000000000	0.830000000000	3	1.000000000000	0.000000000000	0.000000000000	0.000000000000	6000
12	10	1.000000000000	0.830000000000	4	1.000000000000	0.040230000000	0.000000000000	0.015384530665	22000
12	10	1.000000000000	0.830000000000	5	1.000000000000	0.048420000000	0.000000000000	0.021990615889	8000
12	11	1.000000000000	0.910000000000	1	1.000000000000	0.000000000000	0.000000000000	0.000000000000	8000
12	11	1.000000000000	0.910000000000	2	1.000000000000	0.000000000000	0.000000000000	0.000000000000	6000
12	11	1.000000000000	0.910000000000	3	1.000000000000	0.000000000000	0.000000000000	0.000000000000	12000
12	11	1.000000000000	0.910000000000	4	1.000000000000	0.000000000000	0.000000000000	0.000000000000	8000
12	11	1.000000000000	0.910000000000	5	1.000000000000	0.000000000000	0.000000000000	0.000000000000	22000
12	12	1.000000000000	1.000000000000	1	1.000000000000	1.000000000000	0.000000000000	0.000000000000	4000
12	12	1.000000000000	1.000000000000	2	1.000000000000	1.000000000000	0.000000000000	0.000000000000	4000
12	12	1.000000000000	1.000000000000	3	1.000000000000	1.000000000000	0.000000000000	0.000000000000	4000
12	12	1.000000000000	1.000000000000	4	1.000000000000	1.000000000000	0.000000000000	0.000000000000	4000
12	12	1.000000000000	1.000000000000	5	1.000000000000	1.000000000000	0.000000000000	0.000000000000	4000
