# scan initial plane
# b 1.174
# r 0
# e -0.4
# N1 75
# N2 75
# P11 0.9
# p12 0.1
# P22 0.9
# T_MCS 1000
# T_MAX 30000
# W 2000
# UPDATE_RULE 0
# FERMI_BETA 1
# DEGREE_ALPHA 0.5
# DEGREE_FACTOR_MIN 0.5
# DEGREE_FACTOR_MAX 2
# ndiv 10
# n_reps 5
# A:(0,1),	A':(0,0.230),	B:(1,0),	B'=(0.230,0),	C:(1,1),	D:(0,0),	E:(0.173,0.173) 
# columns: ix iy x1_0 x2_0 rep x1_inf x2_inf sigma_1 sigma_2 t_relax
0	0	0.000000000000	0.000000000000	1	0.000000000000	0.000000000000	0.000000000000	0.000000000000	4000
0	0	0.000000000000	0.000000000000	2	0.000000000000	0.000000000000	0.000000000000	0.000000000000	4000
0	0	0.000000000000	0.000000000000	3	0.000000000000	0.000000000000	0.000000000000	0.000000000000	4000
0	0	0.000000000000	0.000000000000	4	0.000000000000	0.000000000000	0.000000000000	0.000000000000	4000
0	0	0.000000000000	0.000000000000	5	0.000000000000	0.000000000000	0.000000000000	0.000000000000	4000
0	1	0.000000000000	0.093333333333	1	0.000000000000	0.147573333333	0.000000000000	0.020766647627	8000
0	1	0.000000000000	0.093333333333	2	0.000000000000	0.147746666667	0.000000000000	0.030914404596	14000
0	1	0.000000000000	0.093333333333	3	0.000000000000	0.141853333333	0.000000000000	0.021246566126	14000
0	1	0.000000000000	0.093333333333	4	0.000000000000	0.142146666667	0.000000000000	0.025219592583	4000
0	1	0.000000000000	0.093333333333	5	0.000000000000	0.150400000000	0.000000000000	0.024136194589	6000
0	2	0.000000000000	0.200000000000	1	0.000000000000	0.155826666667	0.000000000000	0.026239593167	14000
0	2	0.000000000000	0.200000000000	2	0.000000000000	0.148786666667	0.000000000000	0.027764261777	16000
0	2	0.000000000000	0.200000000000	3	0.000000000000	0.159746666667	0.000000000000	0.027046474418	10000
0	2	0.000000000000	0.200000000000	4	0.000000000000	0.133866666667	0.000000000000	0.021211866410	30000
0	2	0.000000000000	0.200000000000	5	0.000000000000	0.152440000000	0.000000000000	0.023846582647	4000
0	3	0.000000000000	0.293333333333	1	0.000000000000	0.142320000000	0.000000000000	0.031775331881	10000
0	3	0.000000000000	0.293333333333	2	0.000000000000	0.137133333333	0.000000000000	0.026336883058	8000
0	3	0.000000000000	0.293333333333	3	0.000000000000	0.167680000000	0.000000000000	0.024300143742	24000
0	3	0.000000000000	0.293333333333	4	0.000000000000	0.130053333333	0.000000000000	0.027467080022	16000
0	3	0.000000000000	0.293333333333	5	0.000000000000	0.143786666667	0.000000000000	0.025364762830	12000
0	4	0.000000000000	0.400000000000	1	0.000000000000	0.156026666667	0.000000000000	0.030968343953	20000
0	4	0.000000000000	0.400000000000	2	0.000000000000	0.155826666667	0.000000000000	0.023430726717	30000
0	4	0.000000000000	0.400000000000	3	0.000000000000	0.163306666667	0.000000000000	0.029663132210	10000
0	4	0.000000000000	0.400000000000	4	0.000000000000	0.153560000000	0.000000000000	0.026652351847	8000
0	4	0.000000000000	0.400000000000	5	0.000000000000	0.152906666667	0.000000000000	0.032803872479	14000
0	5	0.000000000000	0.493333333333	1	0.000000000000	0.127986666667	0.000000000000	0.020398429306	6000
0	5	0.000000000000	0.493333333333	2	0.000000000000	0.156133333333	0.000000000000	0.024834990976	6000
0	5	0.000000000000	0.493333333333	3	0.000000000000	0.133720000000	0.000000000000	0.027630750835	30000
0	5	0.000000000000	0.493333333333	4	0.000000000000	0.156613333333	0.000000000000	0.036341376267	4000
0	5	0.000000000000	0.493333333333	5	0.000000000000	0.134733333333	0.000000000000	0.018339353518	8000
0	6	0.000000000000	0.600000000000	1	0.000000000000	0.124240000000	0.000000000000	0.024015254856	16000
0	6	0.000000000000	0.600000000000	2	0.000000000000	0.131386666667	0.000000000000	0.021620209942	30000
0	6	0.000000000000	0.600000000000	3	0.000000000000	0.146346666667	0.000000000000	0.032412160498	14000
0	6	0.000000000000	0.600000000000	4	0.000000000000	0.151266666667	0.000000000000	0.023878143171	18000
0	6	0.000000000000	0.600000000000	5	0.000000000000	0.140453333333	0.000000000000	0.016952013111	24000
0	7	0.000000000000	0.693333333333	1	0.000000000000	0.114480000000	0.000000000000	0.029283070353	6000
0	7	0.000000000000	0.693333333333	2	0.000000000000	0.137693333333	0.000000000000	0.022639018251	8000
0	7	0.000000000000	0.693333333333	3	0.000000000000	0.135320000000	0.000000000000	0.034059619165	8000
0	7	0.000000000000	0.693333333333	4	0.000000000000	0.136906666667	0.000000000000	0.031866074996	20000
0	7	0.000000000000	0.693333333333	5	0.000000000000	0.163053333333	0.000000000000	0.024102841978	30000
0	8	0.000000000000	0.800000000000	1	0.000000000000	0.135906666667	0.000000000000	0.030425012979	20000
0	8	0.000000000000	0.800000000000	2	0.000000000000	0.145680000000	0.000000000000	0.029258508626	30000
0	8	0.000000000000	0.800000000000	3	0.000000000000	0.144493333333	0.000000000000	0.020503856746	30000
0	8	0.000000000000	0.800000000000	4	0.000000000000	0.158893333333	0.000000000000	0.023930760613	16000
0	8	0.000000000000	0.800000000000	5	0.000000000000	0.148160000000	0.000000000000	0.021491306993	30000
0	9	0.000000000000	0.893333333333	1	0.000000000000	0.141386666667	0.000000000000	0.024464216228	12000
0	9	0.000000000000	0.893333333333	2	0.000000000000	0.130640000000	0.000000000000	0.021415573879	6000
0	9	0.000000000000	0.893333333333	3	0.000000000000	0.144866666667	0.000000000000	0.027204371995	30000
0	9	0.000000000000	0.893333333333	4	0.000000000000	0.136640000000	0.000000000000	0.020993014605	30000
0	9	0.000000000000	0.893333333333	5	0.000000000000	0.154440000000	0.000000000000	0.024141764234	18000
0	10	0.000000000000	1.000000000000	1	0.000000000000	1.000000000000	0.000000000000	0.000000000000	4000
0	10	0.000000000000	1.000000000000	2	0.000000000000	1.000000000000	0.000000000000	0.000000000000	4000
0	10	0.000000000000	1.000000000000	3	0.000000000000	1.000000000000	0.000000000000	0.000000000000	4000
0	10	0.000000000000	1.000000000000	4	0.000000000000	1.000000000000	0.000000000000	0.000000000000	4000
0	10	0.000000000000	1.000000000000	5	0.000000000000	1.000000000000	0.000000000000	0.000000000000	4000
1	0	0.093333333333	0.000000000000	1	0.131760000000	0.000000000000	0.023457464753	0.000000000000	12000
1	0	0.093333333333	0.000000000000	2	0.127320000000	0.000000000000	0.023659614903	0.000000000000	4000
1	0	0.093333333333	0.000000000000	3	0.118533333333	0.000000000000	0.021805502158	0.000000000000	6000
1	0	0.093333333333	0.000000000000	4	0.140306666667	0.000000000000	0.024754502775	0.000000000000	30000
1	0	0.093333333333	0.000000000000	5	0.135000000000	0.000000000000	0.030569793752	0.000000000000	24000
1	1	0.093333333333	0.093333333333	1	0.000000000000	0.136053333333	0.000000000000	0.020294282504	10000
1	1	0.093333333333	0.093333333333	2	0.000000000000	0.151106666667	0.000000000000	0.024160185409	28000
1	1	0.093333333333	0.093333333333	3	0.128506666667	0.000000000000	0.026462199102	0.000000000000	22000
1	1	0.093333333333	0.093333333333	4	0.151640000000	0.000000000000	0.026997846732	0.000000000000	16000
1	1	0.093333333333	0.093333333333	5	0.000000000000	0.144680000000	0.000000000000	0.021104204128	30000
1	2	0.093333333333	0.200000000000	1	0.000000000000	0.144733333333	0.000000000000	0.019034532422	16000
1	2	0.093333333333	0.200000000000	2	0.142546666667	0.000000000000	0.024761863035	0.000000000000	14000
1	2	0.093333333333	0.200000000000	3	0.144853333333	0.000000000000	0.018181129965	0.000000000000	26000
1	2	0.093333333333	0.200000000000	4	0.000000000000	0.152946666667	0.000000000000	0.028258019591	30000
1	2	0.093333333333	0.200000000000	5	0.147266666667	0.000000000000	0.029634559149	0.000000000000	16000
1	3	0.093333333333	0.293333333333	1	0.141733333333	0.000000000000	0.027762277958	0.000000000000	20000
1	3	0.093333333333	0.293333333333	2	0.143013333333	0.000000000000	0.029622393511	0.000000000000	16000
1	3	0.093333333333	0.293333333333	3	0.121773333333	0.000000000000	0.021704934251	0.000000000000	30000
1	3	0.093333333333	0.293333333333	4	0.000000000000	0.134453333333	0.000000000000	0.031395650055	30000
1	3	0.093333333333	0.293333333333	5	0.000000000000	0.139506666667	0.000000000000	0.032748641807	26000
1	4	0.093333333333	0.400000000000	1	0.132826666667	0.000000000000	0.029854668928	0.000000000000	30000
1	4	0.093333333333	0.400000000000	2	0.000000000000	0.167000000000	0.000000000000	0.025518753150	20000
1	4	0.093333333333	0.400000000000	3	0.000000000000	0.135013333333	0.000000000000	0.029037498720	22000
1	4	0.093333333333	0.400000000000	4	0.145320000000	0.000000000000	0.020128821031	0.000000000000	22000
1	4	0.093333333333	0.400000000000	5	0.124000000000	0.000000000000	0.024496259580	0.000000000000	30000
1	5	0.093333333333	0.493333333333	1	0.138466666667	0.000000000000	0.024074089474	0.000000000000	30000
1	5	0.093333333333	0.493333333333	2	0.000000000000	0.149346666667	0.000000000000	0.021421402299	18000
1	5	0.093333333333	0.493333333333	3	0.000000000000	0.133093333333	0.000000000000	0.025755801616	30000
1	5	0.093333333333	0.493333333333	4	0.000000000000	0.145666666667	0.000000000000	0.023241393775	30000
1	5	0.093333333333	0.493333333333	5	0.000000000000	0.134506666667	0.000000000000	0.029282012921	24000
1	6	0.093333333333	0.600000000000	1	0.000000000000	0.152800000000	0.000000000000	0.028261926939	30000
1	6	0.093333333333	0.600000000000	2	0.160160000000	0.000000000000	0.024698312267	0.000000000000	20000
1	6	0.093333333333	0.600000000000	3	0.000000000000	0.139013333333	0.000000000000	0.029836685939	20000
1	6	0.093333333333	0.600000000000	4	0.146306666667	0.000000000000	0.022959815083	0.000000000000	14000
1	6	0.093333333333	0.600000000000	5	0.000000000000	0.135586666667	0.000000000000	0.028002697806	30000
1	7	0.093333333333	0.693333333333	1	0.000000000000	0.148666666667	0.000000000000	0.025982206894	30000
1	7	0.093333333333	0.693333333333	2	0.136453333333	0.000000000000	0.024573303095	0.000000000000	20000
1	7	0.093333333333	0.693333333333	3	0.000000000000	0.132933333333	0.000000000000	0.027845483053	30000
1	7	0.093333333333	0.693333333333	4	0.000000000000	0.140786666667	0.000000000000	0.024454521537	10000
1	7	0.093333333333	0.693333333333	5	0.000000000000	0.149893333333	0.000000000000	0.019584999219	14000
1	8	0.093333333333	0.800000000000	1	0.147653333333	0.000000000000	0.033340737249	0.000000000000	30000
1	8	0.093333333333	0.800000000000	2	0.130320000000	0.000000000000	0.023543971314	0.000000000000	30000
1	8	0.093333333333	0.800000000000	3	0.000000000000	0.162973333333	0.000000000000	0.027737174729	16000
1	8	0.093333333333	0.800000000000	4	0.125826666667	0.000000000000	0.025113355733	0.000000000000	30000
1	8	0.093333333333	0.800000000000	5	0.000000000000	0.147400000000	0.000000000000	0.023532823753	22000
1	9	0.093333333333	0.893333333333	1	0.000000000000	0.136680000000	0.000000000000	0.025233419042	30000
1	9	0.093333333333	0.893333333333	2	0.000000000000	0.137906666667	0.000000000000	0.019756502374	24000
1	9	0.093333333333	0.893333333333	3	0.000000000000	0.149320000000	0.000000000000	0.027434390851	8000
1	9	0.093333333333	0.893333333333	4	0.142520000000	0.000000000000	0.028008543749	0.000000000000	18000
1	9	0.093333333333	0.893333333333	5	0.000000000000	0.138906666667	0.000000000000	0.021055565724	30000
1	10	0.093333333333	1.000000000000	1	0.000000000000	1.000000000000	0.000000000000	0.000000000000	6000
1	10	0.093333333333	1.000000000000	2	0.000000000000	1.000000000000	0.000000000000	0.000000000000	6000
1	10	0.093333333333	1.000000000000	3	0.000000000000	1.000000000000	0.000000000000	0.000000000000	6000
1	10	0.093333333333	1.000000000000	4	0.000000000000	1.000000000000	0.000000000000	0.000000000000	6000
1	10	0.093333333333	1.000000000000	5	0.000000000000	1.000000000000	0.000000000000	0.000000000000	6000
