# scan initial plane
# b 1.174
# r 0
# e -0.4
# N1 75
# N2 75
# P11 0.9
# p12 0.1
# P22 0.9
# T_MCS 1000
# T_MAX 30000
# W 2000
# UPDATE_RULE 0
# FERMI_BETA 1
# DEGREE_ALPHA 0.5
# DEGREE_FACTOR_MIN 0.5
# DEGREE_FACTOR_MAX 2
# ndiv 10
# n_reps 5
# A:(0,1),	A':(0,0.230),	B:(1,0),	B'=(0.230,0),	C:(1,1),	D:(0,0),	E:(0.173,0.173) 
# columns: ix iy x1_0 x2_0 rep x1_inf x2_inf sigma_1 sigma_2 t_relax
8	0	0.800000000000	0.000000000000	1	0.130826666667	0.000000000000	0.028306773946	0.000000000000	18000
8	0	0.800000000000	0.000000000000	2	0.138600000000	0.000000000000	0.026616485985	0.000000000000	20000
8	0	0.800000000000	0.000000000000	3	0.145813333333	0.000000000000	0.019704880786	0.000000000000	10000
8	0	0.800000000000	0.000000000000	4	0.136706666667	0.000000000000	0.027889835238	0.000000000000	16000
8	0	0.800000000000	0.000000000000	5	0.138200000000	0.000000000000	0.032203819259	0.000000000000	30000
8	1	0.800000000000	0.093333333333	1	0.000000000000	0.152266666667	0.000000000000	0.027616065823	18000
8	1	0.800000000000	0.093333333333	2	0.000000000000	0.155586666667	0.000000000000	0.028665305583	10000
8	1	0.800000000000	0.093333333333	3	0.140133333333	0.000000000000	0.026586131308	0.000000000000	30000
8	1	0.800000000000	0.093333333333	4	0.132320000000	0.000000000000	0.029548108073	0.000000000000	6000
8	1	0.800000000000	0.093333333333	5	0.147000000000	0.000000000000	0.020598864097	0.000000000000	8000
8	2	0.800000000000	0.200000000000	1	0.128733333333	0.000000000000	0.023388704024	0.000000000000	22000
8	2	0.800000000000	0.200000000000	2	0.127746666667	0.000000000000	0.023898495170	0.000000000000	26000
8	2	0.800000000000	0.200000000000	3	0.000000000000	0.131946666667	0.000000000000	0.018354916164	30000
8	2	0.800000000000	0.200000000000	4	0.000000000000	0.139480000000	0.000000000000	0.030828053097	30000
8	2	0.800000000000	0.200000000000	5	0.000000000000	0.140186666667	0.000000000000	0.019504729655	30000
8	3	0.800000000000	0.293333333333	1	0.128973333333	0.000000000000	0.031308031159	0.000000000000	8000
8	3	0.800000000000	0.293333333333	2	0.000000000000	0.133133333333	0.000000000000	0.023177754840	16000
8	3	0.800000000000	0.293333333333	3	0.136306666667	0.000000000000	0.020068932481	0.000000000000	20000
8	3	0.800000000000	0.293333333333	4	0.000000000000	0.135480000000	0.000000000000	0.035867200282	20000
8	3	0.800000000000	0.293333333333	5	0.000000000000	0.151613333333	0.000000000000	0.027094857203	20000
8	4	0.800000000000	0.400000000000	1	0.000000000000	0.130053333333	0.000000000000	0.020988724854	30000
8	4	0.800000000000	0.400000000000	2	0.000000000000	0.145600000000	0.000000000000	0.029304320290	16000
8	4	0.800000000000	0.400000000000	3	0.000000000000	0.151506666667	0.000000000000	0.021729189326	20000
8	4	0.800000000000	0.400000000000	4	0.097866666667	0.115360000000	0.033174529964	0.025718533280	30000
8	4	0.800000000000	0.400000000000	5	0.000000000000	0.148600000000	0.000000000000	0.020222211222	20000
8	5	0.800000000000	0.493333333333	1	0.000000000000	0.149280000000	0.000000000000	0.032203291529	30000
8	5	0.800000000000	0.493333333333	2	0.158346666667	0.000000000000	0.026360011912	0.000000000000	16000
8	5	0.800000000000	0.493333333333	3	0.000000000000	0.143333333333	0.000000000000	0.017329174830	14000
8	5	0.800000000000	0.493333333333	4	0.128320000000	0.000000000000	0.028180658745	0.000000000000	6000
8	5	0.800000000000	0.493333333333	5	0.000000000000	0.164066666667	0.000000000000	0.027886593671	26000
8	6	0.800000000000	0.600000000000	1	0.000000000000	0.133426666667	0.000000000000	0.027781024035	30000
8	6	0.800000000000	0.600000000000	2	0.094280000000	0.089280000000	0.031239429354	0.021225218201	30000
8	6	0.800000000000	0.600000000000	3	0.000000000000	0.138626666667	0.000000000000	0.035853086950	30000
8	6	0.800000000000	0.600000000000	4	0.000000000000	0.155466666667	0.000000000000	0.023443516958	10000
8	6	0.800000000000	0.600000000000	5	0.000000000000	0.145853333333	0.000000000000	0.022862756592	26000
8	7	0.800000000000	0.693333333333	1	0.135040000000	0.000000000000	0.025630923376	0.000000000000	18000
8	7	0.800000000000	0.693333333333	2	0.139093333333	0.000000000000	0.025518756637	0.000000000000	30000
8	7	0.800000000000	0.693333333333	3	0.000000000000	0.143986666667	0.000000000000	0.022906769695	24000
8	7	0.800000000000	0.693333333333	4	0.000000000000	0.151906666667	0.000000000000	0.018225351913	14000
8	7	0.800000000000	0.693333333333	5	0.000000000000	0.147653333333	0.000000000000	0.025001475654	20000
8	8	0.800000000000	0.800000000000	1	0.139480000000	0.000000000000	0.021758848589	0.000000000000	30000
8	8	0.800000000000	0.800000000000	2	0.138586666667	0.000000000000	0.018963294542	0.000000000000	24000
8	8	0.800000000000	0.800000000000	3	0.000000000000	0.133973333333	0.000000000000	0.026825340404	14000
8	8	0.800000000000	0.800000000000	4	0.129720000000	0.000000000000	0.023569033106	0.000000000000	30000
8	8	0.800000000000	0.800000000000	5	0.000000000000	0.138826666667	0.000000000000	0.020581064171	20000
8	9	0.800000000000	0.893333333333	1	0.000000000000	0.144906666667	0.000000000000	0.026122495761	30000
8	9	0.800000000000	0.893333333333	2	0.126213333333	0.000000000000	0.028873774440	0.000000000000	12000
8	9	0.800000000000	0.893333333333	3	0.000000000000	0.145653333333	0.000000000000	0.034005826243	30000
8	9	0.800000000000	0.893333333333	4	0.144026666667	0.000000000000	0.022767273635	0.000000000000	18000
8	9	0.800000000000	0.893333333333	5	0.135026666667	0.000000000000	0.023799372754	0.000000000000	30000
8	10	0.800000000000	1.000000000000	1	0.000000000000	1.000000000000	0.000000000000	0.000000000000	6000
8	10	0.800000000000	1.000000000000	2	0.000000000000	1.000000000000	0.000000000000	0.000000000000	8000
8	10	0.800000000000	1.000000000000	3	0.000000000000	1.000000000000	0.000000000000	0.000000000000	8000
8	10	0.800000000000	1.000000000000	4	0.000000000000	1.000000000000	0.000000000000	0.000000000000	8000
8	10	0.800000000000	1.000000000000	5	0.000000000000	1.000000000000	0.000000000000	0.000000000000	8000
9	0	0.893333333333	0.000000000000	1	0.138866666667	0.000000000000	0.020712586354	0.000000000000	6000
9	0	0.893333333333	0.000000000000	2	0.127600000000	0.000000000000	0.027225051435	0.000000000000	30000
9	0	0.893333333333	0.000000000000	3	0.137253333333	0.000000000000	0.029304210981	0.000000000000	30000
9	0	0.893333333333	0.000000000000	4	0.139266666667	0.000000000000	0.028270032726	0.000000000000	8000
9	0	0.893333333333	0.000000000000	5	0.157173333333	0.000000000000	0.034614822248	0.000000000000	30000
9	1	0.893333333333	0.093333333333	1	0.113080000000	0.000000000000	0.029164433205	0.000000000000	6000
9	1	0.893333333333	0.093333333333	2	0.129853333333	0.000000000000	0.028464204223	0.000000000000	20000
9	1	0.893333333333	0.093333333333	3	0.000000000000	0.150026666667	0.000000000000	0.015775626184	16000
9	1	0.893333333333	0.093333333333	4	0.143893333333	0.000000000000	0.018459096656	0.000000000000	22000
9	1	0.893333333333	0.093333333333	5	0.103773333333	0.062146666667	0.031494593513	0.024027119220	30000
9	2	0.893333333333	0.200000000000	1	0.000000000000	0.125013333333	0.000000000000	0.029621492376	22000
9	2	0.893333333333	0.200000000000	2	0.121706666667	0.000000000000	0.030230982655	0.000000000000	10000
9	2	0.893333333333	0.200000000000	3	0.140626666667	0.000000000000	0.020981546463	0.000000000000	30000
9	2	0.893333333333	0.200000000000	4	0.000000000000	0.135600000000	0.000000000000	0.023949303219	26000
9	2	0.893333333333	0.200000000000	5	0.148866666667	0.000000000000	0.027220720679	0.000000000000	20000
9	3	0.893333333333	0.293333333333	1	0.000000000000	0.128240000000	0.000000000000	0.025049659499	12000
9	3	0.893333333333	0.293333333333	2	0.000000000000	0.149960000000	0.000000000000	0.022073540648	8000
9	3	0.893333333333	0.293333333333	3	0.000000000000	0.126533333333	0.000000000000	0.038325302723	16000
9	3	0.893333333333	0.293333333333	4	0.000000000000	0.128240000000	0.000000000000	0.025514223441	26000
9	3	0.893333333333	0.293333333333	5	0.124413333333	0.000000000000	0.025365096081	0.000000000000	8000
9	4	0.893333333333	0.400000000000	1	0.000000000000	0.160693333333	0.000000000000	0.019917730917	24000
9	4	0.893333333333	0.400000000000	2	0.000000000000	0.140266666667	0.000000000000	0.026712006834	30000
9	4	0.893333333333	0.400000000000	3	0.000000000000	0.123426666667	0.000000000000	0.031287789475	14000
9	4	0.893333333333	0.400000000000	4	0.000000000000	0.141266666667	0.000000000000	0.022838209344	30000
9	4	0.893333333333	0.400000000000	5	0.000000000000	0.147773333333	0.000000000000	0.021535375423	14000
9	5	0.893333333333	0.493333333333	1	0.000000000000	0.152813333333	0.000000000000	0.027131350033	8000
9	5	0.893333333333	0.493333333333	2	0.148133333333	0.000000000000	0.021699149184	0.000000000000	24000
9	5	0.893333333333	0.493333333333	3	0.148440000000	0.000000000000	0.023462148836	0.000000000000	22000
9	5	0.893333333333	0.493333333333	4	0.138373333333	0.000000000000	0.022540724523	0.000000000000	30000
9	5	0.893333333333	0.493333333333	5	0.157493333333	0.000000000000	0.028363297665	0.000000000000	30000
9	6	0.893333333333	0.600000000000	1	0.143720000000	0.000000000000	0.022170747189	0.000000000000	28000
9	6	0.893333333333	0.600000000000	2	0.135026666667	0.024346666667	0.028269705391	0.032560883656	8000
9	6	0.893333333333	0.600000000000	3	0.000000000000	0.145960000000	0.000000000000	0.025142250396	30000
9	6	0.893333333333	0.600000000000	4	0.124946666667	0.000000000000	0.045609083033	0.000000000000	18000
9	6	0.893333333333	0.600000000000	5	0.000000000000	0.159560000000	0.000000000000	0.022480623771	30000
9	7	0.893333333333	0.693333333333	1	0.132200000000	0.000000000000	0.025893959987	0.000000000000	22000
9	7	0.893333333333	0.693333333333	2	0.000000000000	0.150480000000	0.000000000000	0.024511525030	14000
9	7	0.893333333333	0.693333333333	3	0.000000000000	0.159280000000	0.000000000000	0.020961575664	16000
9	7	0.893333333333	0.693333333333	4	0.153560000000	0.000000000000	0.029152446793	0.000000000000	14000
9	7	0.893333333333	0.693333333333	5	0.132960000000	0.000000000000	0.027537389472	0.000000000000	30000
9	8	0.893333333333	0.800000000000	1	0.000000000000	0.132586666667	0.000000000000	0.026239026868	30000
9	8	0.893333333333	0.800000000000	2	0.000000000000	0.143333333333	0.000000000000	0.023049660353	30000
9	8	0.893333333333	0.800000000000	3	0.000000000000	0.140720000000	0.000000000000	0.028539767703	16000
9	8	0.893333333333	0.800000000000	4	0.000000000000	0.144960000000	0.000000000000	0.018053990384	20000
9	8	0.893333333333	0.800000000000	5	0.117333333333	0.000000000000	0.021551437643	0.000000000000	28000
9	9	0.893333333333	0.893333333333	1	0.142720000000	0.000000000000	0.023060790679	0.000000000000	10000
9	9	0.893333333333	0.893333333333	2	0.154280000000	0.000000000000	0.026948655853	0.000000000000	16000
9	9	0.893333333333	0.893333333333	3	0.150800000000	0.000000000000	0.026766247170	0.000000000000	30000
9	9	0.893333333333	0.893333333333	4	0.133413333333	0.000000000000	0.021460266353	0.000000000000	12000
9	9	0.893333333333	0.893333333333	5	0.139693333333	0.000000000000	0.039688411589	0.000000000000	28000
9	10	0.893333333333	1.000000000000	1	0.000000000000	1.000000000000	0.000000000000	0.000000000000	6000
9	10	0.893333333333	1.000000000000	2	0.000000000000	1.000000000000	0.000000000000	0.000000000000	6000
9	10	0.893333333333	1.000000000000	3	0.000000000000	1.000000000000	0.000000000000	0.000000000000	6000
9	10	0.893333333333	1.000000000000	4	0.000000000000	1.000000000000	0.000000000000	0.000000000000	6000
9	10	0.893333333333	1.000000000000	5	0.000000000000	1.000000000000	0.000000000000	0.000000000000	6000
