# scan initial plane
# b 1.15
# r 0
# e -0.4
# p12 0.21
# ndiv 8
# n_reps 3
# A:(0,1),	A':(0,0.560),	B:(1,0),	B'=(0.560,0),	C:(1,1),	D:(0,0),	E:(0.316,0.316) 
# columns: ix iy x1_0 x2_0 rep x1_inf x2_inf sigma_1 sigma_2 t_relax
3	0	0.374000000000	0.000000000000	1	0.682592000000	0.000000000000	0.010894044989	0.000000000000	8000
3	0	0.374000000000	0.000000000000	2	0.665594000000	0.000000000000	0.015890237999	0.000000000000	8000
3	0	0.374000000000	0.000000000000	3	0.663062000000	0.000000000000	0.013043553591	0.000000000000	10000
3	1	0.374000000000	0.124000000000	1	0.668204000000	0.000000000000	0.011050814653	0.000000000000	42000
3	1	0.374000000000	0.124000000000	2	0.675632000000	0.000000000000	0.016126892219	0.000000000000	330000
3	1	0.374000000000	0.124000000000	3	0.513414000000	0.177328000000	0.015940976091	0.008603163978	44000
3	2	0.374000000000	0.250000000000	1	0.683592000000	0.000000000000	0.010215767122	0.000000000000	42000
3	2	0.374000000000	0.250000000000	2	0.660836000000	0.000000000000	0.011656971690	0.000000000000	42000
3	2	0.374000000000	0.250000000000	3	0.689600000000	0.000000000000	0.014163354144	0.000000000000	38000
3	3	0.374000000000	0.374000000000	1	0.683092000000	0.000000000000	0.010820934739	0.000000000000	62000
3	3	0.374000000000	0.374000000000	2	0.563760000000	0.132812000000	0.020179336104	0.009798605445	166000
3	3	0.374000000000	0.374000000000	3	0.000000000000	0.684290000000	0.000000000000	0.009564694631	78000
3	4	0.374000000000	0.500000000000	1	0.673752000000	0.000000000000	0.010619381680	0.000000000000	284000
3	4	0.374000000000	0.500000000000	2	0.680500000000	0.000000000000	0.012164619927	0.000000000000	54000
3	4	0.374000000000	0.500000000000	3	0.341708000000	0.347512000000	0.031521871207	0.030439191849	120000
3	5	0.374000000000	0.624000000000	1	0.302138000000	0.384520000000	0.038143831846	0.039935002246	100000
3	5	0.374000000000	0.624000000000	2	0.000000000000	0.682464000000	0.000000000000	0.012840154733	28000
3	5	0.374000000000	0.624000000000	3	0.000000000000	0.672148000000	0.000000000000	0.009164173617	138000
3	6	0.374000000000	0.750000000000	1	0.447076000000	0.240008000000	0.020985772005	0.020196431166	258000
3	6	0.374000000000	0.750000000000	2	0.298328000000	0.389482000000	0.020533729570	0.018691951879	86000
3	6	0.374000000000	0.750000000000	3	0.680900000000	0.000000000000	0.015439053221	0.000000000000	112000
3	7	0.374000000000	0.874000000000	1	0.000000000000	0.665898000000	0.000000000000	0.010746025920	68000
3	7	0.374000000000	0.874000000000	2	0.682924000000	0.000000000000	0.009340313992	0.000000000000	234000
3	7	0.374000000000	0.874000000000	3	0.676612000000	0.000000000000	0.009833521961	0.000000000000	58000
3	8	0.374000000000	1.000000000000	1	0.000000000000	1.000000000000	0.000000000000	0.000000000000	6000
3	8	0.374000000000	1.000000000000	2	0.000000000000	1.000000000000	0.000000000000	0.000000000000	6000
3	8	0.374000000000	1.000000000000	3	0.000000000000	1.000000000000	0.000000000000	0.000000000000	6000
