# scan initial plane
# b 1.15
# r 0
# e -0.4
# p12 0.22
# ndiv 8
# n_reps 3
# A:(0,1),	A':(0,0.587),	B:(1,0),	B'=(0.587,0),	C:(1,1),	D:(0,0),	E:(0.325,0.325) 
# columns: ix iy x1_0 x2_0 rep x1_inf x2_inf sigma_1 sigma_2 t_relax
0	0	0.000000000000	0.000000000000	1	0.000000000000	0.000000000000	0.000000000000	0.000000000000	4000
0	0	0.000000000000	0.000000000000	2	0.000000000000	0.000000000000	0.000000000000	0.000000000000	4000
0	0	0.000000000000	0.000000000000	3	0.000000000000	0.000000000000	0.000000000000	0.000000000000	4000
0	1	0.000000000000	0.124000000000	1	0.000000000000	0.657848000000	0.000000000000	0.012326590804	24000
0	1	0.000000000000	0.124000000000	2	0.000000000000	0.658838000000	0.000000000000	0.010148731583	48000
0	1	0.000000000000	0.124000000000	3	0.000000000000	0.649634000000	0.000000000000	0.009208411309	24000
0	2	0.000000000000	0.250000000000	1	0.000000000000	0.639368000000	0.000000000000	0.013571763657	78000
0	2	0.000000000000	0.250000000000	2	0.000000000000	0.651850000000	0.000000000000	0.012258048775	8000
0	2	0.000000000000	0.250000000000	3	0.000000000000	0.648332000000	0.000000000000	0.008443759416	40000
0	3	0.000000000000	0.374000000000	1	0.000000000000	0.643906000000	0.000000000000	0.009965865867	28000
0	3	0.000000000000	0.374000000000	2	0.000000000000	0.658082000000	0.000000000000	0.010517599341	8000
0	3	0.000000000000	0.374000000000	3	0.000000000000	0.656408000000	0.000000000000	0.010687364304	10000
0	4	0.000000000000	0.500000000000	1	0.000000000000	0.650664000000	0.000000000000	0.009348716623	30000
0	4	0.000000000000	0.500000000000	2	0.000000000000	0.644720000000	0.000000000000	0.010230653267	24000
0	4	0.000000000000	0.500000000000	3	0.000000000000	0.666246000000	0.000000000000	0.015093153656	28000
0	5	0.000000000000	0.624000000000	1	0.000000000000	0.655380000000	0.000000000000	0.010963932133	20000
0	5	0.000000000000	0.624000000000	2	0.000000000000	0.648134000000	0.000000000000	0.011049531037	6000
0	5	0.000000000000	0.624000000000	3	0.000000000000	0.653078000000	0.000000000000	0.010208336110	26000
0	6	0.000000000000	0.750000000000	1	0.000000000000	0.653018000000	0.000000000000	0.011061737569	94000
0	6	0.000000000000	0.750000000000	2	0.000000000000	0.654450000000	0.000000000000	0.009863203475	22000
0	6	0.000000000000	0.750000000000	3	0.000000000000	0.657530000000	0.000000000000	0.010959891387	50000
0	7	0.000000000000	0.874000000000	1	0.000000000000	0.654832000000	0.000000000000	0.009755559797	6000
0	7	0.000000000000	0.874000000000	2	0.000000000000	0.646732000000	0.000000000000	0.009874902009	66000
0	7	0.000000000000	0.874000000000	3	0.000000000000	0.644150000000	0.000000000000	0.009407550266	24000
0	8	0.000000000000	1.000000000000	1	0.000000000000	1.000000000000	0.000000000000	0.000000000000	4000
0	8	0.000000000000	1.000000000000	2	0.000000000000	1.000000000000	0.000000000000	0.000000000000	4000
0	8	0.000000000000	1.000000000000	3	0.000000000000	1.000000000000	0.000000000000	0.000000000000	4000
