# scan initial plane
# b 1.15
# r 0
# e -0.4
# p12 0.24
# ndiv 8
# n_reps 3
# A:(0,1),	A':(0,0.640),	B:(1,0),	B'=(0.640,0),	C:(1,1),	D:(0,0),	E:(0.340,0.340) 
# columns: ix iy x1_0 x2_0 rep x1_inf x2_inf sigma_1 sigma_2 t_relax
0	0	0.000000000000	0.000000000000	1	0.000000000000	0.000000000000	0.000000000000	0.000000000000	4000
0	0	0.000000000000	0.000000000000	2	0.000000000000	0.000000000000	0.000000000000	0.000000000000	4000
0	0	0.000000000000	0.000000000000	3	0.000000000000	0.000000000000	0.000000000000	0.000000000000	4000
0	1	0.000000000000	0.124000000000	1	0.000000000000	0.643006000000	0.000000000000	0.009532409498	28000
0	1	0.000000000000	0.124000000000	2	0.000000000000	0.657600000000	0.000000000000	0.007475284602	6000
0	1	0.000000000000	0.124000000000	3	0.000000000000	0.665762000000	0.000000000000	0.010568398509	6000
0	2	0.000000000000	0.250000000000	1	0.000000000000	0.663856000000	0.000000000000	0.010079328195	46000
0	2	0.000000000000	0.250000000000	2	0.000000000000	0.655578000000	0.000000000000	0.011274086261	6000
0	2	0.000000000000	0.250000000000	3	0.000000000000	0.653514000000	0.000000000000	0.009117616735	16000
0	3	0.000000000000	0.374000000000	1	0.000000000000	0.663282000000	0.000000000000	0.009899620118	64000
0	3	0.000000000000	0.374000000000	2	0.000000000000	0.667152000000	0.000000000000	0.007781866965	10000
0	3	0.000000000000	0.374000000000	3	0.000000000000	0.667904000000	0.000000000000	0.010563255481	20000
0	4	0.000000000000	0.500000000000	1	0.000000000000	0.657530000000	0.000000000000	0.008680694353	18000
0	4	0.000000000000	0.500000000000	2	0.000000000000	0.665854000000	0.000000000000	0.007953737860	4000
0	4	0.000000000000	0.500000000000	3	0.000000000000	0.670426000000	0.000000000000	0.010688721756	24000
0	5	0.000000000000	0.624000000000	1	0.000000000000	0.678000000000	0.000000000000	0.009535351222	24000
0	5	0.000000000000	0.624000000000	2	0.000000000000	0.669866000000	0.000000000000	0.008495305422	4000
0	5	0.000000000000	0.624000000000	3	0.000000000000	0.658262000000	0.000000000000	0.008716612607	10000
0	6	0.000000000000	0.750000000000	1	0.000000000000	0.663586000000	0.000000000000	0.008658150355	10000
0	6	0.000000000000	0.750000000000	2	0.000000000000	0.669188000000	0.000000000000	0.010506523833	30000
0	6	0.000000000000	0.750000000000	3	0.000000000000	0.676020000000	0.000000000000	0.008745517943	12000
0	7	0.000000000000	0.874000000000	1	0.000000000000	0.676556000000	0.000000000000	0.008758057294	6000
0	7	0.000000000000	0.874000000000	2	0.000000000000	0.663388000000	0.000000000000	0.008258187068	26000
0	7	0.000000000000	0.874000000000	3	0.000000000000	0.661194000000	0.000000000000	0.010391455449	38000
0	8	0.000000000000	1.000000000000	1	0.000000000000	1.000000000000	0.000000000000	0.000000000000	4000
0	8	0.000000000000	1.000000000000	2	0.000000000000	1.000000000000	0.000000000000	0.000000000000	4000
0	8	0.000000000000	1.000000000000	3	0.000000000000	1.000000000000	0.000000000000	0.000000000000	4000
