# scan initial plane
# b 1.15
# r 0
# e -0.4
# p12 0.2
# ndiv 8
# n_reps 3
# A:(0,1),	A':(0,0.533),	B:(1,0),	B'=(0.533,0),	C:(1,1),	D:(0,0),	E:(0.308,0.308) 
# columns: ix iy x1_0 x2_0 rep x1_inf x2_inf sigma_1 sigma_2 t_relax
4	0	0.500000000000	0.000000000000	1	0.901176000000	0.000000000000	0.011863800983	0.000000000000	24000
4	0	0.500000000000	0.000000000000	2	0.892948000000	0.000000000000	0.014363133210	0.000000000000	14000
4	0	0.500000000000	0.000000000000	3	0.903168000000	0.000000000000	0.010939993577	0.000000000000	25000
4	1	0.500000000000	0.124000000000	1	0.894406000000	0.000000000000	0.011322515770	0.000000000000	25000
4	1	0.500000000000	0.124000000000	2	0.933650000000	0.000000000000	0.010736329390	0.000000000000	22000
4	1	0.500000000000	0.124000000000	3	1.000000000000	0.000000000000	0.000000000000	0.000000000000	22000
4	2	0.500000000000	0.250000000000	1	0.917802000000	0.000000000000	0.009902264935	0.000000000000	25000
4	2	0.500000000000	0.250000000000	2	0.928956000000	0.000000000000	0.009988084192	0.000000000000	8000
4	2	0.500000000000	0.250000000000	3	0.899598000000	0.000000000000	0.010676534287	0.000000000000	20000
4	3	0.500000000000	0.374000000000	1	0.973652000000	0.000000000000	0.011714953527	0.000000000000	25000
4	3	0.500000000000	0.374000000000	2	0.916810000000	0.000000000000	0.014797799663	0.000000000000	10000
4	3	0.500000000000	0.374000000000	3	0.925692000000	0.000000000000	0.009450632278	0.000000000000	25000
4	4	0.500000000000	0.500000000000	1	0.000000000000	0.952082000000	0.000000000000	0.007812445860	25000
4	4	0.500000000000	0.500000000000	2	0.888294000000	0.000000000000	0.017302049732	0.000000000000	25000
4	4	0.500000000000	0.500000000000	3	0.989452000000	0.000000000000	0.005051456544	0.000000000000	25000
4	5	0.500000000000	0.624000000000	1	0.000000000000	0.931652000000	0.000000000000	0.009828504235	25000
4	5	0.500000000000	0.624000000000	2	0.000000000000	1.000000000000	0.000000000000	0.000000000000	18000
4	5	0.500000000000	0.624000000000	3	0.000000000000	1.000000000000	0.000000000000	0.000000000000	10000
4	6	0.500000000000	0.750000000000	1	0.000000000000	1.000000000000	0.000000000000	0.000000000000	20000
4	6	0.500000000000	0.750000000000	2	0.000000000000	0.954790000000	0.000000000000	0.008684199175	25000
4	6	0.500000000000	0.750000000000	3	0.000000000000	0.951560000000	0.000000000000	0.008841525466	6000
4	7	0.500000000000	0.874000000000	1	0.000000000000	1.000000000000	0.000000000000	0.000000000000	12000
4	7	0.500000000000	0.874000000000	2	0.000000000000	0.945706000000	0.000000000000	0.009872742022	25000
4	7	0.500000000000	0.874000000000	3	0.000000000000	0.968518000000	0.000000000000	0.007443055493	8000
4	8	0.500000000000	1.000000000000	1	0.000000000000	1.000000000000	0.000000000000	0.000000000000	6000
4	8	0.500000000000	1.000000000000	2	0.000000000000	1.000000000000	0.000000000000	0.000000000000	6000
4	8	0.500000000000	1.000000000000	3	0.000000000000	1.000000000000	0.000000000000	0.000000000000	6000
