# scan initial plane
# b 1.15
# r 0
# e -0.4
# p12 0.2
# ndiv 8
# n_reps 3
# A:(0,1),	A':(0,0.533),	B:(1,0),	B'=(0.533,0),	C:(1,1),	D:(0,0),	E:(0.308,0.308) 
# columns: ix iy x1_0 x2_0 rep x1_inf x2_inf sigma_1 sigma_2 t_relax
3	0	0.374000000000	0.000000000000	1	0.891788000000	0.000000000000	0.008868466931	0.000000000000	10000
3	0	0.374000000000	0.000000000000	2	0.913530000000	0.000000000000	0.009705116655	0.000000000000	25000
3	0	0.374000000000	0.000000000000	3	0.926900000000	0.000000000000	0.010122275459	0.000000000000	6000
3	1	0.374000000000	0.124000000000	1	0.915670000000	0.000000000000	0.009685293228	0.000000000000	16000
3	1	0.374000000000	0.124000000000	2	0.889428000000	0.000000000000	0.011446389642	0.000000000000	25000
3	1	0.374000000000	0.124000000000	3	0.885500000000	0.000000000000	0.011732333427	0.000000000000	8000
3	2	0.374000000000	0.250000000000	1	0.910976000000	0.000000000000	0.009710495235	0.000000000000	25000
3	2	0.374000000000	0.250000000000	2	0.933782000000	0.000000000000	0.007937473117	0.000000000000	24000
3	2	0.374000000000	0.250000000000	3	0.929090000000	0.000000000000	0.009260975417	0.000000000000	25000
3	3	0.374000000000	0.374000000000	1	0.000000000000	0.895786000000	0.000000000000	0.015457203147	8000
3	3	0.374000000000	0.374000000000	2	0.878972000000	0.000000000000	0.011607150466	0.000000000000	6000
3	3	0.374000000000	0.374000000000	3	0.000000000000	0.903322000000	0.000000000000	0.013748211859	8000
3	4	0.374000000000	0.500000000000	1	0.000000000000	0.936144000000	0.000000000000	0.007832279911	25000
3	4	0.374000000000	0.500000000000	2	0.000000000000	0.990554000000	0.000000000000	0.003533492546	25000
3	4	0.374000000000	0.500000000000	3	0.000000000000	0.917448000000	0.000000000000	0.011334891961	8000
3	5	0.374000000000	0.624000000000	1	0.000000000000	0.914648000000	0.000000000000	0.008533048043	25000
3	5	0.374000000000	0.624000000000	2	0.000000000000	1.000000000000	0.000000000000	0.000000000000	24000
3	5	0.374000000000	0.624000000000	3	0.000000000000	1.000000000000	0.000000000000	0.000000000000	10000
3	6	0.374000000000	0.750000000000	1	0.000000000000	1.000000000000	0.000000000000	0.000000000000	12000
3	6	0.374000000000	0.750000000000	2	0.000000000000	1.000000000000	0.000000000000	0.000000000000	18000
3	6	0.374000000000	0.750000000000	3	0.000000000000	0.939310000000	0.000000000000	0.009056816545	25000
3	7	0.374000000000	0.874000000000	1	0.000000000000	1.000000000000	0.000000000000	0.000000000000	14000
3	7	0.374000000000	0.874000000000	2	0.000000000000	1.000000000000	0.000000000000	0.000000000000	14000
3	7	0.374000000000	0.874000000000	3	0.000000000000	1.000000000000	0.000000000000	0.000000000000	10000
3	8	0.374000000000	1.000000000000	1	0.000000000000	1.000000000000	0.000000000000	0.000000000000	6000
3	8	0.374000000000	1.000000000000	2	0.000000000000	1.000000000000	0.000000000000	0.000000000000	6000
3	8	0.374000000000	1.000000000000	3	0.000000000000	1.000000000000	0.000000000000	0.000000000000	6000
