# scan initial plane
# b 1.15
# r 0
# e -0.4
# p12 0.2
# ndiv 8
# n_reps 3
# A:(0,1),	A':(0,0.533),	B:(1,0),	B'=(0.533,0),	C:(1,1),	D:(0,0),	E:(0.308,0.308) 
# columns: ix iy x1_0 x2_0 rep x1_inf x2_inf sigma_1 sigma_2 t_relax
2	0	0.250000000000	0.000000000000	1	0.943248000000	0.000000000000	0.012321457475	0.000000000000	10000
2	0	0.250000000000	0.000000000000	2	0.884892000000	0.000000000000	0.010281928518	0.000000000000	25000
2	0	0.250000000000	0.000000000000	3	0.888114000000	0.000000000000	0.012062856897	0.000000000000	25000
2	1	0.250000000000	0.124000000000	1	0.901244000000	0.000000000000	0.015425511674	0.000000000000	6000
2	1	0.250000000000	0.124000000000	2	0.898546000000	0.000000000000	0.013605403007	0.000000000000	6000
2	1	0.250000000000	0.124000000000	3	0.894992000000	0.000000000000	0.016452313351	0.000000000000	25000
2	2	0.250000000000	0.250000000000	1	0.914028000000	0.000000000000	0.011557369458	0.000000000000	25000
2	2	0.250000000000	0.250000000000	2	0.000000000000	0.930424000000	0.000000000000	0.012831245647	25000
2	2	0.250000000000	0.250000000000	3	0.000000000000	1.000000000000	0.000000000000	0.000000000000	14000
2	3	0.250000000000	0.374000000000	1	0.000000000000	0.921984000000	0.000000000000	0.009658417522	25000
2	3	0.250000000000	0.374000000000	2	0.000000000000	0.920152000000	0.000000000000	0.011787274317	12000
2	3	0.250000000000	0.374000000000	3	0.000000000000	0.919950000000	0.000000000000	0.011667460290	25000
2	4	0.250000000000	0.500000000000	1	0.000000000000	0.919870000000	0.000000000000	0.009467245044	25000
2	4	0.250000000000	0.500000000000	2	0.000000000000	1.000000000000	0.000000000000	0.000000000000	24000
2	4	0.250000000000	0.500000000000	3	0.000000000000	1.000000000000	0.000000000000	0.000000000000	20000
2	5	0.250000000000	0.624000000000	1	0.000000000000	1.000000000000	0.000000000000	0.000000000000	24000
2	5	0.250000000000	0.624000000000	2	0.000000000000	0.928844000000	0.000000000000	0.007623239323	25000
2	5	0.250000000000	0.624000000000	3	0.000000000000	0.914896000000	0.000000000000	0.009588802278	25000
2	6	0.250000000000	0.750000000000	1	0.000000000000	0.928392000000	0.000000000000	0.009334102070	22000
2	6	0.250000000000	0.750000000000	2	0.000000000000	0.970818000000	0.000000000000	0.008189868738	6000
2	6	0.250000000000	0.750000000000	3	0.000000000000	0.944006000000	0.000000000000	0.009429150167	6000
2	7	0.250000000000	0.874000000000	1	0.000000000000	0.924058000000	0.000000000000	0.014154893041	25000
2	7	0.250000000000	0.874000000000	2	0.000000000000	1.000000000000	0.000000000000	0.000000000000	20000
2	7	0.250000000000	0.874000000000	3	0.000000000000	0.928712000000	0.000000000000	0.009385795073	14000
2	8	0.250000000000	1.000000000000	1	0.000000000000	1.000000000000	0.000000000000	0.000000000000	6000
2	8	0.250000000000	1.000000000000	2	0.000000000000	1.000000000000	0.000000000000	0.000000000000	6000
2	8	0.250000000000	1.000000000000	3	0.000000000000	1.000000000000	0.000000000000	0.000000000000	6000
