# scan initial plane
# b 1.15
# r 0
# e -0.4
# p12 0.2
# ndiv 8
# n_reps 3
# A:(0,1),	A':(0,0.533),	B:(1,0),	B'=(0.533,0),	C:(1,1),	D:(0,0),	E:(0.308,0.308) 
# columns: ix iy x1_0 x2_0 rep x1_inf x2_inf sigma_1 sigma_2 t_relax
6	0	0.750000000000	0.000000000000	1	1.000000000000	0.000000000000	0.000000000000	0.000000000000	22000
6	0	0.750000000000	0.000000000000	2	0.992076000000	0.000000000000	0.004939901479	0.000000000000	6000
6	0	0.750000000000	0.000000000000	3	0.988038000000	0.000000000000	0.003430207329	0.000000000000	12000
6	1	0.750000000000	0.124000000000	1	1.000000000000	0.000000000000	0.000000000000	0.000000000000	10000
6	1	0.750000000000	0.124000000000	2	1.000000000000	0.000000000000	0.000000000000	0.000000000000	6000
6	1	0.750000000000	0.124000000000	3	1.000000000000	0.000000000000	0.000000000000	0.000000000000	6000
6	2	0.750000000000	0.250000000000	1	0.981606000000	0.000000000000	0.004804981982	0.000000000000	22000
6	2	0.750000000000	0.250000000000	2	1.000000000000	0.000000000000	0.000000000000	0.000000000000	12000
6	2	0.750000000000	0.250000000000	3	1.000000000000	0.000000000000	0.000000000000	0.000000000000	16000
6	3	0.750000000000	0.374000000000	1	0.988248000000	0.000000000000	0.004294757379	0.000000000000	14000
6	3	0.750000000000	0.374000000000	2	0.973898000000	0.000000000000	0.007449637112	0.000000000000	20000
6	3	0.750000000000	0.374000000000	3	0.989414000000	0.000000000000	0.003623497445	0.000000000000	25000
6	4	0.750000000000	0.500000000000	1	0.987680000000	0.000000000000	0.003482201276	0.000000000000	25000
6	4	0.750000000000	0.500000000000	2	0.976318000000	0.000000000000	0.006523912740	0.000000000000	25000
6	4	0.750000000000	0.500000000000	3	0.962454000000	0.000000000000	0.010565486904	0.000000000000	25000
6	5	0.750000000000	0.624000000000	1	1.000000000000	0.000000000000	0.000000000000	0.000000000000	14000
6	5	0.750000000000	0.624000000000	2	1.000000000000	0.000000000000	0.000000000000	0.000000000000	10000
6	5	0.750000000000	0.624000000000	3	0.980460000000	0.000000000000	0.005956498962	0.000000000000	25000
6	6	0.750000000000	0.750000000000	1	1.000000000000	0.000000000000	0.000000000000	0.000000000000	6000
6	6	0.750000000000	0.750000000000	2	0.000000000000	1.000000000000	0.000000000000	0.000000000000	14000
6	6	0.750000000000	0.750000000000	3	0.990426000000	0.000000000000	0.003407364691	0.000000000000	8000
6	7	0.750000000000	0.874000000000	1	0.000000000000	1.000000000000	0.000000000000	0.000000000000	8000
6	7	0.750000000000	0.874000000000	2	0.000000000000	1.000000000000	0.000000000000	0.000000000000	6000
6	7	0.750000000000	0.874000000000	3	0.000000000000	0.993210000000	0.000000000000	0.003388123283	16000
6	8	0.750000000000	1.000000000000	1	0.000000000000	1.000000000000	0.000000000000	0.000000000000	6000
6	8	0.750000000000	1.000000000000	2	0.000000000000	1.000000000000	0.000000000000	0.000000000000	6000
6	8	0.750000000000	1.000000000000	3	0.000000000000	1.000000000000	0.000000000000	0.000000000000	6000
