# scan initial plane
# b 1.15
# r 0
# e -0.4
# p12 0.2
# ndiv 8
# n_reps 3
# A:(0,1),	A':(0,0.533),	B:(1,0),	B'=(0.533,0),	C:(1,1),	D:(0,0),	E:(0.308,0.308) 
# columns: ix iy x1_0 x2_0 rep x1_inf x2_inf sigma_1 sigma_2 t_relax
3	0	0.374000000000	0.000000000000	1	0.698278000000	0.000000000000	0.010313927142	0.000000000000	10000
3	0	0.374000000000	0.000000000000	2	0.724060000000	0.000000000000	0.014691093500	0.000000000000	16000
3	0	0.374000000000	0.000000000000	3	0.692448000000	0.000000000000	0.009483102089	0.000000000000	24000
3	1	0.374000000000	0.124000000000	1	0.688930000000	0.000000000000	0.009341646877	0.000000000000	42000
3	1	0.374000000000	0.124000000000	2	0.684002000000	0.000000000000	0.012657812458	0.000000000000	28000
3	1	0.374000000000	0.124000000000	3	0.697650000000	0.000000000000	0.009754211636	0.000000000000	88000
3	2	0.374000000000	0.250000000000	1	0.694094000000	0.000000000000	0.014800209803	0.000000000000	42000
3	2	0.374000000000	0.250000000000	2	0.371788000000	0.317166000000	0.024562866087	0.024578049649	8000
3	2	0.374000000000	0.250000000000	3	0.695460000000	0.000000000000	0.012824073333	0.000000000000	38000
3	3	0.374000000000	0.374000000000	1	0.681136000000	0.000000000000	0.010857780408	0.000000000000	50000
3	3	0.374000000000	0.374000000000	2	0.680176000000	0.000000000000	0.010032630646	0.000000000000	38000
3	3	0.374000000000	0.374000000000	3	0.329018000000	0.355526000000	0.018275165051	0.020471795681	10000
3	4	0.374000000000	0.500000000000	1	0.684264000000	0.000000000000	0.011066199201	0.000000000000	46000
3	4	0.374000000000	0.500000000000	2	0.000000000000	0.672578000000	0.000000000000	0.009761413894	32000
3	4	0.374000000000	0.500000000000	3	0.659076000000	0.000000000000	0.012114990590	0.000000000000	52000
3	5	0.374000000000	0.624000000000	1	0.675116000000	0.000000000000	0.013169053420	0.000000000000	132000
3	5	0.374000000000	0.624000000000	2	0.000000000000	0.678130000000	0.000000000000	0.012761738203	20000
3	5	0.374000000000	0.624000000000	3	0.682990000000	0.000000000000	0.014561453771	0.000000000000	50000
3	6	0.374000000000	0.750000000000	1	0.679436000000	0.000000000000	0.011152321654	0.000000000000	78000
3	6	0.374000000000	0.750000000000	2	0.000000000000	0.687008000000	0.000000000000	0.014096192345	122000
3	6	0.374000000000	0.750000000000	3	0.667038000000	0.000000000000	0.016225098145	0.000000000000	62000
3	7	0.374000000000	0.874000000000	1	0.000000000000	0.691740000000	0.000000000000	0.013417616496	28000
3	7	0.374000000000	0.874000000000	2	0.658530000000	0.000000000000	0.011740056598	0.000000000000	76000
3	7	0.374000000000	0.874000000000	3	0.689360000000	0.000000000000	0.015460576620	0.000000000000	60000
3	8	0.374000000000	1.000000000000	1	0.000000000000	1.000000000000	0.000000000000	0.000000000000	6000
3	8	0.374000000000	1.000000000000	2	0.000000000000	1.000000000000	0.000000000000	0.000000000000	6000
3	8	0.374000000000	1.000000000000	3	0.000000000000	1.000000000000	0.000000000000	0.000000000000	6000
