# scan initial plane
# b 1.3
# r 0
# e -0.4
# N1 50
# N2 50
# P11 0.9
# p12 0.3
# P22 0.9
# T_MCS 1000
# T_MAX 30000
# W 2000
# UPDATE_RULE 0
# FERMI_BETA 1
# DEGREE_ALPHA 0.5
# DEGREE_FACTOR_MIN 0.5
# DEGREE_FACTOR_MAX 2
# ndiv 10
# n_reps 5
# A:(0,1),	A':(0,0.400),	B:(1,0),	B'=(0.400,0),	C:(1,1),	D:(0,0),	E:(0.235,0.235) 
# columns: ix iy x1_0 x2_0 rep x1_inf x2_inf sigma_1 sigma_2 t_relax
8	0	0.800000000000	0.000000000000	1	0.294880000000	0.000000000000	0.024198577875	0.000000000000	26000
8	0	0.800000000000	0.000000000000	2	0.292460000000	0.000000000000	0.032787549823	0.000000000000	18000
8	0	0.800000000000	0.000000000000	3	0.323720000000	0.000000000000	0.033118853520	0.000000000000	14000
8	0	0.800000000000	0.000000000000	4	0.321020000000	0.000000000000	0.040735967142	0.000000000000	8000
8	0	0.800000000000	0.000000000000	5	0.309040000000	0.000000000000	0.034413117596	0.000000000000	24000
8	1	0.800000000000	0.100000000000	1	0.309640000000	0.000000000000	0.033409378722	0.000000000000	14000
8	1	0.800000000000	0.100000000000	2	0.306720000000	0.000000000000	0.033333957952	0.000000000000	24000
8	1	0.800000000000	0.100000000000	3	0.000000000000	0.295600000000	0.000000000000	0.031241255033	30000
8	1	0.800000000000	0.100000000000	4	0.312820000000	0.000000000000	0.031652005457	0.000000000000	14000
8	1	0.800000000000	0.100000000000	5	0.305980000000	0.000000000000	0.036325736870	0.000000000000	24000
8	2	0.800000000000	0.200000000000	1	0.308860000000	0.000000000000	0.027818595836	0.000000000000	12000
8	2	0.800000000000	0.200000000000	2	0.296920000000	0.000000000000	0.027901471146	0.000000000000	10000
8	2	0.800000000000	0.200000000000	3	0.303380000000	0.000000000000	0.036768567113	0.000000000000	8000
8	2	0.800000000000	0.200000000000	4	0.000000000000	0.295380000000	0.000000000000	0.031963686854	6000
8	2	0.800000000000	0.200000000000	5	0.307880000000	0.000000000000	0.036409219042	0.000000000000	6000
8	3	0.800000000000	0.300000000000	1	0.301520000000	0.000000000000	0.034797995639	0.000000000000	24000
8	3	0.800000000000	0.300000000000	2	0.000000000000	0.301540000000	0.000000000000	0.041023302053	6000
8	3	0.800000000000	0.300000000000	3	0.321920000000	0.000000000000	0.035394439766	0.000000000000	20000
8	3	0.800000000000	0.300000000000	4	0.000000000000	0.267720000000	0.000000000000	0.027238640633	10000
8	3	0.800000000000	0.300000000000	5	0.319060000000	0.000000000000	0.035213014020	0.000000000000	12000
8	4	0.800000000000	0.400000000000	1	0.000000000000	0.292480000000	0.000000000000	0.038085431599	30000
8	4	0.800000000000	0.400000000000	2	0.000000000000	0.295360000000	0.000000000000	0.034029816756	12000
8	4	0.800000000000	0.400000000000	3	0.302400000000	0.000000000000	0.039260430224	0.000000000000	10000
8	4	0.800000000000	0.400000000000	4	0.000000000000	0.278140000000	0.000000000000	0.037639834712	30000
8	4	0.800000000000	0.400000000000	5	0.000000000000	0.302940000000	0.000000000000	0.033717848290	8000
8	5	0.800000000000	0.500000000000	1	0.000000000000	0.290200000000	0.000000000000	0.047923445793	30000
8	5	0.800000000000	0.500000000000	2	0.000000000000	0.301820000000	0.000000000000	0.031107157621	14000
8	5	0.800000000000	0.500000000000	3	0.290640000000	0.000000000000	0.037075125960	0.000000000000	12000
8	5	0.800000000000	0.500000000000	4	0.000000000000	0.290400000000	0.000000000000	0.033035304317	12000
8	5	0.800000000000	0.500000000000	5	0.000000000000	0.307060000000	0.000000000000	0.034649054200	14000
8	6	0.800000000000	0.600000000000	1	0.000000000000	0.301120000000	0.000000000000	0.036022815593	8000
8	6	0.800000000000	0.600000000000	2	0.000000000000	0.308640000000	0.000000000000	0.033824465916	14000
8	6	0.800000000000	0.600000000000	3	0.311080000000	0.000000000000	0.030353829329	0.000000000000	10000
8	6	0.800000000000	0.600000000000	4	0.312620000000	0.000000000000	0.032046256608	0.000000000000	10000
8	6	0.800000000000	0.600000000000	5	0.311160000000	0.000000000000	0.034880812363	0.000000000000	14000
8	7	0.800000000000	0.700000000000	1	0.314700000000	0.000000000000	0.028133636478	0.000000000000	22000
8	7	0.800000000000	0.700000000000	2	0.000000000000	0.283520000000	0.000000000000	0.031352712683	18000
8	7	0.800000000000	0.700000000000	3	0.302140000000	0.000000000000	0.033801818930	0.000000000000	20000
8	7	0.800000000000	0.700000000000	4	0.300100000000	0.000000000000	0.028220318680	0.000000000000	10000
8	7	0.800000000000	0.700000000000	5	0.283400000000	0.000000000000	0.027106729326	0.000000000000	12000
8	8	0.800000000000	0.800000000000	1	0.325900000000	0.000000000000	0.031256470802	0.000000000000	8000
8	8	0.800000000000	0.800000000000	2	0.000000000000	0.291260000000	0.000000000000	0.028227809146	12000
8	8	0.800000000000	0.800000000000	3	0.336260000000	0.000000000000	0.031714637287	0.000000000000	12000
8	8	0.800000000000	0.800000000000	4	0.000000000000	0.304640000000	0.000000000000	0.037286199332	26000
8	8	0.800000000000	0.800000000000	5	0.000000000000	0.301220000000	0.000000000000	0.034071578661	8000
8	9	0.800000000000	0.900000000000	1	0.319220000000	0.000000000000	0.033095118777	0.000000000000	8000
8	9	0.800000000000	0.900000000000	2	0.293020000000	0.000000000000	0.030394134359	0.000000000000	30000
8	9	0.800000000000	0.900000000000	3	0.000000000000	0.296660000000	0.000000000000	0.028643757869	6000
8	9	0.800000000000	0.900000000000	4	0.293220000000	0.000000000000	0.034052770683	0.000000000000	14000
8	9	0.800000000000	0.900000000000	5	0.323260000000	0.000000000000	0.040092141122	0.000000000000	12000
8	10	0.800000000000	1.000000000000	1	0.000000000000	1.000000000000	0.000000000000	0.000000000000	6000
8	10	0.800000000000	1.000000000000	2	0.000000000000	1.000000000000	0.000000000000	0.000000000000	6000
8	10	0.800000000000	1.000000000000	3	0.000000000000	1.000000000000	0.000000000000	0.000000000000	6000
8	10	0.800000000000	1.000000000000	4	0.000000000000	1.000000000000	0.000000000000	0.000000000000	6000
8	10	0.800000000000	1.000000000000	5	0.000000000000	1.000000000000	0.000000000000	0.000000000000	6000
9	0	0.900000000000	0.000000000000	1	0.316820000000	0.000000000000	0.033385658631	0.000000000000	8000
9	0	0.900000000000	0.000000000000	2	0.328420000000	0.000000000000	0.032523243402	0.000000000000	4000
9	0	0.900000000000	0.000000000000	3	0.302840000000	0.000000000000	0.033839023028	0.000000000000	18000
9	0	0.900000000000	0.000000000000	4	0.311880000000	0.000000000000	0.025240893461	0.000000000000	6000
9	0	0.900000000000	0.000000000000	5	0.319980000000	0.000000000000	0.028362016924	0.000000000000	8000
9	1	0.900000000000	0.100000000000	1	0.000000000000	0.295920000000	0.000000000000	0.036735583609	12000
9	1	0.900000000000	0.100000000000	2	0.316800000000	0.000000000000	0.032637788302	0.000000000000	16000
9	1	0.900000000000	0.100000000000	3	0.315340000000	0.000000000000	0.030600993788	0.000000000000	6000
9	1	0.900000000000	0.100000000000	4	0.291280000000	0.000000000000	0.032536444493	0.000000000000	6000
9	1	0.900000000000	0.100000000000	5	0.303720000000	0.000000000000	0.038057982211	0.000000000000	14000
9	2	0.900000000000	0.200000000000	1	0.000000000000	0.300820000000	0.000000000000	0.030709455721	6000
9	2	0.900000000000	0.200000000000	2	0.322320000000	0.000000000000	0.028765344515	0.000000000000	14000
9	2	0.900000000000	0.200000000000	3	0.000000000000	0.298320000000	0.000000000000	0.037204324504	14000
9	2	0.900000000000	0.200000000000	4	0.000000000000	0.285840000000	0.000000000000	0.037213966186	26000
9	2	0.900000000000	0.200000000000	5	0.000000000000	0.285900000000	0.000000000000	0.032830898067	6000
9	3	0.900000000000	0.300000000000	1	0.318480000000	0.000000000000	0.032990574078	0.000000000000	30000
9	3	0.900000000000	0.300000000000	2	0.000000000000	0.275480000000	0.000000000000	0.034104731823	30000
9	3	0.900000000000	0.300000000000	3	0.000000000000	0.322140000000	0.000000000000	0.040751454957	8000
9	3	0.900000000000	0.300000000000	4	0.293800000000	0.000000000000	0.029435122327	0.000000000000	26000
9	3	0.900000000000	0.300000000000	5	0.304780000000	0.000000000000	0.030778221178	0.000000000000	14000
9	4	0.900000000000	0.400000000000	1	0.310940000000	0.000000000000	0.036370857004	0.000000000000	18000
9	4	0.900000000000	0.400000000000	2	0.305560000000	0.000000000000	0.031081384339	0.000000000000	8000
9	4	0.900000000000	0.400000000000	3	0.304680000000	0.000000000000	0.037367016122	0.000000000000	22000
9	4	0.900000000000	0.400000000000	4	0.315960000000	0.000000000000	0.030235617946	0.000000000000	16000
9	4	0.900000000000	0.400000000000	5	0.000000000000	0.289140000000	0.000000000000	0.035548897650	16000
9	5	0.900000000000	0.500000000000	1	0.300440000000	0.000000000000	0.035769901955	0.000000000000	10000
9	5	0.900000000000	0.500000000000	2	0.319400000000	0.000000000000	0.035912807322	0.000000000000	8000
9	5	0.900000000000	0.500000000000	3	0.315860000000	0.000000000000	0.035985488122	0.000000000000	6000
9	5	0.900000000000	0.500000000000	4	0.304040000000	0.000000000000	0.031341037964	0.000000000000	24000
9	5	0.900000000000	0.500000000000	5	0.319700000000	0.000000000000	0.031351122674	0.000000000000	12000
9	6	0.900000000000	0.600000000000	1	0.000000000000	0.280120000000	0.000000000000	0.028411138534	24000
9	6	0.900000000000	0.600000000000	2	0.000000000000	0.278520000000	0.000000000000	0.033438416944	18000
9	6	0.900000000000	0.600000000000	3	0.309720000000	0.000000000000	0.034529898840	0.000000000000	8000
9	6	0.900000000000	0.600000000000	4	0.000000000000	0.287740000000	0.000000000000	0.029809075480	30000
9	6	0.900000000000	0.600000000000	5	0.299500000000	0.000000000000	0.034683612167	0.000000000000	20000
9	7	0.900000000000	0.700000000000	1	0.000000000000	0.310320000000	0.000000000000	0.036491495300	20000
9	7	0.900000000000	0.700000000000	2	0.000000000000	0.319180000000	0.000000000000	0.027765058950	8000
9	7	0.900000000000	0.700000000000	3	0.294960000000	0.000000000000	0.048292137357	0.000000000000	10000
9	7	0.900000000000	0.700000000000	4	0.000000000000	0.294360000000	0.000000000000	0.030834090568	30000
9	7	0.900000000000	0.700000000000	5	0.000000000000	0.286680000000	0.000000000000	0.039376746033	12000
9	8	0.900000000000	0.800000000000	1	0.306360000000	0.000000000000	0.036431822322	0.000000000000	16000
9	8	0.900000000000	0.800000000000	2	0.306440000000	0.000000000000	0.038115340470	0.000000000000	18000
9	8	0.900000000000	0.800000000000	3	0.318340000000	0.000000000000	0.032550021565	0.000000000000	14000
9	8	0.900000000000	0.800000000000	4	0.308800000000	0.000000000000	0.031539732953	0.000000000000	10000
9	8	0.900000000000	0.800000000000	5	0.000000000000	0.298200000000	0.000000000000	0.031307189911	14000
9	9	0.900000000000	0.900000000000	1	0.000000000000	0.296440000000	0.000000000000	0.034532867227	14000
9	9	0.900000000000	0.900000000000	2	0.307300000000	0.000000000000	0.035264054695	0.000000000000	30000
9	9	0.900000000000	0.900000000000	3	0.272720000000	0.000000000000	0.038736315030	0.000000000000	10000
9	9	0.900000000000	0.900000000000	4	0.000000000000	0.296520000000	0.000000000000	0.030437082909	24000
9	9	0.900000000000	0.900000000000	5	0.000000000000	0.305780000000	0.000000000000	0.038445671664	20000
9	10	0.900000000000	1.000000000000	1	0.000000000000	1.000000000000	0.000000000000	0.000000000000	6000
9	10	0.900000000000	1.000000000000	2	0.000000000000	1.000000000000	0.000000000000	0.000000000000	6000
9	10	0.900000000000	1.000000000000	3	0.000000000000	1.000000000000	0.000000000000	0.000000000000	6000
9	10	0.900000000000	1.000000000000	4	0.000000000000	1.000000000000	0.000000000000	0.000000000000	6000
9	10	0.900000000000	1.000000000000	5	0.000000000000	1.000000000000	0.000000000000	0.000000000000	6000
