# scan initial plane
# b 1.3
# r 0
# e -0.4
# N1 50
# N2 50
# P11 0.9
# p12 0.3
# P22 0.9
# T_MCS 1000
# T_MAX 30000
# W 2000
# UPDATE_RULE 0
# FERMI_BETA 1
# DEGREE_ALPHA 0.5
# DEGREE_FACTOR_MIN 0.5
# DEGREE_FACTOR_MAX 2
# ndiv 10
# n_reps 5
# A:(0,1),	A':(0,0.400),	B:(1,0),	B'=(0.400,0),	C:(1,1),	D:(0,0),	E:(0.235,0.235) 
# columns: ix iy x1_0 x2_0 rep x1_inf x2_inf sigma_1 sigma_2 t_relax
2	0	0.200000000000	0.000000000000	1	0.311300000000	0.000000000000	0.035490415179	0.000000000000	4000
2	0	0.200000000000	0.000000000000	2	0.322580000000	0.000000000000	0.036887725659	0.000000000000	6000
2	0	0.200000000000	0.000000000000	3	0.294120000000	0.000000000000	0.032025790408	0.000000000000	28000
2	0	0.200000000000	0.000000000000	4	0.303920000000	0.000000000000	0.030291106800	0.000000000000	10000
2	0	0.200000000000	0.000000000000	5	0.300360000000	0.000000000000	0.026649213508	0.000000000000	4000
2	1	0.200000000000	0.100000000000	1	0.307300000000	0.000000000000	0.029174666428	0.000000000000	6000
2	1	0.200000000000	0.100000000000	2	0.310460000000	0.000000000000	0.027909986875	0.000000000000	10000
2	1	0.200000000000	0.100000000000	3	0.305620000000	0.000000000000	0.037080865559	0.000000000000	30000
2	1	0.200000000000	0.100000000000	4	0.310580000000	0.000000000000	0.031633277798	0.000000000000	30000
2	1	0.200000000000	0.100000000000	5	0.322960000000	0.000000000000	0.033435854354	0.000000000000	20000
2	2	0.200000000000	0.200000000000	1	0.000000000000	0.317560000000	0.000000000000	0.033418006571	16000
2	2	0.200000000000	0.200000000000	2	0.316660000000	0.000000000000	0.029579035132	0.000000000000	20000
2	2	0.200000000000	0.200000000000	3	0.320960000000	0.000000000000	0.035994082486	0.000000000000	14000
2	2	0.200000000000	0.200000000000	4	0.269840000000	0.000000000000	0.037134261180	0.000000000000	30000
2	2	0.200000000000	0.200000000000	5	0.304320000000	0.000000000000	0.040494164732	0.000000000000	10000
2	3	0.200000000000	0.300000000000	1	0.000000000000	0.299840000000	0.000000000000	0.038666128193	10000
2	3	0.200000000000	0.300000000000	2	0.000000000000	0.315640000000	0.000000000000	0.038158176666	30000
2	3	0.200000000000	0.300000000000	3	0.000000000000	0.295480000000	0.000000000000	0.029537129888	30000
2	3	0.200000000000	0.300000000000	4	0.296980000000	0.000000000000	0.033675118613	0.000000000000	20000
2	3	0.200000000000	0.300000000000	5	0.302360000000	0.000000000000	0.034934951708	0.000000000000	10000
2	4	0.200000000000	0.400000000000	1	0.000000000000	0.291220000000	0.000000000000	0.027292058487	10000
2	4	0.200000000000	0.400000000000	2	0.000000000000	0.305260000000	0.000000000000	0.030881808336	12000
2	4	0.200000000000	0.400000000000	3	0.000000000000	0.303060000000	0.000000000000	0.035948973959	16000
2	4	0.200000000000	0.400000000000	4	0.303840000000	0.000000000000	0.031569780662	0.000000000000	6000
2	4	0.200000000000	0.400000000000	5	0.000000000000	0.306100000000	0.000000000000	0.036250573845	6000
2	5	0.200000000000	0.500000000000	1	0.000000000000	0.292900000000	0.000000000000	0.029114217105	14000
2	5	0.200000000000	0.500000000000	2	0.000000000000	0.289440000000	0.000000000000	0.035554894889	6000
2	5	0.200000000000	0.500000000000	3	0.000000000000	0.279240000000	0.000000000000	0.031730572469	24000
2	5	0.200000000000	0.500000000000	4	0.336280000000	0.000000000000	0.032112190719	0.000000000000	8000
2	5	0.200000000000	0.500000000000	5	0.000000000000	0.296100000000	0.000000000000	0.034963014922	8000
2	6	0.200000000000	0.600000000000	1	0.318220000000	0.000000000000	0.040423578091	0.000000000000	24000
2	6	0.200000000000	0.600000000000	2	0.000000000000	0.299920000000	0.000000000000	0.036206415240	16000
2	6	0.200000000000	0.600000000000	3	0.308640000000	0.000000000000	0.034201171327	0.000000000000	30000
2	6	0.200000000000	0.600000000000	4	0.000000000000	0.293680000000	0.000000000000	0.034123628500	20000
2	6	0.200000000000	0.600000000000	5	0.000000000000	0.289160000000	0.000000000000	0.037457943049	30000
2	7	0.200000000000	0.700000000000	1	0.000000000000	0.290440000000	0.000000000000	0.033754195972	6000
2	7	0.200000000000	0.700000000000	2	0.000000000000	0.299220000000	0.000000000000	0.032336314528	12000
2	7	0.200000000000	0.700000000000	3	0.000000000000	0.320260000000	0.000000000000	0.035743670908	6000
2	7	0.200000000000	0.700000000000	4	0.000000000000	0.290760000000	0.000000000000	0.029330575901	8000
2	7	0.200000000000	0.700000000000	5	0.000000000000	0.288980000000	0.000000000000	0.039866639549	12000
2	8	0.200000000000	0.800000000000	1	0.000000000000	0.301760000000	0.000000000000	0.032489351455	18000
2	8	0.200000000000	0.800000000000	2	0.000000000000	0.301760000000	0.000000000000	0.029273868199	18000
2	8	0.200000000000	0.800000000000	3	0.000000000000	0.320840000000	0.000000000000	0.035874522734	30000
2	8	0.200000000000	0.800000000000	4	0.000000000000	0.288820000000	0.000000000000	0.036352842105	24000
2	8	0.200000000000	0.800000000000	5	0.321140000000	0.000000000000	0.031951859434	0.000000000000	10000
2	9	0.200000000000	0.900000000000	1	0.000000000000	0.288120000000	0.000000000000	0.034768872206	28000
2	9	0.200000000000	0.900000000000	2	0.000000000000	0.314760000000	0.000000000000	0.029970663000	12000
2	9	0.200000000000	0.900000000000	3	0.000000000000	0.309720000000	0.000000000000	0.036645115151	30000
2	9	0.200000000000	0.900000000000	4	0.000000000000	0.296380000000	0.000000000000	0.029464618846	10000
2	9	0.200000000000	0.900000000000	5	0.328920000000	0.000000000000	0.031746518572	0.000000000000	6000
2	10	0.200000000000	1.000000000000	1	0.000000000000	1.000000000000	0.000000000000	0.000000000000	6000
2	10	0.200000000000	1.000000000000	2	0.000000000000	1.000000000000	0.000000000000	0.000000000000	6000
2	10	0.200000000000	1.000000000000	3	0.000000000000	1.000000000000	0.000000000000	0.000000000000	6000
2	10	0.200000000000	1.000000000000	4	0.000000000000	1.000000000000	0.000000000000	0.000000000000	6000
2	10	0.200000000000	1.000000000000	5	0.000000000000	1.000000000000	0.000000000000	0.000000000000	6000
3	0	0.300000000000	0.000000000000	1	0.315880000000	0.000000000000	0.037121470925	0.000000000000	4000
3	0	0.300000000000	0.000000000000	2	0.304280000000	0.000000000000	0.031891984866	0.000000000000	6000
3	0	0.300000000000	0.000000000000	3	0.306160000000	0.000000000000	0.037866717422	0.000000000000	4000
3	0	0.300000000000	0.000000000000	4	0.319160000000	0.000000000000	0.031513290648	0.000000000000	8000
3	0	0.300000000000	0.000000000000	5	0.325060000000	0.000000000000	0.032751626968	0.000000000000	4000
3	1	0.300000000000	0.100000000000	1	0.000000000000	0.310540000000	0.000000000000	0.036379002623	10000
3	1	0.300000000000	0.100000000000	2	0.000000000000	0.309100000000	0.000000000000	0.043186283182	10000
3	1	0.300000000000	0.100000000000	3	0.000000000000	0.299000000000	0.000000000000	0.041491222223	6000
3	1	0.300000000000	0.100000000000	4	0.000000000000	0.313180000000	0.000000000000	0.030757659755	8000
3	1	0.300000000000	0.100000000000	5	0.302220000000	0.000000000000	0.034302306748	0.000000000000	8000
3	2	0.300000000000	0.200000000000	1	0.300380000000	0.000000000000	0.038514139468	0.000000000000	14000
3	2	0.300000000000	0.200000000000	2	0.000000000000	0.296460000000	0.000000000000	0.034621771576	22000
3	2	0.300000000000	0.200000000000	3	0.320120000000	0.000000000000	0.030739722356	0.000000000000	16000
3	2	0.300000000000	0.200000000000	4	0.314820000000	0.000000000000	0.033338852396	0.000000000000	6000
3	2	0.300000000000	0.200000000000	5	0.000000000000	0.319420000000	0.000000000000	0.035015563535	18000
3	3	0.300000000000	0.300000000000	1	0.299760000000	0.000000000000	0.029216365208	0.000000000000	8000
3	3	0.300000000000	0.300000000000	2	0.317100000000	0.000000000000	0.037392354676	0.000000000000	6000
3	3	0.300000000000	0.300000000000	3	0.314100000000	0.000000000000	0.029934697027	0.000000000000	16000
3	3	0.300000000000	0.300000000000	4	0.312780000000	0.000000000000	0.031731348513	0.000000000000	14000
3	3	0.300000000000	0.300000000000	5	0.319140000000	0.000000000000	0.026539871227	0.000000000000	14000
3	4	0.300000000000	0.400000000000	1	0.000000000000	0.289260000000	0.000000000000	0.035954765263	22000
3	4	0.300000000000	0.400000000000	2	0.322080000000	0.000000000000	0.038930568827	0.000000000000	26000
3	4	0.300000000000	0.400000000000	3	0.300620000000	0.000000000000	0.036515050992	0.000000000000	12000
3	4	0.300000000000	0.400000000000	4	0.300040000000	0.000000000000	0.036711662263	0.000000000000	6000
3	4	0.300000000000	0.400000000000	5	0.000000000000	0.282320000000	0.000000000000	0.035483470471	10000
3	5	0.300000000000	0.500000000000	1	0.000000000000	0.285260000000	0.000000000000	0.037025711381	30000
3	5	0.300000000000	0.500000000000	2	0.310960000000	0.000000000000	0.035938419136	0.000000000000	10000
3	5	0.300000000000	0.500000000000	3	0.306960000000	0.000000000000	0.027747582387	0.000000000000	8000
3	5	0.300000000000	0.500000000000	4	0.000000000000	0.295040000000	0.000000000000	0.032760825259	26000
3	5	0.300000000000	0.500000000000	5	0.312640000000	0.000000000000	0.034008631066	0.000000000000	30000
3	6	0.300000000000	0.600000000000	1	0.314480000000	0.000000000000	0.031889599348	0.000000000000	8000
3	6	0.300000000000	0.600000000000	2	0.328600000000	0.000000000000	0.032358725053	0.000000000000	8000
3	6	0.300000000000	0.600000000000	3	0.318980000000	0.000000000000	0.034113389209	0.000000000000	6000
3	6	0.300000000000	0.600000000000	4	0.290480000000	0.000000000000	0.032087368219	0.000000000000	20000
3	6	0.300000000000	0.600000000000	5	0.000000000000	0.298500000000	0.000000000000	0.037271156933	8000
3	7	0.300000000000	0.700000000000	1	0.311300000000	0.000000000000	0.037014592799	0.000000000000	12000
3	7	0.300000000000	0.700000000000	2	0.000000000000	0.299740000000	0.000000000000	0.038118045404	30000
3	7	0.300000000000	0.700000000000	3	0.318200000000	0.000000000000	0.030306409858	0.000000000000	30000
3	7	0.300000000000	0.700000000000	4	0.301840000000	0.000000000000	0.024876358922	0.000000000000	6000
3	7	0.300000000000	0.700000000000	5	0.298500000000	0.000000000000	0.033106586143	0.000000000000	24000
3	8	0.300000000000	0.800000000000	1	0.319480000000	0.000000000000	0.035113566645	0.000000000000	28000
3	8	0.300000000000	0.800000000000	2	0.000000000000	0.313560000000	0.000000000000	0.035729581624	6000
3	8	0.300000000000	0.800000000000	3	0.000000000000	0.307580000000	0.000000000000	0.028992829875	12000
3	8	0.300000000000	0.800000000000	4	0.000000000000	0.300500000000	0.000000000000	0.043336220740	20000
3	8	0.300000000000	0.800000000000	5	0.000000000000	0.290360000000	0.000000000000	0.029744834092	18000
3	9	0.300000000000	0.900000000000	1	0.309960000000	0.000000000000	0.033626316021	0.000000000000	16000
3	9	0.300000000000	0.900000000000	2	0.000000000000	0.297840000000	0.000000000000	0.033485155751	12000
3	9	0.300000000000	0.900000000000	3	0.000000000000	0.297900000000	0.000000000000	0.032720951402	10000
3	9	0.300000000000	0.900000000000	4	0.345220000000	0.000000000000	0.029414568105	0.000000000000	22000
3	9	0.300000000000	0.900000000000	5	0.000000000000	0.298520000000	0.000000000000	0.036736346568	8000
3	10	0.300000000000	1.000000000000	1	0.000000000000	1.000000000000	0.000000000000	0.000000000000	6000
3	10	0.300000000000	1.000000000000	2	0.000000000000	1.000000000000	0.000000000000	0.000000000000	6000
3	10	0.300000000000	1.000000000000	3	0.000000000000	1.000000000000	0.000000000000	0.000000000000	6000
3	10	0.300000000000	1.000000000000	4	0.000000000000	1.000000000000	0.000000000000	0.000000000000	6000
3	10	0.300000000000	1.000000000000	5	0.000000000000	1.000000000000	0.000000000000	0.000000000000	6000
