# scan initial plane
# b 1.3
# r 0
# e -0.4
# N1 50
# N2 50
# P11 0.9
# p12 0.3
# P22 0.9
# T_MCS 1000
# T_MAX 30000
# W 2000
# UPDATE_RULE 0
# FERMI_BETA 1
# DEGREE_ALPHA 0.5
# DEGREE_FACTOR_MIN 0.5
# DEGREE_FACTOR_MAX 2
# ndiv 10
# n_reps 5
# A:(0,1),	A':(0,0.400),	B:(1,0),	B'=(0.400,0),	C:(1,1),	D:(0,0),	E:(0.235,0.235) 
# columns: ix iy x1_0 x2_0 rep x1_inf x2_inf sigma_1 sigma_2 t_relax
6	0	0.600000000000	0.000000000000	1	0.310660000000	0.000000000000	0.036299890938	0.000000000000	20000
6	0	0.600000000000	0.000000000000	2	0.296440000000	0.000000000000	0.032942550169	0.000000000000	14000
6	0	0.600000000000	0.000000000000	3	0.304500000000	0.000000000000	0.035073924505	0.000000000000	30000
6	0	0.600000000000	0.000000000000	4	0.294800000000	0.000000000000	0.032130863549	0.000000000000	12000
6	0	0.600000000000	0.000000000000	5	0.303920000000	0.000000000000	0.036611118174	0.000000000000	6000
6	1	0.600000000000	0.100000000000	1	0.294240000000	0.000000000000	0.032506600546	0.000000000000	6000
6	1	0.600000000000	0.100000000000	2	0.306800000000	0.000000000000	0.034054657827	0.000000000000	6000
6	1	0.600000000000	0.100000000000	3	0.000000000000	0.316100000000	0.000000000000	0.030392658879	20000
6	1	0.600000000000	0.100000000000	4	0.313080000000	0.000000000000	0.032796176442	0.000000000000	6000
6	1	0.600000000000	0.100000000000	5	0.000000000000	0.292200000000	0.000000000000	0.032002877748	14000
6	2	0.600000000000	0.200000000000	1	0.288940000000	0.000000000000	0.028476082724	0.000000000000	26000
6	2	0.600000000000	0.200000000000	2	0.309240000000	0.000000000000	0.027513258247	0.000000000000	16000
6	2	0.600000000000	0.200000000000	3	0.314440000000	0.000000000000	0.031706335198	0.000000000000	6000
6	2	0.600000000000	0.200000000000	4	0.316800000000	0.000000000000	0.035629053165	0.000000000000	18000
6	2	0.600000000000	0.200000000000	5	0.000000000000	0.291700000000	0.000000000000	0.031248783760	18000
6	3	0.600000000000	0.300000000000	1	0.334380000000	0.000000000000	0.031167081785	0.000000000000	6000
6	3	0.600000000000	0.300000000000	2	0.307900000000	0.000000000000	0.028163508006	0.000000000000	22000
6	3	0.600000000000	0.300000000000	3	0.000000000000	0.286200000000	0.000000000000	0.029257751383	8000
6	3	0.600000000000	0.300000000000	4	0.330900000000	0.000000000000	0.033098119063	0.000000000000	16000
6	3	0.600000000000	0.300000000000	5	0.311260000000	0.000000000000	0.027928343889	0.000000000000	22000
6	4	0.600000000000	0.400000000000	1	0.000000000000	0.277400000000	0.000000000000	0.035912807322	18000
6	4	0.600000000000	0.400000000000	2	0.000000000000	0.298580000000	0.000000000000	0.037488518095	14000
6	4	0.600000000000	0.400000000000	3	0.000000000000	0.300360000000	0.000000000000	0.033156745464	6000
6	4	0.600000000000	0.400000000000	4	0.000000000000	0.286220000000	0.000000000000	0.043381950090	14000
6	4	0.600000000000	0.400000000000	5	0.000000000000	0.291040000000	0.000000000000	0.035124808215	24000
6	5	0.600000000000	0.500000000000	1	0.316360000000	0.000000000000	0.027119843028	0.000000000000	12000
6	5	0.600000000000	0.500000000000	2	0.000000000000	0.293640000000	0.000000000000	0.038306889952	6000
6	5	0.600000000000	0.500000000000	3	0.000000000000	0.279900000000	0.000000000000	0.028502673601	20000
6	5	0.600000000000	0.500000000000	4	0.327780000000	0.000000000000	0.035410810857	0.000000000000	12000
6	5	0.600000000000	0.500000000000	5	0.322280000000	0.000000000000	0.029954947820	0.000000000000	10000
6	6	0.600000000000	0.600000000000	1	0.302300000000	0.000000000000	0.030503121815	0.000000000000	14000
6	6	0.600000000000	0.600000000000	2	0.000000000000	0.317460000000	0.000000000000	0.033272442884	8000
6	6	0.600000000000	0.600000000000	3	0.298360000000	0.000000000000	0.033009089657	0.000000000000	30000
6	6	0.600000000000	0.600000000000	4	0.000000000000	0.318160000000	0.000000000000	0.029007858519	12000
6	6	0.600000000000	0.600000000000	5	0.000000000000	0.310600000000	0.000000000000	0.041489292129	6000
6	7	0.600000000000	0.700000000000	1	0.310620000000	0.000000000000	0.035733632512	0.000000000000	22000
6	7	0.600000000000	0.700000000000	2	0.000000000000	0.306100000000	0.000000000000	0.035310576841	26000
6	7	0.600000000000	0.700000000000	3	0.299780000000	0.000000000000	0.034582474572	0.000000000000	26000
6	7	0.600000000000	0.700000000000	4	0.000000000000	0.316540000000	0.000000000000	0.035112124135	26000
6	7	0.600000000000	0.700000000000	5	0.313580000000	0.000000000000	0.036514612375	0.000000000000	12000
6	8	0.600000000000	0.800000000000	1	0.303420000000	0.000000000000	0.030712324022	0.000000000000	30000
6	8	0.600000000000	0.800000000000	2	0.000000000000	0.327180000000	0.000000000000	0.044896138623	6000
6	8	0.600000000000	0.800000000000	3	0.000000000000	0.280600000000	0.000000000000	0.033273820748	30000
6	8	0.600000000000	0.800000000000	4	0.000000000000	0.306660000000	0.000000000000	0.041407233172	18000
6	8	0.600000000000	0.800000000000	5	0.000000000000	0.285720000000	0.000000000000	0.032525982530	14000
6	9	0.600000000000	0.900000000000	1	0.000000000000	0.312580000000	0.000000000000	0.032061995752	8000
6	9	0.600000000000	0.900000000000	2	0.000000000000	0.308600000000	0.000000000000	0.036837440153	22000
6	9	0.600000000000	0.900000000000	3	0.000000000000	0.294280000000	0.000000000000	0.034462577809	16000
6	9	0.600000000000	0.900000000000	4	0.000000000000	0.280700000000	0.000000000000	0.034622372950	30000
6	9	0.600000000000	0.900000000000	5	0.307040000000	0.000000000000	0.035548587906	0.000000000000	30000
6	10	0.600000000000	1.000000000000	1	0.000000000000	1.000000000000	0.000000000000	0.000000000000	6000
6	10	0.600000000000	1.000000000000	2	0.000000000000	1.000000000000	0.000000000000	0.000000000000	6000
6	10	0.600000000000	1.000000000000	3	0.000000000000	1.000000000000	0.000000000000	0.000000000000	6000
6	10	0.600000000000	1.000000000000	4	0.000000000000	1.000000000000	0.000000000000	0.000000000000	6000
6	10	0.600000000000	1.000000000000	5	0.000000000000	1.000000000000	0.000000000000	0.000000000000	6000
7	0	0.700000000000	0.000000000000	1	0.308240000000	0.000000000000	0.040469002213	0.000000000000	4000
7	0	0.700000000000	0.000000000000	2	0.308140000000	0.000000000000	0.031936818257	0.000000000000	20000
7	0	0.700000000000	0.000000000000	3	0.300020000000	0.000000000000	0.038034803092	0.000000000000	22000
7	0	0.700000000000	0.000000000000	4	0.299200000000	0.000000000000	0.030885496822	0.000000000000	6000
7	0	0.700000000000	0.000000000000	5	0.303560000000	0.000000000000	0.030190028782	0.000000000000	10000
7	1	0.700000000000	0.100000000000	1	0.325240000000	0.000000000000	0.033383481796	0.000000000000	22000
7	1	0.700000000000	0.100000000000	2	0.000000000000	0.290520000000	0.000000000000	0.034781307326	10000
7	1	0.700000000000	0.100000000000	3	0.293780000000	0.000000000000	0.036163786022	0.000000000000	30000
7	1	0.700000000000	0.100000000000	4	0.314120000000	0.000000000000	0.033288642714	0.000000000000	22000
7	1	0.700000000000	0.100000000000	5	0.313360000000	0.000000000000	0.026889281014	0.000000000000	8000
7	2	0.700000000000	0.200000000000	1	0.304820000000	0.000000000000	0.031568404524	0.000000000000	16000
7	2	0.700000000000	0.200000000000	2	0.299060000000	0.000000000000	0.033631048860	0.000000000000	6000
7	2	0.700000000000	0.200000000000	3	0.318440000000	0.000000000000	0.033697209111	0.000000000000	10000
7	2	0.700000000000	0.200000000000	4	0.000000000000	0.297080000000	0.000000000000	0.030990870172	10000
7	2	0.700000000000	0.200000000000	5	0.312500000000	0.000000000000	0.037873267411	0.000000000000	6000
7	3	0.700000000000	0.300000000000	1	0.331320000000	0.000000000000	0.039281046328	0.000000000000	28000
7	3	0.700000000000	0.300000000000	2	0.000000000000	0.294740000000	0.000000000000	0.035726863965	22000
7	3	0.700000000000	0.300000000000	3	0.307980000000	0.000000000000	0.031814017850	0.000000000000	16000
7	3	0.700000000000	0.300000000000	4	0.288460000000	0.000000000000	0.040783473267	0.000000000000	24000
7	3	0.700000000000	0.300000000000	5	0.298320000000	0.000000000000	0.038171123047	0.000000000000	6000
7	4	0.700000000000	0.400000000000	1	0.333000000000	0.000000000000	0.033765961265	0.000000000000	14000
7	4	0.700000000000	0.400000000000	2	0.295900000000	0.000000000000	0.035168548830	0.000000000000	12000
7	4	0.700000000000	0.400000000000	3	0.303840000000	0.000000000000	0.035979840869	0.000000000000	10000
7	4	0.700000000000	0.400000000000	4	0.332860000000	0.000000000000	0.038498084400	0.000000000000	18000
7	4	0.700000000000	0.400000000000	5	0.000000000000	0.309100000000	0.000000000000	0.040308991737	20000
7	5	0.700000000000	0.500000000000	1	0.339700000000	0.000000000000	0.041449101655	0.000000000000	30000
7	5	0.700000000000	0.500000000000	2	0.323640000000	0.000000000000	0.037981482238	0.000000000000	20000
7	5	0.700000000000	0.500000000000	3	0.299560000000	0.000000000000	0.032000475472	0.000000000000	6000
7	5	0.700000000000	0.500000000000	4	0.000000000000	0.301880000000	0.000000000000	0.032073264478	8000
7	5	0.700000000000	0.500000000000	5	0.000000000000	0.304420000000	0.000000000000	0.029382425477	16000
7	6	0.700000000000	0.600000000000	1	0.000000000000	0.300140000000	0.000000000000	0.042536922665	30000
7	6	0.700000000000	0.600000000000	2	0.335120000000	0.000000000000	0.031843360369	0.000000000000	8000
7	6	0.700000000000	0.600000000000	3	0.309560000000	0.000000000000	0.032286976459	0.000000000000	6000
7	6	0.700000000000	0.600000000000	4	0.303880000000	0.000000000000	0.029192427062	0.000000000000	30000
7	6	0.700000000000	0.600000000000	5	0.323440000000	0.000000000000	0.034428937709	0.000000000000	16000
7	7	0.700000000000	0.700000000000	1	0.000000000000	0.295360000000	0.000000000000	0.031879251664	8000
7	7	0.700000000000	0.700000000000	2	0.000000000000	0.287740000000	0.000000000000	0.036091480920	6000
7	7	0.700000000000	0.700000000000	3	0.000000000000	0.294920000000	0.000000000000	0.042398009283	16000
7	7	0.700000000000	0.700000000000	4	0.000000000000	0.284060000000	0.000000000000	0.032151985167	6000
7	7	0.700000000000	0.700000000000	5	0.000000000000	0.302220000000	0.000000000000	0.039601008066	10000
7	8	0.700000000000	0.800000000000	1	0.000000000000	0.306120000000	0.000000000000	0.030898224873	16000
7	8	0.700000000000	0.800000000000	2	0.307040000000	0.000000000000	0.036592039809	0.000000000000	18000
7	8	0.700000000000	0.800000000000	3	0.290880000000	0.000000000000	0.037670208981	0.000000000000	30000
7	8	0.700000000000	0.800000000000	4	0.000000000000	0.291000000000	0.000000000000	0.028896972766	12000
7	8	0.700000000000	0.800000000000	5	0.000000000000	0.286680000000	0.000000000000	0.030911698969	30000
7	9	0.700000000000	0.900000000000	1	0.296000000000	0.000000000000	0.039879698976	0.000000000000	30000
7	9	0.700000000000	0.900000000000	2	0.000000000000	0.308880000000	0.000000000000	0.033524162472	30000
7	9	0.700000000000	0.900000000000	3	0.000000000000	0.308140000000	0.000000000000	0.032236308405	24000
7	9	0.700000000000	0.900000000000	4	0.000000000000	0.299660000000	0.000000000000	0.034500357602	6000
7	9	0.700000000000	0.900000000000	5	0.310900000000	0.000000000000	0.030687647869	0.000000000000	14000
7	10	0.700000000000	1.000000000000	1	0.000000000000	1.000000000000	0.000000000000	0.000000000000	6000
7	10	0.700000000000	1.000000000000	2	0.000000000000	1.000000000000	0.000000000000	0.000000000000	6000
7	10	0.700000000000	1.000000000000	3	0.000000000000	1.000000000000	0.000000000000	0.000000000000	6000
7	10	0.700000000000	1.000000000000	4	0.000000000000	1.000000000000	0.000000000000	0.000000000000	6000
7	10	0.700000000000	1.000000000000	5	0.000000000000	1.000000000000	0.000000000000	0.000000000000	6000
