# scan initial plane
# b 1.15
# r 0
# e -0.4
# p12 0.21
# ndiv 8
# n_reps 3
# A:(0,1),	A':(0,0.560),	B:(1,0),	B'=(0.560,0),	C:(1,1),	D:(0,0),	E:(0.316,0.316) 
# columns: ix iy x1_0 x2_0 rep x1_inf x2_inf sigma_1 sigma_2 t_relax
0	0	0.000000000000	0.000000000000	1	0.000000000000	0.000000000000	0.000000000000	0.000000000000	4000
0	0	0.000000000000	0.000000000000	2	0.000000000000	0.000000000000	0.000000000000	0.000000000000	4000
0	0	0.000000000000	0.000000000000	3	0.000000000000	0.000000000000	0.000000000000	0.000000000000	4000
0	1	0.000000000000	0.124000000000	1	0.000000000000	0.687376000000	0.000000000000	0.011371364559	16000
0	1	0.000000000000	0.124000000000	2	0.000000000000	0.671250000000	0.000000000000	0.011539786249	18000
0	1	0.000000000000	0.124000000000	3	0.000000000000	0.677380000000	0.000000000000	0.010313581821	6000
0	2	0.000000000000	0.250000000000	1	0.000000000000	0.676254000000	0.000000000000	0.012584508487	10000
0	2	0.000000000000	0.250000000000	2	0.000000000000	0.684962000000	0.000000000000	0.009425465261	24000
0	2	0.000000000000	0.250000000000	3	0.000000000000	0.691952000000	0.000000000000	0.009071272457	28000
0	3	0.000000000000	0.374000000000	1	0.000000000000	0.673362000000	0.000000000000	0.012346878205	52000
0	3	0.000000000000	0.374000000000	2	0.000000000000	0.680760000000	0.000000000000	0.015750761457	34000
0	3	0.000000000000	0.374000000000	3	0.000000000000	0.665164000000	0.000000000000	0.009398160960	12000
0	4	0.000000000000	0.500000000000	1	0.000000000000	0.674642000000	0.000000000000	0.010801690262	4000
0	4	0.000000000000	0.500000000000	2	0.000000000000	0.680606000000	0.000000000000	0.009630447005	10000
0	4	0.000000000000	0.500000000000	3	0.000000000000	0.666730000000	0.000000000000	0.012153798370	60000
0	5	0.000000000000	0.624000000000	1	0.000000000000	0.672780000000	0.000000000000	0.010591306613	12000
0	5	0.000000000000	0.624000000000	2	0.000000000000	0.666996000000	0.000000000000	0.013809224405	28000
0	5	0.000000000000	0.624000000000	3	0.000000000000	0.682346000000	0.000000000000	0.011203651450	18000
0	6	0.000000000000	0.750000000000	1	0.000000000000	0.687572000000	0.000000000000	0.011693140962	34000
0	6	0.000000000000	0.750000000000	2	0.000000000000	0.687484000000	0.000000000000	0.014013497855	16000
0	6	0.000000000000	0.750000000000	3	0.000000000000	0.673142000000	0.000000000000	0.009179111727	24000
0	7	0.000000000000	0.874000000000	1	0.000000000000	0.665178000000	0.000000000000	0.010535241208	28000
0	7	0.000000000000	0.874000000000	2	0.000000000000	0.684440000000	0.000000000000	0.011563222220	52000
0	7	0.000000000000	0.874000000000	3	0.000000000000	0.683788000000	0.000000000000	0.012021129879	18000
0	8	0.000000000000	1.000000000000	1	0.000000000000	1.000000000000	0.000000000000	0.000000000000	4000
0	8	0.000000000000	1.000000000000	2	0.000000000000	1.000000000000	0.000000000000	0.000000000000	4000
0	8	0.000000000000	1.000000000000	3	0.000000000000	1.000000000000	0.000000000000	0.000000000000	4000
