# scan initial plane
# b 1.3
# r 0
# e -0.4
# p12 0.1
# ndiv 10
# n_reps 5
# A:(0,1),	A':(0,0.133),	B:(1,0),	B'=(0.133,0),	C:(1,1),	D:(0,0),	E:(0.108,0.108) 
# columns: ix iy x1_0 x2_0 rep x1_inf x2_inf sigma_1 sigma_2 t_relax
9	0	0.900000000000	0.000000000000	1	0.094680000000	0.000000000000	0.015123700814	0.000000000000	14000
9	0	0.900000000000	0.000000000000	2	0.091640000000	0.000000000000	0.014391578007	0.000000000000	16000
9	0	0.900000000000	0.000000000000	3	0.088260000000	0.000000000000	0.014246942668	0.000000000000	10000
9	0	0.900000000000	0.000000000000	4	0.100910000000	0.000000000000	0.012042296995	0.000000000000	14000
9	0	0.900000000000	0.000000000000	5	0.081180000000	0.000000000000	0.013870832708	0.000000000000	6000
9	1	0.900000000000	0.100000000000	1	0.000000000000	0.090210000000	0.000000000000	0.016171500160	10000
9	1	0.900000000000	0.100000000000	2	0.100960000000	0.000000000000	0.012963272984	0.000000000000	30000
9	1	0.900000000000	0.100000000000	3	0.092280000000	0.000000000000	0.014373872415	0.000000000000	18000
9	1	0.900000000000	0.100000000000	4	0.061460000000	0.074080000000	0.016761543764	0.018748469407	30000
9	1	0.900000000000	0.100000000000	5	0.084610000000	0.000000000000	0.014312678043	0.000000000000	18000
9	2	0.900000000000	0.200000000000	1	0.000000000000	0.097400000000	0.000000000000	0.011695160400	8000
9	2	0.900000000000	0.200000000000	2	0.070180000000	0.090190000000	0.019076989583	0.022895154249	30000
9	2	0.900000000000	0.200000000000	3	0.069610000000	0.071900000000	0.022366227848	0.015755578004	30000
9	2	0.900000000000	0.200000000000	4	0.071030000000	0.077050000000	0.017173643586	0.017381012617	30000
9	2	0.900000000000	0.200000000000	5	0.081420000000	0.067960000000	0.010559123784	0.016238907048	30000
9	3	0.900000000000	0.300000000000	1	0.095390000000	0.000000000000	0.013865069064	0.000000000000	30000
9	3	0.900000000000	0.300000000000	2	0.081600000000	0.031040000000	0.015247047992	0.025576797543	30000
9	3	0.900000000000	0.300000000000	3	0.076030000000	0.048180000000	0.016334194376	0.013463612772	30000
9	3	0.900000000000	0.300000000000	4	0.095020000000	0.000000000000	0.013827175807	0.000000000000	16000
9	3	0.900000000000	0.300000000000	5	0.066430000000	0.073380000000	0.015165259150	0.012764738091	30000
9	4	0.900000000000	0.400000000000	1	0.000000000000	0.090500000000	0.000000000000	0.015645919430	16000
9	4	0.900000000000	0.400000000000	2	0.000000000000	0.091620000000	0.000000000000	0.012358330321	30000
9	4	0.900000000000	0.400000000000	3	0.066200000000	0.083830000000	0.019943865166	0.015246755837	30000
9	4	0.900000000000	0.400000000000	4	0.000000000000	0.089600000000	0.000000000000	0.011133910542	30000
9	4	0.900000000000	0.400000000000	5	0.037070000000	0.077350000000	0.032544957740	0.014801911924	30000
9	5	0.900000000000	0.500000000000	1	0.090530000000	0.000000000000	0.014178156443	0.000000000000	30000
9	5	0.900000000000	0.500000000000	2	0.090620000000	0.000000000000	0.014609210418	0.000000000000	16000
9	5	0.900000000000	0.500000000000	3	0.000000000000	0.090810000000	0.000000000000	0.012401519975	30000
9	5	0.900000000000	0.500000000000	4	0.091560000000	0.000000000000	0.018376727241	0.000000000000	22000
9	5	0.900000000000	0.500000000000	5	0.000000000000	0.095390000000	0.000000000000	0.014015860457	30000
9	6	0.900000000000	0.600000000000	1	0.073690000000	0.070250000000	0.013880798845	0.018632892547	30000
9	6	0.900000000000	0.600000000000	2	0.097770000000	0.000000000000	0.011809596376	0.000000000000	30000
9	6	0.900000000000	0.600000000000	3	0.097850000000	0.000000000000	0.012760891048	0.000000000000	12000
9	6	0.900000000000	0.600000000000	4	0.071830000000	0.046910000000	0.018641314294	0.014784129006	30000
9	6	0.900000000000	0.600000000000	5	0.091320000000	0.000000000000	0.013154110788	0.000000000000	30000
9	7	0.900000000000	0.700000000000	1	0.062640000000	0.067700000000	0.016849757100	0.020433490341	30000
9	7	0.900000000000	0.700000000000	2	0.100240000000	0.000000000000	0.013882908022	0.000000000000	30000
9	7	0.900000000000	0.700000000000	3	0.000000000000	0.087640000000	0.000000000000	0.012907245911	30000
9	7	0.900000000000	0.700000000000	4	0.091280000000	0.000000000000	0.013998484116	0.000000000000	26000
9	7	0.900000000000	0.700000000000	5	0.044240000000	0.085600000000	0.015680187125	0.017009683399	30000
9	8	0.900000000000	0.800000000000	1	0.000000000000	0.081280000000	0.000000000000	0.016006805360	14000
9	8	0.900000000000	0.800000000000	2	0.074510000000	0.066280000000	0.016638411485	0.016662509992	30000
9	8	0.900000000000	0.800000000000	3	0.000000000000	0.086030000000	0.000000000000	0.016260489030	24000
9	8	0.900000000000	0.800000000000	4	0.095600000000	0.000000000000	0.020387634872	0.000000000000	26000
9	8	0.900000000000	0.800000000000	5	0.060050000000	0.076330000000	0.014307417734	0.017179238232	30000
9	9	0.900000000000	0.900000000000	1	0.069050000000	0.067120000000	0.019436441940	0.017889260064	30000
9	9	0.900000000000	0.900000000000	2	0.000000000000	0.083940000000	0.000000000000	0.014445936629	18000
9	9	0.900000000000	0.900000000000	3	0.062880000000	0.050750000000	0.015631696963	0.013591255359	30000
9	9	0.900000000000	0.900000000000	4	0.000000000000	0.098900000000	0.000000000000	0.013204709931	30000
9	9	0.900000000000	0.900000000000	5	0.063860000000	0.068760000000	0.016899289511	0.016066129606	30000
9	10	0.900000000000	1.000000000000	1	0.000000000000	1.000000000000	0.000000000000	0.000000000000	6000
9	10	0.900000000000	1.000000000000	2	0.000000000000	1.000000000000	0.000000000000	0.000000000000	6000
9	10	0.900000000000	1.000000000000	3	0.000000000000	1.000000000000	0.000000000000	0.000000000000	6000
9	10	0.900000000000	1.000000000000	4	0.000000000000	1.000000000000	0.000000000000	0.000000000000	6000
9	10	0.900000000000	1.000000000000	5	0.000000000000	1.000000000000	0.000000000000	0.000000000000	6000
