# scan initial plane
# b 1.3
# r 0
# e -0.4
# p12 0.1
# ndiv 10
# n_reps 5
# A:(0,1),	A':(0,0.133),	B:(1,0),	B'=(0.133,0),	C:(1,1),	D:(0,0),	E:(0.108,0.108) 
# columns: ix iy x1_0 x2_0 rep x1_inf x2_inf sigma_1 sigma_2 t_relax
2	0	0.200000000000	0.000000000000	1	0.092800000000	0.000000000000	0.014428034106	0.000000000000	6000
2	0	0.200000000000	0.000000000000	2	0.100610000000	0.000000000000	0.013766532512	0.000000000000	4000
2	0	0.200000000000	0.000000000000	3	0.086680000000	0.000000000000	0.015000086753	0.000000000000	30000
2	0	0.200000000000	0.000000000000	4	0.091730000000	0.000000000000	0.013553257571	0.000000000000	30000
2	0	0.200000000000	0.000000000000	5	0.092400000000	0.000000000000	0.013979822439	0.000000000000	10000
2	1	0.200000000000	0.100000000000	1	0.000000000000	0.089880000000	0.000000000000	0.016144542305	22000
2	1	0.200000000000	0.100000000000	2	0.066390000000	0.078930000000	0.027514085937	0.020088769466	30000
2	1	0.200000000000	0.100000000000	3	0.077270000000	0.034640000000	0.018968576829	0.020016769746	30000
2	1	0.200000000000	0.100000000000	4	0.079940000000	0.000000000000	0.013151781985	0.000000000000	10000
2	1	0.200000000000	0.100000000000	5	0.000000000000	0.085040000000	0.000000000000	0.014134999052	18000
2	2	0.200000000000	0.200000000000	1	0.055320000000	0.072870000000	0.014829616230	0.012198848795	30000
2	2	0.200000000000	0.200000000000	2	0.100040000000	0.000000000000	0.013681578329	0.000000000000	14000
2	2	0.200000000000	0.200000000000	3	0.081180000000	0.000000000000	0.014560893503	0.000000000000	10000
2	2	0.200000000000	0.200000000000	4	0.000000000000	0.088490000000	0.000000000000	0.016077262776	26000
2	2	0.200000000000	0.200000000000	5	0.070460000000	0.068930000000	0.013725041959	0.013399053498	30000
2	3	0.200000000000	0.300000000000	1	0.067840000000	0.082810000000	0.016607534742	0.015226153018	30000
2	3	0.200000000000	0.300000000000	2	0.000000000000	0.100180000000	0.000000000000	0.019762544324	28000
2	3	0.200000000000	0.300000000000	3	0.000000000000	0.089100000000	0.000000000000	0.017512758112	14000
2	3	0.200000000000	0.300000000000	4	0.000000000000	0.080770000000	0.000000000000	0.020157217403	12000
2	3	0.200000000000	0.300000000000	5	0.086370000000	0.066780000000	0.019419067954	0.017044709505	30000
2	4	0.200000000000	0.400000000000	1	0.079340000000	0.072130000000	0.018966394600	0.015627133688	30000
2	4	0.200000000000	0.400000000000	2	0.068950000000	0.080850000000	0.016555107114	0.014559858842	30000
2	4	0.200000000000	0.400000000000	3	0.073910000000	0.067790000000	0.014184960808	0.012758474779	30000
2	4	0.200000000000	0.400000000000	4	0.000000000000	0.083760000000	0.000000000000	0.017086671834	28000
2	4	0.200000000000	0.400000000000	5	0.083510000000	0.073530000000	0.022277256927	0.018611434267	30000
2	5	0.200000000000	0.500000000000	1	0.084720000000	0.000000000000	0.016241471158	0.000000000000	30000
2	5	0.200000000000	0.500000000000	2	0.098520000000	0.000000000000	0.015609396313	0.000000000000	14000
2	5	0.200000000000	0.500000000000	3	0.055020000000	0.067670000000	0.009353453217	0.017104492499	30000
2	5	0.200000000000	0.500000000000	4	0.060150000000	0.080620000000	0.016527269909	0.016020994734	30000
2	5	0.200000000000	0.500000000000	5	0.075000000000	0.055310000000	0.015951628583	0.020340049597	8000
2	6	0.200000000000	0.600000000000	1	0.058930000000	0.096540000000	0.017699388926	0.020563347277	30000
2	6	0.200000000000	0.600000000000	2	0.000000000000	0.096140000000	0.000000000000	0.011560018773	18000
2	6	0.200000000000	0.600000000000	3	0.071530000000	0.073190000000	0.013066362532	0.022018372072	30000
2	6	0.200000000000	0.600000000000	4	0.066430000000	0.068220000000	0.022818321055	0.019570759173	30000
2	6	0.200000000000	0.600000000000	5	0.073940000000	0.075120000000	0.020437565758	0.016711219730	30000
2	7	0.200000000000	0.700000000000	1	0.079920000000	0.066630000000	0.022766464634	0.016149424259	30000
2	7	0.200000000000	0.700000000000	2	0.000000000000	0.084260000000	0.000000000000	0.020451666697	30000
2	7	0.200000000000	0.700000000000	3	0.072900000000	0.079540000000	0.015100265495	0.012479749362	30000
2	7	0.200000000000	0.700000000000	4	0.086140000000	0.000000000000	0.018249203638	0.000000000000	30000
2	7	0.200000000000	0.700000000000	5	0.074920000000	0.077070000000	0.021024643532	0.018407986146	30000
2	8	0.200000000000	0.800000000000	1	0.087640000000	0.000000000000	0.019157176133	0.000000000000	30000
2	8	0.200000000000	0.800000000000	2	0.077300000000	0.047280000000	0.017152381881	0.014873561202	30000
2	8	0.200000000000	0.800000000000	3	0.073440000000	0.047820000000	0.013869346010	0.011205943654	30000
2	8	0.200000000000	0.800000000000	4	0.094340000000	0.000000000000	0.018267405347	0.000000000000	26000
2	8	0.200000000000	0.800000000000	5	0.062770000000	0.071680000000	0.015154430268	0.015205551907	30000
2	9	0.200000000000	0.900000000000	1	0.086200000000	0.062840000000	0.016656453327	0.018468228813	30000
2	9	0.200000000000	0.900000000000	2	0.083510000000	0.049410000000	0.017997327685	0.028979159610	30000
2	9	0.200000000000	0.900000000000	3	0.072700000000	0.065080000000	0.010631228669	0.013082995252	30000
2	9	0.200000000000	0.900000000000	4	0.087460000000	0.000000000000	0.012284107591	0.000000000000	14000
2	9	0.200000000000	0.900000000000	5	0.084480000000	0.051570000000	0.015243423564	0.017887287526	30000
2	10	0.200000000000	1.000000000000	1	0.000000000000	1.000000000000	0.000000000000	0.000000000000	6000
2	10	0.200000000000	1.000000000000	2	0.000000000000	1.000000000000	0.000000000000	0.000000000000	6000
2	10	0.200000000000	1.000000000000	3	0.000000000000	1.000000000000	0.000000000000	0.000000000000	6000
2	10	0.200000000000	1.000000000000	4	0.000000000000	1.000000000000	0.000000000000	0.000000000000	6000
2	10	0.200000000000	1.000000000000	5	0.000000000000	1.000000000000	0.000000000000	0.000000000000	6000
