# scan initial plane
# b 1.12
# r 0
# e -0.4
# p12 0.1
# ndiv 12
# n_reps 5
# A:(0,1),	A':(0,0.167),	B:(1,0),	B'=(0.667,0),	C:(1,1),	D:(0,0),	E:(0.643,0.027) 
# columns: ix iy x1_0 x2_0 rep x1_inf x2_inf sigma_1 sigma_2 t_relax
2	0	0.160000000000	0.000000000000	1	0.306000000000	0.000000000000	0.069886222420	0.000000000000	8000
2	0	0.160000000000	0.000000000000	2	0.321040000000	0.000000000000	0.058943980123	0.000000000000	26000
2	0	0.160000000000	0.000000000000	3	0.263200000000	0.000000000000	0.074092169962	0.000000000000	14000
2	0	0.160000000000	0.000000000000	4	0.282720000000	0.000000000000	0.093986355579	0.000000000000	10000
2	0	0.160000000000	0.000000000000	5	0.333720000000	0.000000000000	0.080572038906	0.000000000000	8000
2	1	0.160000000000	0.080000000000	1	0.327000000000	0.000000000000	0.071549418721	0.000000000000	22000
2	1	0.160000000000	0.080000000000	2	0.298400000000	0.000000000000	0.057917133859	0.000000000000	16000
2	1	0.160000000000	0.080000000000	3	0.356000000000	0.000000000000	0.096414188249	0.000000000000	24000
2	1	0.160000000000	0.080000000000	4	0.278720000000	0.000000000000	0.062602561295	0.000000000000	16000
2	1	0.160000000000	0.080000000000	5	0.306880000000	0.000000000000	0.076147646478	0.000000000000	12000
2	2	0.160000000000	0.160000000000	1	0.320200000000	0.000000000000	0.077879555887	0.000000000000	10000
2	2	0.160000000000	0.160000000000	2	0.299640000000	0.000000000000	0.075040665652	0.000000000000	18000
2	2	0.160000000000	0.160000000000	3	0.359280000000	0.000000000000	0.076454737766	0.000000000000	30000
2	2	0.160000000000	0.160000000000	4	0.311360000000	0.000000000000	0.096905836466	0.000000000000	8000
2	2	0.160000000000	0.160000000000	5	0.323120000000	0.000000000000	0.075572328115	0.000000000000	10000
2	3	0.160000000000	0.240000000000	1	0.312200000000	0.000000000000	0.050763539445	0.000000000000	22000
2	3	0.160000000000	0.240000000000	2	0.360440000000	0.000000000000	0.064937071255	0.000000000000	30000
2	3	0.160000000000	0.240000000000	3	0.301640000000	0.000000000000	0.081136264971	0.000000000000	28000
2	3	0.160000000000	0.240000000000	4	0.290880000000	0.000000000000	0.076583880097	0.000000000000	8000
2	3	0.160000000000	0.240000000000	5	0.329000000000	0.000000000000	0.096467123446	0.000000000000	28000
2	4	0.160000000000	0.320000000000	1	0.299760000000	0.000000000000	0.082425337951	0.000000000000	30000
2	4	0.160000000000	0.320000000000	2	0.301280000000	0.000000000000	0.096671127576	0.000000000000	18000
2	4	0.160000000000	0.320000000000	3	0.312520000000	0.000000000000	0.071612694252	0.000000000000	30000
2	4	0.160000000000	0.320000000000	4	0.352920000000	0.000000000000	0.065291167370	0.000000000000	30000
2	4	0.160000000000	0.320000000000	5	0.291960000000	0.000000000000	0.071808877689	0.000000000000	22000
2	5	0.160000000000	0.400000000000	1	0.323600000000	0.000000000000	0.080597369287	0.000000000000	12000
2	5	0.160000000000	0.400000000000	2	0.341320000000	0.000000000000	0.069281003583	0.000000000000	30000
2	5	0.160000000000	0.400000000000	3	0.372080000000	0.000000000000	0.081022455148	0.000000000000	22000
2	5	0.160000000000	0.400000000000	4	0.280200000000	0.000000000000	0.076006163809	0.000000000000	6000
2	5	0.160000000000	0.400000000000	5	0.304480000000	0.000000000000	0.086940717091	0.000000000000	6000
2	6	0.160000000000	0.500000000000	1	0.337360000000	0.000000000000	0.071898538231	0.000000000000	8000
2	6	0.160000000000	0.500000000000	2	0.306080000000	0.000000000000	0.066641388601	0.000000000000	30000
2	6	0.160000000000	0.500000000000	3	0.271560000000	0.000000000000	0.081157580995	0.000000000000	6000
2	6	0.160000000000	0.500000000000	4	0.314200000000	0.000000000000	0.083276016325	0.000000000000	18000
2	6	0.160000000000	0.500000000000	5	0.299440000000	0.000000000000	0.075549945031	0.000000000000	30000
2	7	0.160000000000	0.580000000000	1	0.353000000000	0.000000000000	0.068764296903	0.000000000000	10000
2	7	0.160000000000	0.580000000000	2	0.314680000000	0.000000000000	0.080412460252	0.000000000000	8000
2	7	0.160000000000	0.580000000000	3	0.000000000000	0.000000000000	0.000000000000	0.000000000000	6000
2	7	0.160000000000	0.580000000000	4	0.329880000000	0.000000000000	0.067181090337	0.000000000000	6000
2	7	0.160000000000	0.580000000000	5	0.327480000000	0.000000000000	0.084801184195	0.000000000000	16000
2	8	0.160000000000	0.660000000000	1	0.365960000000	0.000000000000	0.060120652798	0.000000000000	30000
2	8	0.160000000000	0.660000000000	2	0.274440000000	0.000000000000	0.060477631765	0.000000000000	18000
2	8	0.160000000000	0.660000000000	3	0.257240000000	0.000000000000	0.075671054628	0.000000000000	6000
2	8	0.160000000000	0.660000000000	4	0.327080000000	0.000000000000	0.072121252589	0.000000000000	30000
2	8	0.160000000000	0.660000000000	5	0.343360000000	0.000000000000	0.089995608835	0.000000000000	16000
2	9	0.160000000000	0.740000000000	1	0.344760000000	0.000000000000	0.066121966959	0.000000000000	8000
2	9	0.160000000000	0.740000000000	2	0.346160000000	0.000000000000	0.069780539721	0.000000000000	10000
2	9	0.160000000000	0.740000000000	3	0.000000000000	0.000000000000	0.000000000000	0.000000000000	6000
2	9	0.160000000000	0.740000000000	4	0.308360000000	0.000000000000	0.055630973434	0.000000000000	16000
2	9	0.160000000000	0.740000000000	5	0.000000000000	0.000000000000	0.000000000000	0.000000000000	6000
2	10	0.160000000000	0.820000000000	1	0.318800000000	0.000000000000	0.090245799372	0.000000000000	20000
2	10	0.160000000000	0.820000000000	2	0.000000000000	0.000000000000	0.000000000000	0.000000000000	6000
2	10	0.160000000000	0.820000000000	3	0.313200000000	0.000000000000	0.077302883101	0.000000000000	24000
2	10	0.160000000000	0.820000000000	4	0.364640000000	0.000000000000	0.094115504186	0.000000000000	18000
2	10	0.160000000000	0.820000000000	5	0.000000000000	0.000000000000	0.000000000000	0.000000000000	6000
2	11	0.160000000000	0.900000000000	1	0.425720000000	0.000000000000	0.128398472607	0.000000000000	6000
2	11	0.160000000000	0.900000000000	2	0.000000000000	0.000000000000	0.000000000000	0.000000000000	6000
2	11	0.160000000000	0.900000000000	3	0.000000000000	0.000000000000	0.000000000000	0.000000000000	6000
2	11	0.160000000000	0.900000000000	4	0.000000000000	0.000000000000	0.000000000000	0.000000000000	6000
2	11	0.160000000000	0.900000000000	5	0.000000000000	0.000000000000	0.000000000000	0.000000000000	6000
2	12	0.160000000000	1.000000000000	1	0.000000000000	1.000000000000	0.000000000000	0.000000000000	6000
2	12	0.160000000000	1.000000000000	2	0.000000000000	1.000000000000	0.000000000000	0.000000000000	6000
2	12	0.160000000000	1.000000000000	3	0.000000000000	1.000000000000	0.000000000000	0.000000000000	6000
2	12	0.160000000000	1.000000000000	4	0.000000000000	1.000000000000	0.000000000000	0.000000000000	6000
2	12	0.160000000000	1.000000000000	5	0.000000000000	1.000000000000	0.000000000000	0.000000000000	6000
3	0	0.240000000000	0.000000000000	1	0.319760000000	0.000000000000	0.083525558477	0.000000000000	6000
3	0	0.240000000000	0.000000000000	2	0.260480000000	0.000000000000	0.097994757883	0.000000000000	30000
3	0	0.240000000000	0.000000000000	3	0.308320000000	0.000000000000	0.066253808699	0.000000000000	6000
3	0	0.240000000000	0.000000000000	4	0.292600000000	0.000000000000	0.089360087428	0.000000000000	30000
3	0	0.240000000000	0.000000000000	5	0.212200000000	0.000000000000	0.081644508853	0.000000000000	10000
3	1	0.240000000000	0.080000000000	1	0.332280000000	0.000000000000	0.081926268764	0.000000000000	30000
3	1	0.240000000000	0.080000000000	2	0.279080000000	0.000000000000	0.069067531619	0.000000000000	8000
3	1	0.240000000000	0.080000000000	3	0.324320000000	0.000000000000	0.089544155341	0.000000000000	6000
3	1	0.240000000000	0.080000000000	4	0.402720000000	0.000000000000	0.099128341195	0.000000000000	30000
3	1	0.240000000000	0.080000000000	5	0.371320000000	0.000000000000	0.062448037258	0.000000000000	16000
3	2	0.240000000000	0.160000000000	1	0.288000000000	0.000000000000	0.078728636456	0.000000000000	24000
3	2	0.240000000000	0.160000000000	2	0.357320000000	0.000000000000	0.067615008610	0.000000000000	30000
3	2	0.240000000000	0.160000000000	3	0.325880000000	0.000000000000	0.076283975020	0.000000000000	6000
3	2	0.240000000000	0.160000000000	4	0.289560000000	0.000000000000	0.062818409344	0.000000000000	14000
3	2	0.240000000000	0.160000000000	5	0.349120000000	0.000000000000	0.070508134261	0.000000000000	14000
3	3	0.240000000000	0.240000000000	1	0.371360000000	0.000000000000	0.066958448562	0.000000000000	6000
3	3	0.240000000000	0.240000000000	2	0.309640000000	0.000000000000	0.090394920442	0.000000000000	30000
3	3	0.240000000000	0.240000000000	3	0.295160000000	0.000000000000	0.079813185280	0.000000000000	20000
3	3	0.240000000000	0.240000000000	4	0.343800000000	0.000000000000	0.058255933206	0.000000000000	16000
3	3	0.240000000000	0.240000000000	5	0.342880000000	0.000000000000	0.072222723029	0.000000000000	6000
3	4	0.240000000000	0.320000000000	1	0.352120000000	0.000000000000	0.066464450070	0.000000000000	14000
3	4	0.240000000000	0.320000000000	2	0.351800000000	0.000000000000	0.082240643988	0.000000000000	18000
3	4	0.240000000000	0.320000000000	3	0.376000000000	0.000000000000	0.083429973994	0.000000000000	6000
3	4	0.240000000000	0.320000000000	4	0.325320000000	0.000000000000	0.081755621101	0.000000000000	30000
3	4	0.240000000000	0.320000000000	5	0.287520000000	0.000000000000	0.058798868245	0.000000000000	6000
3	5	0.240000000000	0.400000000000	1	0.288080000000	0.000000000000	0.065162564097	0.000000000000	16000
3	5	0.240000000000	0.400000000000	2	0.271760000000	0.000000000000	0.061630355351	0.000000000000	8000
3	5	0.240000000000	0.400000000000	3	0.336760000000	0.000000000000	0.077637168482	0.000000000000	30000
3	5	0.240000000000	0.400000000000	4	0.367640000000	0.000000000000	0.112587327468	0.000000000000	16000
3	5	0.240000000000	0.400000000000	5	0.288240000000	0.000000000000	0.085698580190	0.000000000000	12000
3	6	0.240000000000	0.500000000000	1	0.363000000000	0.000000000000	0.077347156267	0.000000000000	18000
3	6	0.240000000000	0.500000000000	2	0.309880000000	0.000000000000	0.057564740070	0.000000000000	8000
3	6	0.240000000000	0.500000000000	3	0.307680000000	0.000000000000	0.089103069290	0.000000000000	12000
3	6	0.240000000000	0.500000000000	4	0.365720000000	0.000000000000	0.078937397428	0.000000000000	30000
3	6	0.240000000000	0.500000000000	5	0.234640000000	0.000000000000	0.081880246548	0.000000000000	28000
3	7	0.240000000000	0.580000000000	1	0.323480000000	0.000000000000	0.085809398395	0.000000000000	28000
3	7	0.240000000000	0.580000000000	2	0.369080000000	0.000000000000	0.064349782397	0.000000000000	8000
3	7	0.240000000000	0.580000000000	3	0.339120000000	0.000000000000	0.090974182612	0.000000000000	10000
3	7	0.240000000000	0.580000000000	4	0.304720000000	0.000000000000	0.098664361632	0.000000000000	24000
3	7	0.240000000000	0.580000000000	5	0.304360000000	0.000000000000	0.076522193160	0.000000000000	14000
3	8	0.240000000000	0.660000000000	1	0.345400000000	0.000000000000	0.084836532445	0.000000000000	14000
3	8	0.240000000000	0.660000000000	2	0.333080000000	0.000000000000	0.062795356969	0.000000000000	10000
3	8	0.240000000000	0.660000000000	3	0.322680000000	0.000000000000	0.072352280216	0.000000000000	30000
3	8	0.240000000000	0.660000000000	4	0.367480000000	0.000000000000	0.062845836769	0.000000000000	6000
3	8	0.240000000000	0.660000000000	5	0.345320000000	0.000000000000	0.065641499118	0.000000000000	12000
3	9	0.240000000000	0.740000000000	1	0.314520000000	0.000000000000	0.073119874973	0.000000000000	8000
3	9	0.240000000000	0.740000000000	2	0.345640000000	0.000000000000	0.104987679338	0.000000000000	8000
3	9	0.240000000000	0.740000000000	3	0.337840000000	0.000000000000	0.066907480979	0.000000000000	30000
3	9	0.240000000000	0.740000000000	4	0.334360000000	0.000000000000	0.061715469691	0.000000000000	8000
3	9	0.240000000000	0.740000000000	5	0.262880000000	0.000000000000	0.071487173787	0.000000000000	30000
3	10	0.240000000000	0.820000000000	1	0.334840000000	0.000000000000	0.059350626761	0.000000000000	30000
3	10	0.240000000000	0.820000000000	2	0.352200000000	0.000000000000	0.107630592047	0.000000000000	6000
3	10	0.240000000000	0.820000000000	3	0.000000000000	0.000000000000	0.000000000000	0.000000000000	6000
3	10	0.240000000000	0.820000000000	4	0.349280000000	0.000000000000	0.063304731964	0.000000000000	30000
3	10	0.240000000000	0.820000000000	5	0.343720000000	0.000000000000	0.055038084912	0.000000000000	30000
3	11	0.240000000000	0.900000000000	1	0.326320000000	0.000000000000	0.095084692242	0.000000000000	30000
3	11	0.240000000000	0.900000000000	2	0.316360000000	0.000000000000	0.071171734669	0.000000000000	10000
3	11	0.240000000000	0.900000000000	3	0.361000000000	0.000000000000	0.060194878714	0.000000000000	14000
3	11	0.240000000000	0.900000000000	4	0.000000000000	0.000000000000	0.000000000000	0.000000000000	6000
3	11	0.240000000000	0.900000000000	5	0.000000000000	0.000000000000	0.000000000000	0.000000000000	6000
3	12	0.240000000000	1.000000000000	1	0.000000000000	1.000000000000	0.000000000000	0.000000000000	6000
3	12	0.240000000000	1.000000000000	2	0.000000000000	1.000000000000	0.000000000000	0.000000000000	6000
3	12	0.240000000000	1.000000000000	3	0.000000000000	1.000000000000	0.000000000000	0.000000000000	6000
3	12	0.240000000000	1.000000000000	4	0.000000000000	1.000000000000	0.000000000000	0.000000000000	6000
3	12	0.240000000000	1.000000000000	5	0.000000000000	1.000000000000	0.000000000000	0.000000000000	6000
