# scan initial plane
# b 1.15
# r 0
# e -0.4
# p12 0.22
# ndiv 8
# n_reps 5
# A:(0,1),	A':(0,0.587),	B:(1,0),	B'=(0.587,0),	C:(1,1),	D:(0,0),	E:(0.325,0.325) 
# columns: ix iy x1_0 x2_0 rep x1_inf x2_inf sigma_1 sigma_2 t_relax
0	0	0.000000000000	0.000000000000	1	0.000000000000	0.000000000000	0.000000000000	0.000000000000	4000
0	0	0.000000000000	0.000000000000	2	0.000000000000	0.000000000000	0.000000000000	0.000000000000	4000
0	0	0.000000000000	0.000000000000	3	0.000000000000	0.000000000000	0.000000000000	0.000000000000	4000
0	0	0.000000000000	0.000000000000	4	0.000000000000	0.000000000000	0.000000000000	0.000000000000	4000
0	0	0.000000000000	0.000000000000	5	0.000000000000	0.000000000000	0.000000000000	0.000000000000	4000
0	1	0.000000000000	0.124000000000	1	0.000000000000	0.677912000000	0.000000000000	0.013836173448	14000
0	1	0.000000000000	0.124000000000	2	0.000000000000	0.662308000000	0.000000000000	0.008801283918	52000
0	1	0.000000000000	0.124000000000	3	0.000000000000	0.675374000000	0.000000000000	0.010918394357	42000
0	1	0.000000000000	0.124000000000	4	0.000000000000	0.678320000000	0.000000000000	0.011293234131	22000
0	1	0.000000000000	0.124000000000	5	0.000000000000	0.667434000000	0.000000000000	0.011380208836	12000
0	2	0.000000000000	0.250000000000	1	0.000000000000	0.665850000000	0.000000000000	0.009069937363	42000
0	2	0.000000000000	0.250000000000	2	0.000000000000	0.669376000000	0.000000000000	0.009822581489	34000
0	2	0.000000000000	0.250000000000	3	0.000000000000	0.669790000000	0.000000000000	0.011179842972	38000
0	2	0.000000000000	0.250000000000	4	0.000000000000	0.666138000000	0.000000000000	0.012912307450	16000
0	2	0.000000000000	0.250000000000	5	0.000000000000	0.683498000000	0.000000000000	0.007989983469	44000
0	3	0.000000000000	0.374000000000	1	0.000000000000	0.675412000000	0.000000000000	0.010379305660	18000
0	3	0.000000000000	0.374000000000	2	0.000000000000	0.667298000000	0.000000000000	0.008150682771	8000
0	3	0.000000000000	0.374000000000	3	0.000000000000	0.664400000000	0.000000000000	0.010646001002	12000
0	3	0.000000000000	0.374000000000	4	0.000000000000	0.678446000000	0.000000000000	0.009679399505	26000
0	3	0.000000000000	0.374000000000	5	0.000000000000	0.681388000000	0.000000000000	0.008244114350	62000
0	4	0.000000000000	0.500000000000	1	0.000000000000	0.663624000000	0.000000000000	0.010888212763	48000
0	4	0.000000000000	0.500000000000	2	0.000000000000	0.669146000000	0.000000000000	0.010827738634	64000
0	4	0.000000000000	0.500000000000	3	0.000000000000	0.669276000000	0.000000000000	0.011494343998	90000
0	4	0.000000000000	0.500000000000	4	0.000000000000	0.669614000000	0.000000000000	0.010726885385	30000
0	4	0.000000000000	0.500000000000	5	0.000000000000	0.661342000000	0.000000000000	0.014359151132	10000
0	5	0.000000000000	0.624000000000	1	0.000000000000	0.655328000000	0.000000000000	0.010028408896	44000
0	5	0.000000000000	0.624000000000	2	0.000000000000	0.656580000000	0.000000000000	0.010264158658	4000
0	5	0.000000000000	0.624000000000	3	0.000000000000	0.658400000000	0.000000000000	0.010127119954	12000
0	5	0.000000000000	0.624000000000	4	0.000000000000	0.669852000000	0.000000000000	0.013203348985	4000
0	5	0.000000000000	0.624000000000	5	0.000000000000	0.674158000000	0.000000000000	0.011601794587	12000
0	6	0.000000000000	0.750000000000	1	0.000000000000	0.664806000000	0.000000000000	0.015444121370	22000
0	6	0.000000000000	0.750000000000	2	0.000000000000	0.675250000000	0.000000000000	0.009660581081	18000
0	6	0.000000000000	0.750000000000	3	0.000000000000	0.677084000000	0.000000000000	0.014615558784	32000
0	6	0.000000000000	0.750000000000	4	0.000000000000	0.665064000000	0.000000000000	0.010077770858	18000
0	6	0.000000000000	0.750000000000	5	0.000000000000	0.682866000000	0.000000000000	0.014570736095	16000
0	7	0.000000000000	0.874000000000	1	0.000000000000	0.680458000000	0.000000000000	0.010136319893	36000
0	7	0.000000000000	0.874000000000	2	0.000000000000	0.665910000000	0.000000000000	0.009517062282	10000
0	7	0.000000000000	0.874000000000	3	0.000000000000	0.671328000000	0.000000000000	0.010512227306	10000
0	7	0.000000000000	0.874000000000	4	0.000000000000	0.665180000000	0.000000000000	0.009273920725	12000
0	7	0.000000000000	0.874000000000	5	0.000000000000	0.675420000000	0.000000000000	0.012936419557	6000
0	8	0.000000000000	1.000000000000	1	0.000000000000	1.000000000000	0.000000000000	0.000000000000	4000
0	8	0.000000000000	1.000000000000	2	0.000000000000	1.000000000000	0.000000000000	0.000000000000	4000
0	8	0.000000000000	1.000000000000	3	0.000000000000	1.000000000000	0.000000000000	0.000000000000	4000
0	8	0.000000000000	1.000000000000	4	0.000000000000	1.000000000000	0.000000000000	0.000000000000	4000
0	8	0.000000000000	1.000000000000	5	0.000000000000	1.000000000000	0.000000000000	0.000000000000	4000
1	0	0.124000000000	0.000000000000	1	0.662080000000	0.000000000000	0.010476992286	0.000000000000	28000
1	0	0.124000000000	0.000000000000	2	0.670456000000	0.000000000000	0.011426050001	0.000000000000	20000
1	0	0.124000000000	0.000000000000	3	0.657746000000	0.000000000000	0.011412875963	0.000000000000	6000
1	0	0.124000000000	0.000000000000	4	0.671620000000	0.000000000000	0.011565697790	0.000000000000	12000
1	0	0.124000000000	0.000000000000	5	0.670512000000	0.000000000000	0.008893646775	0.000000000000	30000
1	1	0.124000000000	0.124000000000	1	0.666974000000	0.000000000000	0.010075556602	0.000000000000	166000
1	1	0.124000000000	0.124000000000	2	0.681532000000	0.000000000000	0.010358391394	0.000000000000	52000
1	1	0.124000000000	0.124000000000	3	0.338720000000	0.346930000000	0.026234669006	0.027813102464	138000
1	1	0.124000000000	0.124000000000	4	0.689010000000	0.000000000000	0.011490689098	0.000000000000	216000
1	1	0.124000000000	0.124000000000	5	0.667384000000	0.000000000000	0.012148420808	0.000000000000	214000
1	2	0.124000000000	0.250000000000	1	0.660542000000	0.000000000000	0.010399730304	0.000000000000	162000
1	2	0.124000000000	0.250000000000	2	0.556320000000	0.111720000000	0.023128002605	0.025028864218	166000
1	2	0.124000000000	0.250000000000	3	0.673932000000	0.000000000000	0.010171471616	0.000000000000	78000
1	2	0.124000000000	0.250000000000	4	0.680876000000	0.000000000000	0.009387691556	0.000000000000	84000
1	2	0.124000000000	0.250000000000	5	0.674036000000	0.000000000000	0.009571746044	0.000000000000	150000
1	3	0.124000000000	0.374000000000	1	0.663694000000	0.000000000000	0.009769227288	0.000000000000	88000
1	3	0.124000000000	0.374000000000	2	0.669004000000	0.000000000000	0.011244484089	0.000000000000	266000
1	3	0.124000000000	0.374000000000	3	0.668726000000	0.000000000000	0.013951902364	0.000000000000	222000
1	3	0.124000000000	0.374000000000	4	0.339188000000	0.350186000000	0.017043918304	0.021032635968	164000
1	3	0.124000000000	0.374000000000	5	0.350192000000	0.336430000000	0.019886845467	0.020807403683	394000
1	4	0.124000000000	0.500000000000	1	0.426356000000	0.265360000000	0.024584500435	0.021711512840	60000
1	4	0.124000000000	0.500000000000	2	0.659372000000	0.000000000000	0.009657063471	0.000000000000	158000
1	4	0.124000000000	0.500000000000	3	0.688826000000	0.000000000000	0.009895637809	0.000000000000	82000
1	4	0.124000000000	0.500000000000	4	0.057280000000	0.616808000000	0.011795114443	0.012374662350	8000
1	4	0.124000000000	0.500000000000	5	0.404516000000	0.284226000000	0.018783358554	0.020547874322	210000
1	5	0.124000000000	0.624000000000	1	0.684820000000	0.000000000000	0.010176795525	0.000000000000	46000
1	5	0.124000000000	0.624000000000	2	0.000000000000	0.657680000000	0.000000000000	0.012263767773	46000
1	5	0.124000000000	0.624000000000	3	0.671798000000	0.000000000000	0.012442106012	0.000000000000	78000
1	5	0.124000000000	0.624000000000	4	0.353296000000	0.332496000000	0.026119468038	0.020195688893	54000
1	5	0.124000000000	0.624000000000	5	0.668088000000	0.000000000000	0.009219829785	0.000000000000	104000
1	6	0.124000000000	0.750000000000	1	0.000000000000	0.648544000000	0.000000000000	0.011581631932	42000
1	6	0.124000000000	0.750000000000	2	0.441746000000	0.242282000000	0.024672661474	0.024695391034	38000
1	6	0.124000000000	0.750000000000	3	0.000000000000	0.683342000000	0.000000000000	0.011608005073	26000
1	6	0.124000000000	0.750000000000	4	0.673534000000	0.000000000000	0.009672662736	0.000000000000	96000
1	6	0.124000000000	0.750000000000	5	0.000000000000	0.664148000000	0.000000000000	0.011061123110	44000
1	7	0.124000000000	0.874000000000	1	0.000000000000	0.667790000000	0.000000000000	0.008702852385	36000
1	7	0.124000000000	0.874000000000	2	0.000000000000	0.664352000000	0.000000000000	0.011838591481	110000
1	7	0.124000000000	0.874000000000	3	0.289738000000	0.386118000000	0.014103838991	0.013383317570	34000
1	7	0.124000000000	0.874000000000	4	0.154086000000	0.531632000000	0.018237576956	0.016024273879	16000
1	7	0.124000000000	0.874000000000	5	0.000000000000	0.667624000000	0.000000000000	0.011010352031	42000
1	8	0.124000000000	1.000000000000	1	0.000000000000	1.000000000000	0.000000000000	0.000000000000	6000
1	8	0.124000000000	1.000000000000	2	0.000000000000	1.000000000000	0.000000000000	0.000000000000	6000
1	8	0.124000000000	1.000000000000	3	0.000000000000	1.000000000000	0.000000000000	0.000000000000	6000
1	8	0.124000000000	1.000000000000	4	0.000000000000	1.000000000000	0.000000000000	0.000000000000	6000
1	8	0.124000000000	1.000000000000	5	0.000000000000	1.000000000000	0.000000000000	0.000000000000	6000
2	0	0.250000000000	0.000000000000	1	0.669010000000	0.000000000000	0.008719858711	0.000000000000	24000
2	0	0.250000000000	0.000000000000	2	0.681702000000	0.000000000000	0.010312591602	0.000000000000	10000
2	0	0.250000000000	0.000000000000	3	0.669500000000	0.000000000000	0.011256140578	0.000000000000	18000
2	0	0.250000000000	0.000000000000	4	0.673092000000	0.000000000000	0.010569732979	0.000000000000	16000
2	0	0.250000000000	0.000000000000	5	0.668556000000	0.000000000000	0.012894694147	0.000000000000	24000
2	1	0.250000000000	0.124000000000	1	0.475054000000	0.213824000000	0.028691536876	0.028419019418	44000
2	1	0.250000000000	0.124000000000	2	0.405356000000	0.289080000000	0.012058634859	0.012107691613	66000
2	1	0.250000000000	0.124000000000	3	0.670654000000	0.000000000000	0.009195043928	0.000000000000	96000
2	1	0.250000000000	0.124000000000	4	0.668470000000	0.000000000000	0.011454706906	0.000000000000	66000
2	1	0.250000000000	0.124000000000	5	0.665042000000	0.000000000000	0.011377507798	0.000000000000	390000
2	2	0.250000000000	0.250000000000	1	0.307146000000	0.376542000000	0.015802924300	0.015837963161	122000
2	2	0.250000000000	0.250000000000	2	0.662524000000	0.000000000000	0.009200112286	0.000000000000	280000
2	2	0.250000000000	0.250000000000	3	0.000000000000	0.669330000000	0.000000000000	0.012566344457	76000
2	2	0.250000000000	0.250000000000	4	0.522944000000	0.167068000000	0.022783589620	0.018172661380	180000
2	2	0.250000000000	0.250000000000	5	0.669868000000	0.000000000000	0.011378578472	0.000000000000	32000
2	3	0.250000000000	0.374000000000	1	0.675282000000	0.000000000000	0.009492448714	0.000000000000	374000
2	3	0.250000000000	0.374000000000	2	0.486378000000	0.204592000000	0.020306882712	0.025025183232	222000
2	3	0.250000000000	0.374000000000	3	0.667984000000	0.000000000000	0.012043287956	0.000000000000	154000
2	3	0.250000000000	0.374000000000	4	0.661304000000	0.000000000000	0.009955837619	0.000000000000	84000
2	3	0.250000000000	0.374000000000	5	0.659562000000	0.000000000000	0.012459831596	0.000000000000	100000
2	4	0.250000000000	0.500000000000	1	0.671178000000	0.000000000000	0.010587937496	0.000000000000	244000
2	4	0.250000000000	0.500000000000	2	0.665226000000	0.000000000000	0.010498149129	0.000000000000	48000
2	4	0.250000000000	0.500000000000	3	0.667036000000	0.000000000000	0.012360237841	0.000000000000	116000
2	4	0.250000000000	0.500000000000	4	0.668502000000	0.000000000000	0.013847156377	0.000000000000	180000
2	4	0.250000000000	0.500000000000	5	0.666420000000	0.000000000000	0.009062103604	0.000000000000	158000
2	5	0.250000000000	0.624000000000	1	0.139474000000	0.547626000000	0.020403519981	0.019823650045	124000
2	5	0.250000000000	0.624000000000	2	0.378164000000	0.309736000000	0.015188541595	0.018837759027	10000
2	5	0.250000000000	0.624000000000	3	0.664542000000	0.000000000000	0.008552858434	0.000000000000	80000
2	5	0.250000000000	0.624000000000	4	0.304044000000	0.388690000000	0.017527157935	0.013006501031	246000
2	5	0.250000000000	0.624000000000	5	0.687342000000	0.000000000000	0.011218952754	0.000000000000	334000
2	6	0.250000000000	0.750000000000	1	0.000000000000	0.661054000000	0.000000000000	0.008724287776	60000
2	6	0.250000000000	0.750000000000	2	0.505642000000	0.178136000000	0.017473785199	0.016687839524	186000
2	6	0.250000000000	0.750000000000	3	0.168112000000	0.506716000000	0.020512635721	0.018488189667	102000
2	6	0.250000000000	0.750000000000	4	0.337564000000	0.343454000000	0.023287941778	0.023988024289	12000
2	6	0.250000000000	0.750000000000	5	0.667778000000	0.000000000000	0.012458166876	0.000000000000	198000
2	7	0.250000000000	0.874000000000	1	0.000000000000	0.678882000000	0.000000000000	0.010598226191	14000
2	7	0.250000000000	0.874000000000	2	0.633394000000	0.029954000000	0.013150273522	0.006626446543	144000
2	7	0.250000000000	0.874000000000	3	0.663038000000	0.000000000000	0.010899052498	0.000000000000	212000
2	7	0.250000000000	0.874000000000	4	0.663742000000	0.000000000000	0.011729408127	0.000000000000	212000
2	7	0.250000000000	0.874000000000	5	0.505116000000	0.185586000000	0.028153350691	0.029987528339	232000
2	8	0.250000000000	1.000000000000	1	0.000000000000	1.000000000000	0.000000000000	0.000000000000	6000
2	8	0.250000000000	1.000000000000	2	0.000000000000	1.000000000000	0.000000000000	0.000000000000	6000
2	8	0.250000000000	1.000000000000	3	0.000000000000	1.000000000000	0.000000000000	0.000000000000	6000
2	8	0.250000000000	1.000000000000	4	0.000000000000	1.000000000000	0.000000000000	0.000000000000	6000
2	8	0.250000000000	1.000000000000	5	0.000000000000	1.000000000000	0.000000000000	0.000000000000	6000
3	0	0.374000000000	0.000000000000	1	0.680548000000	0.000000000000	0.010085306610	0.000000000000	6000
3	0	0.374000000000	0.000000000000	2	0.671332000000	0.000000000000	0.012127854751	0.000000000000	10000
3	0	0.374000000000	0.000000000000	3	0.670936000000	0.000000000000	0.010841099272	0.000000000000	24000
3	0	0.374000000000	0.000000000000	4	0.675856000000	0.000000000000	0.010613760687	0.000000000000	12000
3	0	0.374000000000	0.000000000000	5	0.673724000000	0.000000000000	0.009165578641	0.000000000000	8000
3	1	0.374000000000	0.124000000000	1	0.665880000000	0.000000000000	0.012814906235	0.000000000000	62000
3	1	0.374000000000	0.124000000000	2	0.671424000000	0.000000000000	0.008148534999	0.000000000000	50000
3	1	0.374000000000	0.124000000000	3	0.531490000000	0.146592000000	0.015905876175	0.013451783766	120000
3	1	0.374000000000	0.124000000000	4	0.675420000000	0.000000000000	0.010036150872	0.000000000000	92000
3	1	0.374000000000	0.124000000000	5	0.673190000000	0.000000000000	0.010602467275	0.000000000000	110000
3	2	0.374000000000	0.250000000000	1	0.675240000000	0.000000000000	0.012860629681	0.000000000000	84000
3	2	0.374000000000	0.250000000000	2	0.673480000000	0.000000000000	0.012976362587	0.000000000000	46000
3	2	0.374000000000	0.250000000000	3	0.674536000000	0.000000000000	0.009818406444	0.000000000000	186000
3	2	0.374000000000	0.250000000000	4	0.659012000000	0.000000000000	0.011417627521	0.000000000000	84000
3	2	0.374000000000	0.250000000000	5	0.311146000000	0.370500000000	0.022977089255	0.020784754172	76000
3	3	0.374000000000	0.374000000000	1	0.665596000000	0.000000000000	0.009730954500	0.000000000000	276000
3	3	0.374000000000	0.374000000000	2	0.677154000000	0.000000000000	0.008952342064	0.000000000000	70000
3	3	0.374000000000	0.374000000000	3	0.669226000000	0.000000000000	0.011344320941	0.000000000000	188000
3	3	0.374000000000	0.374000000000	4	0.661012000000	0.000000000000	0.009261405381	0.000000000000	214000
3	3	0.374000000000	0.374000000000	5	0.664984000000	0.000000000000	0.009338037425	0.000000000000	144000
3	4	0.374000000000	0.500000000000	1	0.423346000000	0.268186000000	0.016612412716	0.018598798868	128000
3	4	0.374000000000	0.500000000000	2	0.670092000000	0.000000000000	0.012589123163	0.000000000000	116000
3	4	0.374000000000	0.500000000000	3	0.661470000000	0.000000000000	0.011746193982	0.000000000000	144000
3	4	0.374000000000	0.500000000000	4	0.304890000000	0.396210000000	0.023903457392	0.024739360055	36000
3	4	0.374000000000	0.500000000000	5	0.452740000000	0.244752000000	0.015597168707	0.012810878760	126000
3	5	0.374000000000	0.624000000000	1	0.679196000000	0.000000000000	0.016633889211	0.000000000000	114000
3	5	0.374000000000	0.624000000000	2	0.674740000000	0.000000000000	0.011802359751	0.000000000000	88000
3	5	0.374000000000	0.624000000000	3	0.673784000000	0.000000000000	0.011039711012	0.000000000000	196000
3	5	0.374000000000	0.624000000000	4	0.655764000000	0.000000000000	0.010232546555	0.000000000000	296000
3	5	0.374000000000	0.624000000000	5	0.680064000000	0.000000000000	0.008996713002	0.000000000000	62000
3	6	0.374000000000	0.750000000000	1	0.411314000000	0.280626000000	0.015999918794	0.018611784507	400000
3	6	0.374000000000	0.750000000000	2	0.678278000000	0.000000000000	0.014074544711	0.000000000000	290000
3	6	0.374000000000	0.750000000000	3	0.682796000000	0.000000000000	0.011660460984	0.000000000000	126000
3	6	0.374000000000	0.750000000000	4	0.669772000000	0.000000000000	0.012964725223	0.000000000000	274000
3	6	0.374000000000	0.750000000000	5	0.676702000000	0.000000000000	0.011887662197	0.000000000000	72000
3	7	0.374000000000	0.874000000000	1	0.293560000000	0.393108000000	0.029204028408	0.023684198895	136000
3	7	0.374000000000	0.874000000000	2	0.666704000000	0.000000000000	0.011989667891	0.000000000000	178000
3	7	0.374000000000	0.874000000000	3	0.681022000000	0.000000000000	0.008313159726	0.000000000000	140000
3	7	0.374000000000	0.874000000000	4	0.668172000000	0.000000000000	0.010069747555	0.000000000000	110000
3	7	0.374000000000	0.874000000000	5	0.681732000000	0.000000000000	0.011379000732	0.000000000000	104000
3	8	0.374000000000	1.000000000000	1	0.000000000000	1.000000000000	0.000000000000	0.000000000000	6000
3	8	0.374000000000	1.000000000000	2	0.000000000000	1.000000000000	0.000000000000	0.000000000000	6000
3	8	0.374000000000	1.000000000000	3	0.000000000000	1.000000000000	0.000000000000	0.000000000000	6000
3	8	0.374000000000	1.000000000000	4	0.000000000000	1.000000000000	0.000000000000	0.000000000000	6000
3	8	0.374000000000	1.000000000000	5	0.000000000000	1.000000000000	0.000000000000	0.000000000000	6000
4	0	0.500000000000	0.000000000000	1	0.660762000000	0.000000000000	0.008870966692	0.000000000000	12000
4	0	0.500000000000	0.000000000000	2	0.666300000000	0.000000000000	0.011299809100	0.000000000000	10000
4	0	0.500000000000	0.000000000000	3	0.678566000000	0.000000000000	0.012970577469	0.000000000000	20000
4	0	0.500000000000	0.000000000000	4	0.664410000000	0.000000000000	0.008655565771	0.000000000000	10000
4	0	0.500000000000	0.000000000000	5	0.674202000000	0.000000000000	0.010251843556	0.000000000000	28000
4	1	0.500000000000	0.124000000000	1	0.677960000000	0.000000000000	0.011189441613	0.000000000000	214000
4	1	0.500000000000	0.124000000000	2	0.486060000000	0.193378000000	0.013223435985	0.009966566533	400000
4	1	0.500000000000	0.124000000000	3	0.666804000000	0.000000000000	0.013764557641	0.000000000000	152000
4	1	0.500000000000	0.124000000000	4	0.672422000000	0.000000000000	0.009555586074	0.000000000000	152000
4	1	0.500000000000	0.124000000000	5	0.426874000000	0.263708000000	0.025450970038	0.019799665724	214000
4	2	0.500000000000	0.250000000000	1	0.405004000000	0.280300000000	0.020894893648	0.016629207153	138000
4	2	0.500000000000	0.250000000000	2	0.660584000000	0.000000000000	0.013062832066	0.000000000000	128000
4	2	0.500000000000	0.250000000000	3	0.552048000000	0.127756000000	0.016779250259	0.021967408382	400000
4	2	0.500000000000	0.250000000000	4	0.667670000000	0.000000000000	0.012618967404	0.000000000000	88000
4	2	0.500000000000	0.250000000000	5	0.525094000000	0.164894000000	0.011952825358	0.011151731934	146000
4	3	0.500000000000	0.374000000000	1	0.673334000000	0.000000000000	0.011510905479	0.000000000000	68000
4	3	0.500000000000	0.374000000000	2	0.676838000000	0.000000000000	0.012709653469	0.000000000000	62000
4	3	0.500000000000	0.374000000000	3	0.672938000000	0.000000000000	0.012735397377	0.000000000000	152000
4	3	0.500000000000	0.374000000000	4	0.264102000000	0.422080000000	0.015958454445	0.018396848753	106000
4	3	0.500000000000	0.374000000000	5	0.669476000000	0.000000000000	0.011918199003	0.000000000000	148000
4	4	0.500000000000	0.500000000000	1	0.680562000000	0.000000000000	0.007488673864	0.000000000000	172000
4	4	0.500000000000	0.500000000000	2	0.492224000000	0.195844000000	0.034654736686	0.031566249256	400000
4	4	0.500000000000	0.500000000000	3	0.677414000000	0.000000000000	0.010909978535	0.000000000000	160000
4	4	0.500000000000	0.500000000000	4	0.572422000000	0.112594000000	0.020982902521	0.015004942929	8000
4	4	0.500000000000	0.500000000000	5	0.561034000000	0.127636000000	0.021644290686	0.017370585518	210000
4	5	0.500000000000	0.624000000000	1	0.643272000000	0.027094000000	0.011490258572	0.006454209543	30000
4	5	0.500000000000	0.624000000000	2	0.668752000000	0.000000000000	0.009721780136	0.000000000000	278000
4	5	0.500000000000	0.624000000000	3	0.279326000000	0.406046000000	0.018276207039	0.019990034654	114000
4	5	0.500000000000	0.624000000000	4	0.298744000000	0.394754000000	0.017923384494	0.021746272885	148000
4	5	0.500000000000	0.624000000000	5	0.665224000000	0.000000000000	0.009139439444	0.000000000000	90000
4	6	0.500000000000	0.750000000000	1	0.414414000000	0.275420000000	0.019932835271	0.019811110016	18000
4	6	0.500000000000	0.750000000000	2	0.667796000000	0.000000000000	0.012327138449	0.000000000000	40000
4	6	0.500000000000	0.750000000000	3	0.521984000000	0.167656000000	0.010825383731	0.017330147085	278000
4	6	0.500000000000	0.750000000000	4	0.669710000000	0.000000000000	0.009384240191	0.000000000000	62000
4	6	0.500000000000	0.750000000000	5	0.321340000000	0.372576000000	0.030392237300	0.028209927756	180000
4	7	0.500000000000	0.874000000000	1	0.477028000000	0.212118000000	0.018419187889	0.017358669287	108000
4	7	0.500000000000	0.874000000000	2	0.686278000000	0.000000000000	0.012411638279	0.000000000000	96000
4	7	0.500000000000	0.874000000000	3	0.443424000000	0.235374000000	0.013686765562	0.015515052073	24000
4	7	0.500000000000	0.874000000000	4	0.666650000000	0.000000000000	0.008676449780	0.000000000000	70000
4	7	0.500000000000	0.874000000000	5	0.666368000000	0.000000000000	0.012759128943	0.000000000000	296000
4	8	0.500000000000	1.000000000000	1	0.000000000000	1.000000000000	0.000000000000	0.000000000000	6000
4	8	0.500000000000	1.000000000000	2	0.000000000000	1.000000000000	0.000000000000	0.000000000000	6000
4	8	0.500000000000	1.000000000000	3	0.000000000000	1.000000000000	0.000000000000	0.000000000000	6000
4	8	0.500000000000	1.000000000000	4	0.000000000000	1.000000000000	0.000000000000	0.000000000000	6000
4	8	0.500000000000	1.000000000000	5	0.000000000000	1.000000000000	0.000000000000	0.000000000000	6000
5	0	0.624000000000	0.000000000000	1	0.670172000000	0.000000000000	0.010216594090	0.000000000000	10000
5	0	0.624000000000	0.000000000000	2	0.680446000000	0.000000000000	0.010045595950	0.000000000000	22000
5	0	0.624000000000	0.000000000000	3	0.679992000000	0.000000000000	0.012913818285	0.000000000000	34000
5	0	0.624000000000	0.000000000000	4	0.659966000000	0.000000000000	0.010293920964	0.000000000000	98000
5	0	0.624000000000	0.000000000000	5	0.690416000000	0.000000000000	0.010154903548	0.000000000000	8000
5	1	0.624000000000	0.124000000000	1	0.521156000000	0.171332000000	0.020184724102	0.017512408757	52000
5	1	0.624000000000	0.124000000000	2	0.684268000000	0.000000000000	0.010197655033	0.000000000000	28000
5	1	0.624000000000	0.124000000000	3	0.676916000000	0.000000000000	0.011810352595	0.000000000000	28000
5	1	0.624000000000	0.124000000000	4	0.494110000000	0.196614000000	0.017307670423	0.017209391830	386000
5	1	0.624000000000	0.124000000000	5	0.686772000000	0.000000000000	0.011365086061	0.000000000000	30000
5	2	0.624000000000	0.250000000000	1	0.687304000000	0.000000000000	0.014536536551	0.000000000000	146000
5	2	0.624000000000	0.250000000000	2	0.428526000000	0.248032000000	0.024703392107	0.031794242401	98000
5	2	0.624000000000	0.250000000000	3	0.672016000000	0.000000000000	0.009161423234	0.000000000000	52000
5	2	0.624000000000	0.250000000000	4	0.674928000000	0.000000000000	0.010676553976	0.000000000000	68000
5	2	0.624000000000	0.250000000000	5	0.500348000000	0.171312000000	0.017174803343	0.018108301040	110000
5	3	0.624000000000	0.374000000000	1	0.671248000000	0.000000000000	0.010853215574	0.000000000000	80000
5	3	0.624000000000	0.374000000000	2	0.671314000000	0.000000000000	0.008907342182	0.000000000000	42000
5	3	0.624000000000	0.374000000000	3	0.660002000000	0.000000000000	0.012194782028	0.000000000000	164000
5	3	0.624000000000	0.374000000000	4	0.671590000000	0.000000000000	0.010835188106	0.000000000000	116000
5	3	0.624000000000	0.374000000000	5	0.675684000000	0.000000000000	0.010711810626	0.000000000000	46000
5	4	0.624000000000	0.500000000000	1	0.671298000000	0.000000000000	0.009404660740	0.000000000000	44000
5	4	0.624000000000	0.500000000000	2	0.669200000000	0.000000000000	0.010888827603	0.000000000000	110000
5	4	0.624000000000	0.500000000000	3	0.671144000000	0.000000000000	0.008849948338	0.000000000000	146000
5	4	0.624000000000	0.500000000000	4	0.672238000000	0.000000000000	0.013801515780	0.000000000000	126000
5	4	0.624000000000	0.500000000000	5	0.440236000000	0.254720000000	0.028916093174	0.019129650900	396000
5	5	0.624000000000	0.624000000000	1	0.685690000000	0.000000000000	0.011877751512	0.000000000000	128000
5	5	0.624000000000	0.624000000000	2	0.686820000000	0.000000000000	0.011576424906	0.000000000000	210000
5	5	0.624000000000	0.624000000000	3	0.670010000000	0.000000000000	0.013866079769	0.000000000000	108000
5	5	0.624000000000	0.624000000000	4	0.667058000000	0.000000000000	0.009519624954	0.000000000000	68000
5	5	0.624000000000	0.624000000000	5	0.528720000000	0.144974000000	0.015652431076	0.013851757838	400000
5	6	0.624000000000	0.750000000000	1	0.313342000000	0.375158000000	0.045553113199	0.044892475654	82000
5	6	0.624000000000	0.750000000000	2	0.670216000000	0.000000000000	0.011639279051	0.000000000000	146000
5	6	0.624000000000	0.750000000000	3	0.683728000000	0.000000000000	0.012693271254	0.000000000000	38000
5	6	0.624000000000	0.750000000000	4	0.395690000000	0.298390000000	0.013286550810	0.016571980284	136000
5	6	0.624000000000	0.750000000000	5	0.342750000000	0.342080000000	0.034494280038	0.036140112171	52000
5	7	0.624000000000	0.874000000000	1	0.469098000000	0.215822000000	0.020075692502	0.019105426803	30000
5	7	0.624000000000	0.874000000000	2	0.677974000000	0.000000000000	0.009723881832	0.000000000000	174000
5	7	0.624000000000	0.874000000000	3	0.466450000000	0.213416000000	0.035350405247	0.036755978370	58000
5	7	0.624000000000	0.874000000000	4	0.579662000000	0.096244000000	0.011394190782	0.009474081603	400000
5	7	0.624000000000	0.874000000000	5	0.455950000000	0.234064000000	0.015857520644	0.014545909648	100000
5	8	0.624000000000	1.000000000000	1	0.000000000000	1.000000000000	0.000000000000	0.000000000000	6000
5	8	0.624000000000	1.000000000000	2	0.000000000000	1.000000000000	0.000000000000	0.000000000000	6000
5	8	0.624000000000	1.000000000000	3	0.000000000000	1.000000000000	0.000000000000	0.000000000000	6000
5	8	0.624000000000	1.000000000000	4	0.000000000000	1.000000000000	0.000000000000	0.000000000000	6000
5	8	0.624000000000	1.000000000000	5	0.000000000000	1.000000000000	0.000000000000	0.000000000000	6000
6	0	0.750000000000	0.000000000000	1	0.679002000000	0.000000000000	0.012199213779	0.000000000000	38000
6	0	0.750000000000	0.000000000000	2	0.682840000000	0.000000000000	0.013605274841	0.000000000000	12000
6	0	0.750000000000	0.000000000000	3	0.679450000000	0.000000000000	0.008847812373	0.000000000000	28000
6	0	0.750000000000	0.000000000000	4	0.661934000000	0.000000000000	0.008902072281	0.000000000000	12000
6	0	0.750000000000	0.000000000000	5	0.667874000000	0.000000000000	0.010069832448	0.000000000000	6000
6	1	0.750000000000	0.124000000000	1	0.659222000000	0.000000000000	0.009646749493	0.000000000000	60000
6	1	0.750000000000	0.124000000000	2	0.000000000000	0.673430000000	0.000000000000	0.013617067398	288000
6	1	0.750000000000	0.124000000000	3	0.665700000000	0.000000000000	0.010527907524	0.000000000000	232000
6	1	0.750000000000	0.124000000000	4	0.664432000000	0.000000000000	0.010181799696	0.000000000000	28000
6	1	0.750000000000	0.124000000000	5	0.674364000000	0.000000000000	0.009893704533	0.000000000000	10000
6	2	0.750000000000	0.250000000000	1	0.677874000000	0.000000000000	0.010074602802	0.000000000000	304000
6	2	0.750000000000	0.250000000000	2	0.669296000000	0.000000000000	0.010105766201	0.000000000000	24000
6	2	0.750000000000	0.250000000000	3	0.525284000000	0.153244000000	0.013999833547	0.013212533256	400000
6	2	0.750000000000	0.250000000000	4	0.668832000000	0.000000000000	0.011041634557	0.000000000000	374000
6	2	0.750000000000	0.250000000000	5	0.671062000000	0.000000000000	0.010739436274	0.000000000000	210000
6	3	0.750000000000	0.374000000000	1	0.440560000000	0.253828000000	0.009231881045	0.009692076782	122000
6	3	0.750000000000	0.374000000000	2	0.667248000000	0.000000000000	0.013539343035	0.000000000000	280000
6	3	0.750000000000	0.374000000000	3	0.662126000000	0.000000000000	0.010726751008	0.000000000000	122000
6	3	0.750000000000	0.374000000000	4	0.511288000000	0.170402000000	0.020480442000	0.019015045831	136000
6	3	0.750000000000	0.374000000000	5	0.677478000000	0.000000000000	0.012385027449	0.000000000000	48000
6	4	0.750000000000	0.500000000000	1	0.674398000000	0.000000000000	0.009583811634	0.000000000000	28000
6	4	0.750000000000	0.500000000000	2	0.667680000000	0.000000000000	0.011223527412	0.000000000000	58000
6	4	0.750000000000	0.500000000000	3	0.139656000000	0.544986000000	0.016524730882	0.014921878785	396000
6	4	0.750000000000	0.500000000000	4	0.658620000000	0.000000000000	0.009767241115	0.000000000000	212000
6	4	0.750000000000	0.500000000000	5	0.656658000000	0.000000000000	0.009924390638	0.000000000000	128000
6	5	0.750000000000	0.624000000000	1	0.665414000000	0.000000000000	0.010321973995	0.000000000000	138000
6	5	0.750000000000	0.624000000000	2	0.668816000000	0.000000000000	0.010781204867	0.000000000000	184000
6	5	0.750000000000	0.624000000000	3	0.673590000000	0.000000000000	0.009355395418	0.000000000000	208000
6	5	0.750000000000	0.624000000000	4	0.512474000000	0.170660000000	0.016856318087	0.012752059246	400000
6	5	0.750000000000	0.624000000000	5	0.426140000000	0.266394000000	0.011484262636	0.010940221773	72000
6	6	0.750000000000	0.750000000000	1	0.677500000000	0.000000000000	0.010840826699	0.000000000000	188000
6	6	0.750000000000	0.750000000000	2	0.678094000000	0.000000000000	0.010693058753	0.000000000000	304000
6	6	0.750000000000	0.750000000000	3	0.663172000000	0.000000000000	0.009814414844	0.000000000000	220000
6	6	0.750000000000	0.750000000000	4	0.669658000000	0.000000000000	0.011654650010	0.000000000000	400000
6	6	0.750000000000	0.750000000000	5	0.657444000000	0.000000000000	0.011533251054	0.000000000000	306000
6	7	0.750000000000	0.874000000000	1	0.669320000000	0.000000000000	0.011864500258	0.000000000000	216000
6	7	0.750000000000	0.874000000000	2	0.676350000000	0.000000000000	0.011635156934	0.000000000000	32000
6	7	0.750000000000	0.874000000000	3	0.457378000000	0.225656000000	0.029813586936	0.034131372879	98000
6	7	0.750000000000	0.874000000000	4	0.378480000000	0.308102000000	0.015033416232	0.012970498442	26000
6	7	0.750000000000	0.874000000000	5	0.427140000000	0.250810000000	0.016277756767	0.019523551651	216000
6	8	0.750000000000	1.000000000000	1	0.000000000000	1.000000000000	0.000000000000	0.000000000000	6000
6	8	0.750000000000	1.000000000000	2	0.000000000000	1.000000000000	0.000000000000	0.000000000000	6000
6	8	0.750000000000	1.000000000000	3	0.000000000000	1.000000000000	0.000000000000	0.000000000000	6000
6	8	0.750000000000	1.000000000000	4	0.000000000000	1.000000000000	0.000000000000	0.000000000000	6000
6	8	0.750000000000	1.000000000000	5	0.000000000000	1.000000000000	0.000000000000	0.000000000000	6000
7	0	0.874000000000	0.000000000000	1	0.677182000000	0.000000000000	0.013728632538	0.000000000000	6000
7	0	0.874000000000	0.000000000000	2	0.671922000000	0.000000000000	0.011987560954	0.000000000000	32000
7	0	0.874000000000	0.000000000000	3	0.676086000000	0.000000000000	0.012294541869	0.000000000000	10000
7	0	0.874000000000	0.000000000000	4	0.655808000000	0.000000000000	0.011599728001	0.000000000000	42000
7	0	0.874000000000	0.000000000000	5	0.671480000000	0.000000000000	0.011142250659	0.000000000000	6000
7	1	0.874000000000	0.124000000000	1	0.314414000000	0.381228000000	0.024168258289	0.021950258081	124000
7	1	0.874000000000	0.124000000000	2	0.666720000000	0.000000000000	0.011169528117	0.000000000000	44000
7	1	0.874000000000	0.124000000000	3	0.664650000000	0.000000000000	0.009374720550	0.000000000000	248000
7	1	0.874000000000	0.124000000000	4	0.678832000000	0.000000000000	0.012674873902	0.000000000000	48000
7	1	0.874000000000	0.124000000000	5	0.661454000000	0.000000000000	0.011479619578	0.000000000000	24000
7	2	0.874000000000	0.250000000000	1	0.668390000000	0.000000000000	0.013381440990	0.000000000000	114000
7	2	0.874000000000	0.250000000000	2	0.677092000000	0.000000000000	0.015521870521	0.000000000000	44000
7	2	0.874000000000	0.250000000000	3	0.668078000000	0.000000000000	0.009797443846	0.000000000000	30000
7	2	0.874000000000	0.250000000000	4	0.672852000000	0.000000000000	0.011278000234	0.000000000000	28000
7	2	0.874000000000	0.250000000000	5	0.678982000000	0.000000000000	0.010255576671	0.000000000000	16000
7	3	0.874000000000	0.374000000000	1	0.404476000000	0.278994000000	0.017039946707	0.016905317322	192000
7	3	0.874000000000	0.374000000000	2	0.671856000000	0.000000000000	0.011509636647	0.000000000000	244000
7	3	0.874000000000	0.374000000000	3	0.667168000000	0.000000000000	0.011835533611	0.000000000000	278000
7	3	0.874000000000	0.374000000000	4	0.000000000000	0.682424000000	0.000000000000	0.010400788451	84000
7	3	0.874000000000	0.374000000000	5	0.676052000000	0.000000000000	0.009312143256	0.000000000000	66000
7	4	0.874000000000	0.500000000000	1	0.518842000000	0.165332000000	0.022657988005	0.018473956346	262000
7	4	0.874000000000	0.500000000000	2	0.674330000000	0.000000000000	0.011413034538	0.000000000000	56000
7	4	0.874000000000	0.500000000000	3	0.676272000000	0.000000000000	0.007078992028	0.000000000000	88000
7	4	0.874000000000	0.500000000000	4	0.674166000000	0.000000000000	0.009699821160	0.000000000000	62000
7	4	0.874000000000	0.500000000000	5	0.685798000000	0.000000000000	0.012727182610	0.000000000000	22000
7	5	0.874000000000	0.624000000000	1	0.683190000000	0.000000000000	0.010014798859	0.000000000000	144000
7	5	0.874000000000	0.624000000000	2	0.685334000000	0.000000000000	0.008933098244	0.000000000000	66000
7	5	0.874000000000	0.624000000000	3	0.667360000000	0.000000000000	0.011372587029	0.000000000000	52000
7	5	0.874000000000	0.624000000000	4	0.437870000000	0.242928000000	0.018212270226	0.018942904995	124000
7	5	0.874000000000	0.624000000000	5	0.657002000000	0.000000000000	0.012457736198	0.000000000000	384000
7	6	0.874000000000	0.750000000000	1	0.677558000000	0.000000000000	0.009917812208	0.000000000000	68000
7	6	0.874000000000	0.750000000000	2	0.668240000000	0.000000000000	0.012042567144	0.000000000000	248000
7	6	0.874000000000	0.750000000000	3	0.663276000000	0.000000000000	0.011034744654	0.000000000000	38000
7	6	0.874000000000	0.750000000000	4	0.685414000000	0.000000000000	0.014855884400	0.000000000000	50000
7	6	0.874000000000	0.750000000000	5	0.380402000000	0.318518000000	0.021593625927	0.024641568190	400000
7	7	0.874000000000	0.874000000000	1	0.670834000000	0.000000000000	0.012004855708	0.000000000000	54000
7	7	0.874000000000	0.874000000000	2	0.665312000000	0.000000000000	0.012163001052	0.000000000000	190000
7	7	0.874000000000	0.874000000000	3	0.664906000000	0.000000000000	0.010144854956	0.000000000000	54000
7	7	0.874000000000	0.874000000000	4	0.673646000000	0.000000000000	0.013631452619	0.000000000000	136000
7	7	0.874000000000	0.874000000000	5	0.673912000000	0.000000000000	0.014302055964	0.000000000000	306000
7	8	0.874000000000	1.000000000000	1	0.000000000000	1.000000000000	0.000000000000	0.000000000000	6000
7	8	0.874000000000	1.000000000000	2	0.000000000000	1.000000000000	0.000000000000	0.000000000000	6000
7	8	0.874000000000	1.000000000000	3	0.000000000000	1.000000000000	0.000000000000	0.000000000000	6000
7	8	0.874000000000	1.000000000000	4	0.000000000000	1.000000000000	0.000000000000	0.000000000000	6000
7	8	0.874000000000	1.000000000000	5	0.000000000000	1.000000000000	0.000000000000	0.000000000000	6000
8	0	1.000000000000	0.000000000000	1	1.000000000000	0.000000000000	0.000000000000	0.000000000000	4000
8	0	1.000000000000	0.000000000000	2	1.000000000000	0.000000000000	0.000000000000	0.000000000000	4000
8	0	1.000000000000	0.000000000000	3	1.000000000000	0.000000000000	0.000000000000	0.000000000000	4000
8	0	1.000000000000	0.000000000000	4	1.000000000000	0.000000000000	0.000000000000	0.000000000000	4000
8	0	1.000000000000	0.000000000000	5	1.000000000000	0.000000000000	0.000000000000	0.000000000000	4000
8	1	1.000000000000	0.124000000000	1	1.000000000000	0.000000000000	0.000000000000	0.000000000000	6000
8	1	1.000000000000	0.124000000000	2	1.000000000000	0.000000000000	0.000000000000	0.000000000000	6000
8	1	1.000000000000	0.124000000000	3	1.000000000000	0.000000000000	0.000000000000	0.000000000000	6000
8	1	1.000000000000	0.124000000000	4	1.000000000000	0.000000000000	0.000000000000	0.000000000000	8000
8	1	1.000000000000	0.124000000000	5	1.000000000000	0.000000000000	0.000000000000	0.000000000000	6000
8	2	1.000000000000	0.250000000000	1	1.000000000000	0.000000000000	0.000000000000	0.000000000000	6000
8	2	1.000000000000	0.250000000000	2	1.000000000000	0.000000000000	0.000000000000	0.000000000000	6000
8	2	1.000000000000	0.250000000000	3	1.000000000000	0.000000000000	0.000000000000	0.000000000000	6000
8	2	1.000000000000	0.250000000000	4	1.000000000000	0.000000000000	0.000000000000	0.000000000000	6000
8	2	1.000000000000	0.250000000000	5	1.000000000000	0.000000000000	0.000000000000	0.000000000000	6000
8	3	1.000000000000	0.374000000000	1	1.000000000000	0.000000000000	0.000000000000	0.000000000000	6000
8	3	1.000000000000	0.374000000000	2	1.000000000000	0.000000000000	0.000000000000	0.000000000000	6000
8	3	1.000000000000	0.374000000000	3	1.000000000000	0.000000000000	0.000000000000	0.000000000000	6000
8	3	1.000000000000	0.374000000000	4	1.000000000000	0.000000000000	0.000000000000	0.000000000000	6000
8	3	1.000000000000	0.374000000000	5	1.000000000000	0.000000000000	0.000000000000	0.000000000000	6000
8	4	1.000000000000	0.500000000000	1	1.000000000000	0.000000000000	0.000000000000	0.000000000000	6000
8	4	1.000000000000	0.500000000000	2	1.000000000000	0.000000000000	0.000000000000	0.000000000000	6000
8	4	1.000000000000	0.500000000000	3	1.000000000000	0.000000000000	0.000000000000	0.000000000000	6000
8	4	1.000000000000	0.500000000000	4	1.000000000000	0.000000000000	0.000000000000	0.000000000000	6000
8	4	1.000000000000	0.500000000000	5	1.000000000000	0.000000000000	0.000000000000	0.000000000000	6000
8	5	1.000000000000	0.624000000000	1	1.000000000000	0.000000000000	0.000000000000	0.000000000000	6000
8	5	1.000000000000	0.624000000000	2	1.000000000000	0.000000000000	0.000000000000	0.000000000000	8000
8	5	1.000000000000	0.624000000000	3	1.000000000000	0.000000000000	0.000000000000	0.000000000000	6000
8	5	1.000000000000	0.624000000000	4	1.000000000000	0.000000000000	0.000000000000	0.000000000000	6000
8	5	1.000000000000	0.624000000000	5	1.000000000000	0.000000000000	0.000000000000	0.000000000000	6000
8	6	1.000000000000	0.750000000000	1	1.000000000000	0.000000000000	0.000000000000	0.000000000000	6000
8	6	1.000000000000	0.750000000000	2	1.000000000000	0.000000000000	0.000000000000	0.000000000000	6000
8	6	1.000000000000	0.750000000000	3	1.000000000000	0.000000000000	0.000000000000	0.000000000000	6000
8	6	1.000000000000	0.750000000000	4	1.000000000000	0.000000000000	0.000000000000	0.000000000000	8000
8	6	1.000000000000	0.750000000000	5	1.000000000000	0.000000000000	0.000000000000	0.000000000000	6000
8	7	1.000000000000	0.874000000000	1	1.000000000000	0.000000000000	0.000000000000	0.000000000000	6000
8	7	1.000000000000	0.874000000000	2	1.000000000000	0.000000000000	0.000000000000	0.000000000000	8000
8	7	1.000000000000	0.874000000000	3	1.000000000000	0.000000000000	0.000000000000	0.000000000000	6000
8	7	1.000000000000	0.874000000000	4	1.000000000000	0.000000000000	0.000000000000	0.000000000000	6000
8	7	1.000000000000	0.874000000000	5	1.000000000000	0.000000000000	0.000000000000	0.000000000000	6000
8	8	1.000000000000	1.000000000000	1	1.000000000000	1.000000000000	0.000000000000	0.000000000000	4000
8	8	1.000000000000	1.000000000000	2	1.000000000000	1.000000000000	0.000000000000	0.000000000000	4000
8	8	1.000000000000	1.000000000000	3	1.000000000000	1.000000000000	0.000000000000	0.000000000000	4000
8	8	1.000000000000	1.000000000000	4	1.000000000000	1.000000000000	0.000000000000	0.000000000000	4000
8	8	1.000000000000	1.000000000000	5	1.000000000000	1.000000000000	0.000000000000	0.000000000000	4000
