# scan initial plane
# b 1.2
# r 0
# e -0.4
# p12 0.2
# ndiv 12
# n_reps 5
# A:(0,1),	A':(0,0.300),	B:(1,0),	B'=(0.533,0),	C:(1,1),	D:(0,0),	E:(0.458,0.094) 
# columns: ix iy x1_0 x2_0 rep x1_inf x2_inf sigma_1 sigma_2 t_relax
4	0	0.333333333333	0.000000000000	1	0.367900000000	0.000000000000	0.065315222579	0.000000000000	4000
4	0	0.333333333333	0.000000000000	2	0.362700000000	0.000000000000	0.056289832225	0.000000000000	30000
4	0	0.333333333333	0.000000000000	3	0.369100000000	0.000000000000	0.051229690101	0.000000000000	8000
4	0	0.333333333333	0.000000000000	4	0.377166666667	0.000000000000	0.059749365296	0.000000000000	10000
4	0	0.333333333333	0.000000000000	5	0.354600000000	0.000000000000	0.051069705124	0.000000000000	30000
4	1	0.333333333333	0.075000000000	1	0.365666666667	0.000000000000	0.054749914234	0.000000000000	22000
4	1	0.333333333333	0.075000000000	2	0.360033333333	0.000000000000	0.054549438097	0.000000000000	30000
4	1	0.333333333333	0.075000000000	3	0.382900000000	0.000000000000	0.057006391023	0.000000000000	12000
4	1	0.333333333333	0.075000000000	4	0.378500000000	0.000000000000	0.045714766103	0.000000000000	30000
4	1	0.333333333333	0.075000000000	5	0.363433333333	0.000000000000	0.054080425944	0.000000000000	26000
4	2	0.333333333333	0.150000000000	1	0.386933333333	0.000000000000	0.062145097347	0.000000000000	18000
4	2	0.333333333333	0.150000000000	2	0.304400000000	0.000000000000	0.050319588133	0.000000000000	8000
4	2	0.333333333333	0.150000000000	3	0.349800000000	0.000000000000	0.057647925230	0.000000000000	26000
4	2	0.333333333333	0.150000000000	4	0.354766666667	0.000000000000	0.054795105755	0.000000000000	8000
4	2	0.333333333333	0.150000000000	5	0.443600000000	0.000000000000	0.067537983068	0.000000000000	8000
4	3	0.333333333333	0.250000000000	1	0.383466666667	0.000000000000	0.053422348138	0.000000000000	8000
4	3	0.333333333333	0.250000000000	2	0.389600000000	0.000000000000	0.047966732994	0.000000000000	30000
4	3	0.333333333333	0.250000000000	3	0.367633333333	0.000000000000	0.055567155946	0.000000000000	24000
4	3	0.333333333333	0.250000000000	4	0.389666666667	0.000000000000	0.069699930434	0.000000000000	8000
4	3	0.333333333333	0.250000000000	5	0.337833333333	0.000000000000	0.052802401926	0.000000000000	24000
4	4	0.333333333333	0.325000000000	1	0.375766666667	0.000000000000	0.075921440821	0.000000000000	26000
4	4	0.333333333333	0.325000000000	2	0.385700000000	0.000000000000	0.080752212407	0.000000000000	14000
4	4	0.333333333333	0.325000000000	3	0.378600000000	0.000000000000	0.062533149923	0.000000000000	12000
4	4	0.333333333333	0.325000000000	4	0.364966666667	0.000000000000	0.051583737681	0.000000000000	30000
4	4	0.333333333333	0.325000000000	5	0.383333333333	0.000000000000	0.061819085865	0.000000000000	18000
4	5	0.333333333333	0.400000000000	1	0.373766666667	0.000000000000	0.060026604045	0.000000000000	8000
4	5	0.333333333333	0.400000000000	2	0.368533333333	0.000000000000	0.058194233314	0.000000000000	30000
4	5	0.333333333333	0.400000000000	3	0.367733333333	0.000000000000	0.055575331815	0.000000000000	20000
4	5	0.333333333333	0.400000000000	4	0.000000000000	0.171575000000	0.000000000000	0.045521605767	14000
4	5	0.333333333333	0.400000000000	5	0.370133333333	0.000000000000	0.053518031870	0.000000000000	20000
4	6	0.333333333333	0.500000000000	1	0.375200000000	0.000000000000	0.049628404509	0.000000000000	18000
4	6	0.333333333333	0.500000000000	2	0.375733333333	0.000000000000	0.069557093818	0.000000000000	10000
4	6	0.333333333333	0.500000000000	3	0.341433333333	0.000000000000	0.042499367009	0.000000000000	18000
4	6	0.333333333333	0.500000000000	4	0.352066666667	0.000000000000	0.050579513403	0.000000000000	12000
4	6	0.333333333333	0.500000000000	5	0.399366666667	0.000000000000	0.072105773527	0.000000000000	14000
4	7	0.333333333333	0.575000000000	1	0.356600000000	0.000000000000	0.054318519979	0.000000000000	8000
4	7	0.333333333333	0.575000000000	2	0.356400000000	0.000000000000	0.056371742291	0.000000000000	12000
4	7	0.333333333333	0.575000000000	3	0.387766666667	0.000000000000	0.052033618916	0.000000000000	30000
4	7	0.333333333333	0.575000000000	4	0.000000000000	0.184850000000	0.000000000000	0.038169810511	6000
4	7	0.333333333333	0.575000000000	5	0.000000000000	0.177450000000	0.000000000000	0.037837536643	6000
4	8	0.333333333333	0.650000000000	1	0.367633333333	0.000000000000	0.058416419212	0.000000000000	14000
4	8	0.333333333333	0.650000000000	2	0.323133333333	0.000000000000	0.047262557113	0.000000000000	6000
4	8	0.333333333333	0.650000000000	3	0.386900000000	0.000000000000	0.060330817874	0.000000000000	18000
4	8	0.333333333333	0.650000000000	4	0.364800000000	0.000000000000	0.057752978431	0.000000000000	16000
4	8	0.333333333333	0.650000000000	5	0.371966666667	0.000000000000	0.063063445111	0.000000000000	14000
4	9	0.333333333333	0.750000000000	1	0.380233333333	0.000000000000	0.049074982521	0.000000000000	8000
4	9	0.333333333333	0.750000000000	2	0.375433333333	0.000000000000	0.053358258690	0.000000000000	10000
4	9	0.333333333333	0.750000000000	3	0.367066666667	0.000000000000	0.053065896041	0.000000000000	30000
4	9	0.333333333333	0.750000000000	4	0.000000000000	0.160950000000	0.000000000000	0.031738854026	22000
4	9	0.333333333333	0.750000000000	5	0.383566666667	0.000000000000	0.071309400405	0.000000000000	14000
4	10	0.333333333333	0.825000000000	1	0.000000000000	0.188725000000	0.000000000000	0.036944069067	6000
4	10	0.333333333333	0.825000000000	2	0.343266666667	0.000000000000	0.062634093722	0.000000000000	22000
4	10	0.333333333333	0.825000000000	3	0.336300000000	0.000000000000	0.051244972029	0.000000000000	12000
4	10	0.333333333333	0.825000000000	4	0.336666666667	0.000000000000	0.055505482940	0.000000000000	12000
4	10	0.333333333333	0.825000000000	5	0.358933333333	0.000000000000	0.042502311072	0.000000000000	8000
4	11	0.333333333333	0.900000000000	1	0.000000000000	0.210400000000	0.000000000000	0.037593260742	14000
4	11	0.333333333333	0.900000000000	2	0.373366666667	0.000000000000	0.051886864341	0.000000000000	22000
4	11	0.333333333333	0.900000000000	3	0.368833333333	0.000000000000	0.050255436942	0.000000000000	16000
4	11	0.333333333333	0.900000000000	4	0.364100000000	0.000000000000	0.061232212342	0.000000000000	6000
4	11	0.333333333333	0.900000000000	5	0.356700000000	0.000000000000	0.048484988682	0.000000000000	6000
4	12	0.333333333333	1.000000000000	1	0.000000000000	1.000000000000	0.000000000000	0.000000000000	6000
4	12	0.333333333333	1.000000000000	2	0.000000000000	1.000000000000	0.000000000000	0.000000000000	6000
4	12	0.333333333333	1.000000000000	3	0.000000000000	1.000000000000	0.000000000000	0.000000000000	6000
4	12	0.333333333333	1.000000000000	4	0.000000000000	1.000000000000	0.000000000000	0.000000000000	6000
4	12	0.333333333333	1.000000000000	5	0.000000000000	1.000000000000	0.000000000000	0.000000000000	6000
5	0	0.400000000000	0.000000000000	1	0.372833333333	0.000000000000	0.047595679237	0.000000000000	18000
5	0	0.400000000000	0.000000000000	2	0.365366666667	0.000000000000	0.062119525933	0.000000000000	18000
5	0	0.400000000000	0.000000000000	3	0.420333333333	0.000000000000	0.054021873415	0.000000000000	4000
5	0	0.400000000000	0.000000000000	4	0.369200000000	0.000000000000	0.045265489284	0.000000000000	22000
5	0	0.400000000000	0.000000000000	5	0.394366666667	0.000000000000	0.065847815634	0.000000000000	30000
5	1	0.400000000000	0.075000000000	1	0.368600000000	0.000000000000	0.069369917968	0.000000000000	24000
5	1	0.400000000000	0.075000000000	2	0.379333333333	0.000000000000	0.056099439811	0.000000000000	14000
5	1	0.400000000000	0.075000000000	3	0.383966666667	0.000000000000	0.060303969944	0.000000000000	10000
5	1	0.400000000000	0.075000000000	4	0.404266666667	0.000000000000	0.057971646716	0.000000000000	30000
5	1	0.400000000000	0.075000000000	5	0.376666666667	0.000000000000	0.051837549865	0.000000000000	10000
5	2	0.400000000000	0.150000000000	1	0.368800000000	0.000000000000	0.060010602259	0.000000000000	8000
5	2	0.400000000000	0.150000000000	2	0.381600000000	0.000000000000	0.064936645117	0.000000000000	6000
5	2	0.400000000000	0.150000000000	3	0.348533333333	0.000000000000	0.055164428986	0.000000000000	20000
5	2	0.400000000000	0.150000000000	4	0.414333333333	0.000000000000	0.057057768290	0.000000000000	10000
5	2	0.400000000000	0.150000000000	5	0.000000000000	0.186550000000	0.000000000000	0.032999036902	20000
5	3	0.400000000000	0.250000000000	1	0.371433333333	0.000000000000	0.062947218782	0.000000000000	10000
5	3	0.400000000000	0.250000000000	2	0.359900000000	0.000000000000	0.051577182565	0.000000000000	30000
5	3	0.400000000000	0.250000000000	3	0.373433333333	0.000000000000	0.057122944677	0.000000000000	6000
5	3	0.400000000000	0.250000000000	4	0.355966666667	0.000000000000	0.048397280308	0.000000000000	8000
5	3	0.400000000000	0.250000000000	5	0.354533333333	0.000000000000	0.053583663432	0.000000000000	16000
5	4	0.400000000000	0.325000000000	1	0.346966666667	0.000000000000	0.051984518541	0.000000000000	8000
5	4	0.400000000000	0.325000000000	2	0.387800000000	0.000000000000	0.064323555110	0.000000000000	6000
5	4	0.400000000000	0.325000000000	3	0.412533333333	0.000000000000	0.051929985462	0.000000000000	28000
5	4	0.400000000000	0.325000000000	4	0.396800000000	0.000000000000	0.069355069615	0.000000000000	18000
5	4	0.400000000000	0.325000000000	5	0.367366666667	0.000000000000	0.058761917625	0.000000000000	30000
5	5	0.400000000000	0.400000000000	1	0.407366666667	0.000000000000	0.069829534881	0.000000000000	30000
5	5	0.400000000000	0.400000000000	2	0.370833333333	0.000000000000	0.056413544859	0.000000000000	10000
5	5	0.400000000000	0.400000000000	3	0.395133333333	0.000000000000	0.072796927999	0.000000000000	24000
5	5	0.400000000000	0.400000000000	4	0.405300000000	0.000000000000	0.046255866230	0.000000000000	8000
5	5	0.400000000000	0.400000000000	5	0.000000000000	0.181675000000	0.000000000000	0.040514945833	8000
5	6	0.400000000000	0.500000000000	1	0.000000000000	0.174250000000	0.000000000000	0.050268921457	20000
5	6	0.400000000000	0.500000000000	2	0.389766666667	0.000000000000	0.052357937085	0.000000000000	30000
5	6	0.400000000000	0.500000000000	3	0.418966666667	0.000000000000	0.066693679879	0.000000000000	14000
5	6	0.400000000000	0.500000000000	4	0.370066666667	0.000000000000	0.052494190960	0.000000000000	14000
5	6	0.400000000000	0.500000000000	5	0.364533333333	0.000000000000	0.048027538165	0.000000000000	8000
5	7	0.400000000000	0.575000000000	1	0.000000000000	0.187625000000	0.000000000000	0.034676170662	12000
5	7	0.400000000000	0.575000000000	2	0.393000000000	0.000000000000	0.064305016407	0.000000000000	30000
5	7	0.400000000000	0.575000000000	3	0.382933333333	0.000000000000	0.061239341306	0.000000000000	30000
5	7	0.400000000000	0.575000000000	4	0.373833333333	0.000000000000	0.044678749256	0.000000000000	16000
5	7	0.400000000000	0.575000000000	5	0.371033333333	0.000000000000	0.064269887165	0.000000000000	30000
5	8	0.400000000000	0.650000000000	1	0.357500000000	0.000000000000	0.048961805211	0.000000000000	12000
5	8	0.400000000000	0.650000000000	2	0.000000000000	0.185075000000	0.000000000000	0.039930738020	6000
5	8	0.400000000000	0.650000000000	3	0.000000000000	0.185750000000	0.000000000000	0.033549412261	10000
5	8	0.400000000000	0.650000000000	4	0.404800000000	0.000000000000	0.056175361385	0.000000000000	8000
5	8	0.400000000000	0.650000000000	5	0.362833333333	0.000000000000	0.057915587940	0.000000000000	10000
5	9	0.400000000000	0.750000000000	1	0.369700000000	0.000000000000	0.065426562492	0.000000000000	6000
5	9	0.400000000000	0.750000000000	2	0.341433333333	0.000000000000	0.048831878216	0.000000000000	12000
5	9	0.400000000000	0.750000000000	3	0.393300000000	0.000000000000	0.060808688404	0.000000000000	28000
5	9	0.400000000000	0.750000000000	4	0.393366666667	0.000000000000	0.058523323760	0.000000000000	16000
5	9	0.400000000000	0.750000000000	5	0.404366666667	0.000000000000	0.066998166466	0.000000000000	28000
5	10	0.400000000000	0.825000000000	1	0.344866666667	0.000000000000	0.059549003868	0.000000000000	10000
5	10	0.400000000000	0.825000000000	2	0.355500000000	0.000000000000	0.049766164365	0.000000000000	30000
5	10	0.400000000000	0.825000000000	3	0.373833333333	0.000000000000	0.055050507138	0.000000000000	8000
5	10	0.400000000000	0.825000000000	4	0.416600000000	0.000000000000	0.051081028707	0.000000000000	10000
5	10	0.400000000000	0.825000000000	5	0.353033333333	0.000000000000	0.064940267550	0.000000000000	8000
5	11	0.400000000000	0.900000000000	1	0.368666666667	0.000000000000	0.061298738267	0.000000000000	8000
5	11	0.400000000000	0.900000000000	2	0.368166666667	0.000000000000	0.051568383600	0.000000000000	16000
5	11	0.400000000000	0.900000000000	3	0.351433333333	0.000000000000	0.041091641089	0.000000000000	6000
5	11	0.400000000000	0.900000000000	4	0.000000000000	0.175525000000	0.000000000000	0.038184518230	6000
5	11	0.400000000000	0.900000000000	5	0.387366666667	0.000000000000	0.052576366119	0.000000000000	8000
5	12	0.400000000000	1.000000000000	1	0.000000000000	1.000000000000	0.000000000000	0.000000000000	6000
5	12	0.400000000000	1.000000000000	2	0.000000000000	1.000000000000	0.000000000000	0.000000000000	6000
5	12	0.400000000000	1.000000000000	3	0.000000000000	1.000000000000	0.000000000000	0.000000000000	6000
5	12	0.400000000000	1.000000000000	4	0.000000000000	1.000000000000	0.000000000000	0.000000000000	6000
5	12	0.400000000000	1.000000000000	5	0.000000000000	1.000000000000	0.000000000000	0.000000000000	6000
