# scan initial plane
# b 1.15
# r 0
# e -0.4
# p12 0.2
# ndiv 8
# n_reps 3
# A:(0,1),	A':(0,0.533),	B:(1,0),	B'=(0.533,0),	C:(1,1),	D:(0,0),	E:(0.308,0.308) 
# columns: ix iy x1_0 x2_0 rep x1_inf x2_inf sigma_1 sigma_2 t_relax
0	0	0.000000000000	0.000000000000	1	0.000000000000	0.000000000000	0.000000000000	0.000000000000	4000
0	0	0.000000000000	0.000000000000	2	0.000000000000	0.000000000000	0.000000000000	0.000000000000	4000
0	0	0.000000000000	0.000000000000	3	0.000000000000	0.000000000000	0.000000000000	0.000000000000	4000
0	1	0.000000000000	0.124000000000	1	0.000000000000	0.650130000000	0.000000000000	0.011853421599	80000
0	1	0.000000000000	0.124000000000	2	0.000000000000	0.649602000000	0.000000000000	0.012216498633	24000
0	1	0.000000000000	0.124000000000	3	0.000000000000	0.650858000000	0.000000000000	0.010858441036	22000
0	2	0.000000000000	0.250000000000	1	0.000000000000	0.648718000000	0.000000000000	0.011480604526	6000
0	2	0.000000000000	0.250000000000	2	0.000000000000	0.639270000000	0.000000000000	0.012804806249	18000
0	2	0.000000000000	0.250000000000	3	0.000000000000	0.645832000000	0.000000000000	0.010300576580	74000
0	3	0.000000000000	0.374000000000	1	0.000000000000	0.637686000000	0.000000000000	0.013323472480	46000
0	3	0.000000000000	0.374000000000	2	0.000000000000	0.663248000000	0.000000000000	0.013185156212	28000
0	3	0.000000000000	0.374000000000	3	0.000000000000	0.641082000000	0.000000000000	0.013259905773	20000
0	4	0.000000000000	0.500000000000	1	0.000000000000	0.647944000000	0.000000000000	0.014616788789	12000
0	4	0.000000000000	0.500000000000	2	0.000000000000	0.654662000000	0.000000000000	0.010494755638	6000
0	4	0.000000000000	0.500000000000	3	0.000000000000	0.640762000000	0.000000000000	0.011211648276	20000
0	5	0.000000000000	0.624000000000	1	0.000000000000	0.651610000000	0.000000000000	0.011635948405	26000
0	5	0.000000000000	0.624000000000	2	0.000000000000	0.644112000000	0.000000000000	0.014429541492	38000
0	5	0.000000000000	0.624000000000	3	0.000000000000	0.661084000000	0.000000000000	0.012041675380	30000
0	6	0.000000000000	0.750000000000	1	0.000000000000	0.653222000000	0.000000000000	0.013155827294	90000
0	6	0.000000000000	0.750000000000	2	0.000000000000	0.655056000000	0.000000000000	0.010451128651	6000
0	6	0.000000000000	0.750000000000	3	0.000000000000	0.654402000000	0.000000000000	0.010047853271	20000
0	7	0.000000000000	0.874000000000	1	0.000000000000	0.637566000000	0.000000000000	0.012436169117	6000
0	7	0.000000000000	0.874000000000	2	0.000000000000	0.654216000000	0.000000000000	0.008451317576	28000
0	7	0.000000000000	0.874000000000	3	0.000000000000	0.642806000000	0.000000000000	0.011185324111	22000
0	8	0.000000000000	1.000000000000	1	0.000000000000	1.000000000000	0.000000000000	0.000000000000	4000
0	8	0.000000000000	1.000000000000	2	0.000000000000	1.000000000000	0.000000000000	0.000000000000	4000
0	8	0.000000000000	1.000000000000	3	0.000000000000	1.000000000000	0.000000000000	0.000000000000	4000
1	0	0.124000000000	0.000000000000	1	0.636508000000	0.000000000000	0.010677825244	0.000000000000	22000
1	0	0.124000000000	0.000000000000	2	0.657102000000	0.000000000000	0.011085507859	0.000000000000	54000
1	0	0.124000000000	0.000000000000	3	0.665488000000	0.000000000000	0.012474833766	0.000000000000	42000
1	1	0.124000000000	0.124000000000	1	0.446778000000	0.215116000000	0.037421050908	0.036669267503	324000
1	1	0.124000000000	0.124000000000	2	0.397404000000	0.279372000000	0.023473640446	0.021250722557	200000
1	1	0.124000000000	0.124000000000	3	0.434818000000	0.242088000000	0.018029862782	0.016463514306	360000
1	2	0.124000000000	0.250000000000	1	0.275076000000	0.407082000000	0.013169345301	0.010416034263	400000
1	2	0.124000000000	0.250000000000	2	0.402406000000	0.276058000000	0.018768255417	0.021636931224	400000
1	2	0.124000000000	0.250000000000	3	0.249264000000	0.409370000000	0.016343727281	0.020969473499	400000
1	3	0.124000000000	0.374000000000	1	0.380162000000	0.290182000000	0.012690263937	0.015346347656	400000
1	3	0.124000000000	0.374000000000	2	0.399612000000	0.272852000000	0.028839993086	0.030055439199	242000
1	3	0.124000000000	0.374000000000	3	0.260174000000	0.405712000000	0.017312465031	0.018089230948	100000
1	4	0.124000000000	0.500000000000	1	0.373818000000	0.286620000000	0.014690223915	0.023071798974	268000
1	4	0.124000000000	0.500000000000	2	0.347076000000	0.327084000000	0.013468467753	0.011566794488	164000
1	4	0.124000000000	0.500000000000	3	0.330200000000	0.340012000000	0.014996028837	0.014456584965	400000
1	5	0.124000000000	0.624000000000	1	0.433582000000	0.229244000000	0.018703665499	0.014802147397	400000
1	5	0.124000000000	0.624000000000	2	0.325958000000	0.344000000000	0.008163141116	0.009370154737	400000
1	5	0.124000000000	0.624000000000	3	0.395268000000	0.269346000000	0.019516687144	0.017982982836	128000
1	6	0.124000000000	0.750000000000	1	0.439798000000	0.231282000000	0.023027232779	0.018784710308	190000
1	6	0.124000000000	0.750000000000	2	0.380760000000	0.282950000000	0.027479765966	0.021706881137	90000
1	6	0.124000000000	0.750000000000	3	0.397272000000	0.276628000000	0.016169213322	0.012197474919	54000
1	7	0.124000000000	0.874000000000	1	0.277576000000	0.403210000000	0.019661301859	0.016762245460	114000
1	7	0.124000000000	0.874000000000	2	0.388990000000	0.276580000000	0.032463853773	0.030379639934	18000
1	7	0.124000000000	0.874000000000	3	0.374220000000	0.295940000000	0.020242563112	0.015159228285	94000
1	8	0.124000000000	1.000000000000	1	0.000000000000	1.000000000000	0.000000000000	0.000000000000	6000
1	8	0.124000000000	1.000000000000	2	0.000000000000	1.000000000000	0.000000000000	0.000000000000	6000
1	8	0.124000000000	1.000000000000	3	0.000000000000	1.000000000000	0.000000000000	0.000000000000	6000
2	0	0.250000000000	0.000000000000	1	0.644570000000	0.000000000000	0.012875592448	0.000000000000	38000
2	0	0.250000000000	0.000000000000	2	0.657726000000	0.000000000000	0.012727407863	0.000000000000	10000
2	0	0.250000000000	0.000000000000	3	0.650362000000	0.000000000000	0.010409097238	0.000000000000	42000
2	1	0.250000000000	0.124000000000	1	0.413552000000	0.262856000000	0.021240773679	0.019358150790	360000
2	1	0.250000000000	0.124000000000	2	0.292320000000	0.380904000000	0.037610532463	0.035816219588	82000
2	1	0.250000000000	0.124000000000	3	0.319448000000	0.350818000000	0.017786389506	0.018539217313	206000
2	2	0.250000000000	0.250000000000	1	0.340022000000	0.334024000000	0.024262897688	0.020758958509	400000
2	2	0.250000000000	0.250000000000	2	0.476926000000	0.179036000000	0.019522490918	0.016555869074	400000
2	2	0.250000000000	0.250000000000	3	0.314766000000	0.354710000000	0.021715266445	0.021051914000	240000
2	3	0.250000000000	0.374000000000	1	0.436238000000	0.234240000000	0.013364653754	0.019451909335	40000
2	3	0.250000000000	0.374000000000	2	0.356436000000	0.319692000000	0.024928524532	0.022424450762	400000
2	3	0.250000000000	0.374000000000	3	0.399570000000	0.278586000000	0.016820405049	0.012928253700	314000
2	4	0.250000000000	0.500000000000	1	0.371742000000	0.292404000000	0.027481132594	0.022411493905	204000
2	4	0.250000000000	0.500000000000	2	0.378864000000	0.294750000000	0.017498105260	0.017564908939	288000
2	4	0.250000000000	0.500000000000	3	0.323140000000	0.340402000000	0.015297267939	0.017764401762	400000
2	5	0.250000000000	0.624000000000	1	0.377990000000	0.302960000000	0.019897734037	0.019131450871	76000
2	5	0.250000000000	0.624000000000	2	0.382146000000	0.288124000000	0.020496311443	0.018761466270	60000
2	5	0.250000000000	0.624000000000	3	0.362752000000	0.307014000000	0.021469220373	0.019277640712	190000
2	6	0.250000000000	0.750000000000	1	0.304972000000	0.363780000000	0.013940213253	0.019211681048	188000
2	6	0.250000000000	0.750000000000	2	0.371700000000	0.295746000000	0.010659062605	0.015659140867	64000
2	6	0.250000000000	0.750000000000	3	0.313100000000	0.350406000000	0.012147162366	0.012470873533	288000
2	7	0.250000000000	0.874000000000	1	0.339630000000	0.329750000000	0.018084749325	0.018762023172	322000
2	7	0.250000000000	0.874000000000	2	0.440884000000	0.230782000000	0.020169316928	0.016006520068	86000
2	7	0.250000000000	0.874000000000	3	0.477752000000	0.191668000000	0.021759871047	0.020256655896	78000
2	8	0.250000000000	1.000000000000	1	0.000000000000	1.000000000000	0.000000000000	0.000000000000	6000
2	8	0.250000000000	1.000000000000	2	0.000000000000	1.000000000000	0.000000000000	0.000000000000	6000
2	8	0.250000000000	1.000000000000	3	0.000000000000	1.000000000000	0.000000000000	0.000000000000	6000
3	0	0.374000000000	0.000000000000	1	0.647056000000	0.000000000000	0.008795124685	0.000000000000	42000
3	0	0.374000000000	0.000000000000	2	0.653000000000	0.000000000000	0.008848406314	0.000000000000	34000
3	0	0.374000000000	0.000000000000	3	0.635556000000	0.000000000000	0.012916101954	0.000000000000	14000
3	1	0.374000000000	0.124000000000	1	0.281110000000	0.391008000000	0.021311829910	0.019925183787	342000
3	1	0.374000000000	0.124000000000	2	0.377594000000	0.292846000000	0.014681372780	0.017160616853	22000
3	1	0.374000000000	0.124000000000	3	0.318334000000	0.346526000000	0.014346088465	0.018488405695	400000
3	2	0.374000000000	0.250000000000	1	0.296864000000	0.372606000000	0.020716048336	0.027921754751	14000
3	2	0.374000000000	0.250000000000	2	0.300726000000	0.363482000000	0.019523782986	0.020293138926	156000
3	2	0.374000000000	0.250000000000	3	0.351856000000	0.329152000000	0.021448900189	0.020827161753	38000
3	3	0.374000000000	0.374000000000	1	0.326876000000	0.340694000000	0.014091387128	0.014953861775	184000
3	3	0.374000000000	0.374000000000	2	0.453848000000	0.213722000000	0.031626209275	0.035947001306	66000
3	3	0.374000000000	0.374000000000	3	0.379552000000	0.278240000000	0.016870919475	0.020942516300	304000
3	4	0.374000000000	0.500000000000	1	0.355586000000	0.313418000000	0.020304405258	0.019790121903	400000
3	4	0.374000000000	0.500000000000	2	0.349874000000	0.324452000000	0.017842041993	0.017501256812	400000
3	4	0.374000000000	0.500000000000	3	0.408634000000	0.258456000000	0.029774226246	0.033924488720	300000
3	5	0.374000000000	0.624000000000	1	0.248474000000	0.432676000000	0.011049951377	0.010533279355	400000
3	5	0.374000000000	0.624000000000	2	0.330472000000	0.338322000000	0.022854749081	0.023255819683	330000
3	5	0.374000000000	0.624000000000	3	0.377510000000	0.294584000000	0.013025419823	0.012013795207	378000
3	6	0.374000000000	0.750000000000	1	0.272388000000	0.398570000000	0.028780649433	0.027744853160	358000
3	6	0.374000000000	0.750000000000	2	0.497204000000	0.167492000000	0.015150575036	0.019522168195	400000
3	6	0.374000000000	0.750000000000	3	0.304968000000	0.370466000000	0.017308569050	0.016940183406	184000
3	7	0.374000000000	0.874000000000	1	0.407650000000	0.259982000000	0.017532966232	0.016840168267	400000
3	7	0.374000000000	0.874000000000	2	0.355856000000	0.327396000000	0.012180625256	0.016850374450	16000
3	7	0.374000000000	0.874000000000	3	0.362048000000	0.305046000000	0.018414363545	0.023801941442	306000
3	8	0.374000000000	1.000000000000	1	0.000000000000	1.000000000000	0.000000000000	0.000000000000	6000
3	8	0.374000000000	1.000000000000	2	0.000000000000	1.000000000000	0.000000000000	0.000000000000	6000
3	8	0.374000000000	1.000000000000	3	0.000000000000	1.000000000000	0.000000000000	0.000000000000	6000
4	0	0.500000000000	0.000000000000	1	0.636994000000	0.000000000000	0.013792105937	0.000000000000	6000
4	0	0.500000000000	0.000000000000	2	0.636018000000	0.000000000000	0.008997590379	0.000000000000	22000
4	0	0.500000000000	0.000000000000	3	0.661732000000	0.000000000000	0.011236656017	0.000000000000	64000
4	1	0.500000000000	0.124000000000	1	0.415446000000	0.248242000000	0.019886592482	0.019461248063	400000
4	1	0.500000000000	0.124000000000	2	0.400916000000	0.274316000000	0.015436814414	0.014178193297	84000
4	1	0.500000000000	0.124000000000	3	0.441438000000	0.229162000000	0.017317391491	0.013191655536	282000
4	2	0.500000000000	0.250000000000	1	0.433142000000	0.222652000000	0.032651339114	0.037587174564	64000
4	2	0.500000000000	0.250000000000	2	0.329950000000	0.333558000000	0.018965262486	0.020098870630	400000
4	2	0.500000000000	0.250000000000	3	0.313454000000	0.349710000000	0.014400321290	0.016029998779	132000
4	3	0.500000000000	0.374000000000	1	0.271150000000	0.404154000000	0.026410357949	0.029892638790	36000
4	3	0.500000000000	0.374000000000	2	0.449372000000	0.214084000000	0.029481430948	0.027772436916	58000
4	3	0.500000000000	0.374000000000	3	0.399264000000	0.269070000000	0.014818295647	0.014332917795	346000
4	4	0.500000000000	0.500000000000	1	0.295616000000	0.375308000000	0.015240367870	0.017548706308	400000
4	4	0.500000000000	0.500000000000	2	0.340738000000	0.336700000000	0.028338638542	0.025644953961	6000
4	4	0.500000000000	0.500000000000	3	0.273408000000	0.385802000000	0.032634008557	0.027065574839	112000
4	5	0.500000000000	0.624000000000	1	0.389362000000	0.272798000000	0.028676458904	0.026651482088	296000
4	5	0.500000000000	0.624000000000	2	0.334754000000	0.341322000000	0.026399780916	0.023442479943	228000
4	5	0.500000000000	0.624000000000	3	0.355862000000	0.313458000000	0.014856300538	0.014028079805	400000
4	6	0.500000000000	0.750000000000	1	0.293830000000	0.370640000000	0.014778684296	0.014998912206	400000
4	6	0.500000000000	0.750000000000	2	0.294688000000	0.378250000000	0.013727749528	0.017983795954	128000
4	6	0.500000000000	0.750000000000	3	0.291238000000	0.381402000000	0.027286478481	0.028928242934	236000
4	7	0.500000000000	0.874000000000	1	0.246398000000	0.419844000000	0.015020226470	0.019966931220	38000
4	7	0.500000000000	0.874000000000	2	0.473040000000	0.199284000000	0.016077091555	0.017915588528	400000
4	7	0.500000000000	0.874000000000	3	0.349448000000	0.324498000000	0.020342987321	0.019744007238	36000
4	8	0.500000000000	1.000000000000	1	0.000000000000	1.000000000000	0.000000000000	0.000000000000	6000
4	8	0.500000000000	1.000000000000	2	0.000000000000	1.000000000000	0.000000000000	0.000000000000	6000
4	8	0.500000000000	1.000000000000	3	0.000000000000	1.000000000000	0.000000000000	0.000000000000	6000
5	0	0.624000000000	0.000000000000	1	0.648976000000	0.000000000000	0.013075258559	0.000000000000	8000
5	0	0.624000000000	0.000000000000	2	0.642606000000	0.000000000000	0.011228305252	0.000000000000	8000
5	0	0.624000000000	0.000000000000	3	0.631158000000	0.000000000000	0.011796702853	0.000000000000	86000
5	1	0.624000000000	0.124000000000	1	0.370542000000	0.290982000000	0.015530338935	0.013119901212	234000
5	1	0.624000000000	0.124000000000	2	0.261592000000	0.410986000000	0.019488389706	0.017211857891	60000
5	1	0.624000000000	0.124000000000	3	0.330366000000	0.332866000000	0.028528510650	0.031378059638	400000
5	2	0.624000000000	0.250000000000	1	0.331796000000	0.332618000000	0.017287951216	0.020892931594	156000
5	2	0.624000000000	0.250000000000	2	0.366812000000	0.296284000000	0.022149836823	0.019765981838	384000
5	2	0.624000000000	0.250000000000	3	0.404868000000	0.260584000000	0.035446283515	0.039746178467	90000
5	3	0.624000000000	0.374000000000	1	0.326738000000	0.346060000000	0.022064137921	0.024156239855	364000
5	3	0.624000000000	0.374000000000	2	0.242498000000	0.414904000000	0.019265491303	0.019718103042	400000
5	3	0.624000000000	0.374000000000	3	0.302132000000	0.365784000000	0.019649750347	0.019260017972	400000
5	4	0.624000000000	0.500000000000	1	0.442446000000	0.232516000000	0.014934393865	0.015133630456	58000
5	4	0.624000000000	0.500000000000	2	0.321526000000	0.355524000000	0.041321069139	0.030034838363	68000
5	4	0.624000000000	0.500000000000	3	0.330072000000	0.341618000000	0.020481560251	0.023294478073	36000
5	5	0.624000000000	0.624000000000	1	0.348396000000	0.323560000000	0.018515345041	0.014821676089	332000
5	5	0.624000000000	0.624000000000	2	0.360894000000	0.315462000000	0.019799716988	0.019438632061	88000
5	5	0.624000000000	0.624000000000	3	0.373584000000	0.299476000000	0.019426279220	0.014281785371	88000
5	6	0.624000000000	0.750000000000	1	0.402846000000	0.273016000000	0.019316247084	0.019963925022	296000
5	6	0.624000000000	0.750000000000	2	0.282828000000	0.382494000000	0.028504155888	0.021534337503	224000
5	6	0.624000000000	0.750000000000	3	0.366558000000	0.297874000000	0.015186417065	0.015411477464	216000
5	7	0.624000000000	0.874000000000	1	0.310210000000	0.368082000000	0.020323507201	0.021056320777	66000
5	7	0.624000000000	0.874000000000	2	0.334756000000	0.344344000000	0.027276738890	0.027440894057	146000
5	7	0.624000000000	0.874000000000	3	0.365554000000	0.301926000000	0.030041230993	0.029120964176	400000
5	8	0.624000000000	1.000000000000	1	0.000000000000	1.000000000000	0.000000000000	0.000000000000	6000
5	8	0.624000000000	1.000000000000	2	0.000000000000	1.000000000000	0.000000000000	0.000000000000	6000
5	8	0.624000000000	1.000000000000	3	0.000000000000	1.000000000000	0.000000000000	0.000000000000	6000
6	0	0.750000000000	0.000000000000	1	0.653358000000	0.000000000000	0.011296700910	0.000000000000	30000
6	0	0.750000000000	0.000000000000	2	0.652332000000	0.000000000000	0.014817737389	0.000000000000	14000
6	0	0.750000000000	0.000000000000	3	0.652364000000	0.000000000000	0.011211476317	0.000000000000	12000
6	1	0.750000000000	0.124000000000	1	0.394992000000	0.275644000000	0.010070419522	0.014604059112	246000
6	1	0.750000000000	0.124000000000	2	0.438484000000	0.231846000000	0.027112743219	0.033953455216	228000
6	1	0.750000000000	0.124000000000	3	0.317854000000	0.348984000000	0.030299517236	0.033961052650	80000
6	2	0.750000000000	0.250000000000	1	0.372694000000	0.299174000000	0.015972021458	0.016797972970	38000
6	2	0.750000000000	0.250000000000	2	0.268398000000	0.399410000000	0.014602014067	0.016478089314	8000
6	2	0.750000000000	0.250000000000	3	0.369662000000	0.301534000000	0.012907686251	0.010249482714	90000
6	3	0.750000000000	0.374000000000	1	0.301236000000	0.360364000000	0.019115378670	0.019517182799	400000
6	3	0.750000000000	0.374000000000	2	0.370648000000	0.304204000000	0.029130820460	0.025903153425	278000
6	3	0.750000000000	0.374000000000	3	0.403352000000	0.265178000000	0.013963634164	0.013363041828	196000
6	4	0.750000000000	0.500000000000	1	0.305888000000	0.361864000000	0.011437056538	0.010276921675	60000
6	4	0.750000000000	0.500000000000	2	0.362676000000	0.314364000000	0.022465077425	0.017637306443	98000
6	4	0.750000000000	0.500000000000	3	0.347414000000	0.313256000000	0.016823782085	0.018179355130	76000
6	5	0.750000000000	0.624000000000	1	0.393240000000	0.286800000000	0.029302987306	0.032669546971	246000
6	5	0.750000000000	0.624000000000	2	0.289552000000	0.380514000000	0.015817505792	0.016813521300	400000
6	5	0.750000000000	0.624000000000	3	0.335298000000	0.332690000000	0.014683282834	0.016708053718	226000
6	6	0.750000000000	0.750000000000	1	0.254352000000	0.420586000000	0.010483224408	0.013251573801	30000
6	6	0.750000000000	0.750000000000	2	0.345314000000	0.326492000000	0.023859897290	0.023399860886	344000
6	6	0.750000000000	0.750000000000	3	0.387288000000	0.291062000000	0.019536702351	0.018487020472	364000
6	7	0.750000000000	0.874000000000	1	0.447808000000	0.222708000000	0.019309894044	0.017992845202	8000
6	7	0.750000000000	0.874000000000	2	0.329508000000	0.336202000000	0.017806600209	0.016814217612	10000
6	7	0.750000000000	0.874000000000	3	0.327020000000	0.350492000000	0.015091831014	0.013015349989	116000
6	8	0.750000000000	1.000000000000	1	0.000000000000	1.000000000000	0.000000000000	0.000000000000	6000
6	8	0.750000000000	1.000000000000	2	0.000000000000	1.000000000000	0.000000000000	0.000000000000	6000
6	8	0.750000000000	1.000000000000	3	0.000000000000	1.000000000000	0.000000000000	0.000000000000	6000
7	0	0.874000000000	0.000000000000	1	0.652194000000	0.000000000000	0.011485394128	0.000000000000	24000
7	0	0.874000000000	0.000000000000	2	0.656554000000	0.000000000000	0.010834318920	0.000000000000	8000
7	0	0.874000000000	0.000000000000	3	0.657012000000	0.000000000000	0.012088754857	0.000000000000	22000
7	1	0.874000000000	0.124000000000	1	0.343388000000	0.336386000000	0.025603456661	0.018561452840	140000
7	1	0.874000000000	0.124000000000	2	0.401642000000	0.264916000000	0.015128010203	0.014387214322	34000
7	1	0.874000000000	0.124000000000	3	0.300506000000	0.367792000000	0.027477973051	0.026951421393	400000
7	2	0.874000000000	0.250000000000	1	0.396290000000	0.267428000000	0.031207271489	0.037950191476	232000
7	2	0.874000000000	0.250000000000	2	0.368034000000	0.304438000000	0.043213681471	0.047921901722	94000
7	2	0.874000000000	0.250000000000	3	0.359316000000	0.312332000000	0.021195598538	0.022761895349	400000
7	3	0.874000000000	0.374000000000	1	0.424056000000	0.244284000000	0.018271363023	0.014439385023	28000
7	3	0.874000000000	0.374000000000	2	0.301042000000	0.368254000000	0.016029697040	0.013357466298	214000
7	3	0.874000000000	0.374000000000	3	0.327958000000	0.345530000000	0.015044087229	0.021212663130	336000
7	4	0.874000000000	0.500000000000	1	0.338122000000	0.333228000000	0.017501983757	0.012922654952	308000
7	4	0.874000000000	0.500000000000	2	0.313728000000	0.360710000000	0.013675124315	0.012388921881	400000
7	4	0.874000000000	0.500000000000	3	0.401812000000	0.255572000000	0.019984494891	0.019997617876	392000
7	5	0.874000000000	0.624000000000	1	0.371092000000	0.294340000000	0.017753949948	0.021321609016	400000
7	5	0.874000000000	0.624000000000	2	0.365330000000	0.303740000000	0.028629473393	0.024223442678	232000
7	5	0.874000000000	0.624000000000	3	0.356726000000	0.316130000000	0.030440689210	0.028399183327	310000
7	6	0.874000000000	0.750000000000	1	0.376660000000	0.295950000000	0.041859056136	0.036532726974	400000
7	6	0.874000000000	0.750000000000	2	0.498540000000	0.162224000000	0.018084342494	0.014115986862	120000
7	6	0.874000000000	0.750000000000	3	0.246716000000	0.417178000000	0.023736275082	0.026155772603	400000
7	7	0.874000000000	0.874000000000	1	0.361266000000	0.317422000000	0.025441550985	0.032598229408	14000
7	7	0.874000000000	0.874000000000	2	0.374328000000	0.293352000000	0.017350315543	0.015514276934	196000
7	7	0.874000000000	0.874000000000	3	0.335252000000	0.335760000000	0.030633754633	0.032219442771	400000
7	8	0.874000000000	1.000000000000	1	0.000000000000	1.000000000000	0.000000000000	0.000000000000	6000
7	8	0.874000000000	1.000000000000	2	0.000000000000	1.000000000000	0.000000000000	0.000000000000	6000
7	8	0.874000000000	1.000000000000	3	0.000000000000	1.000000000000	0.000000000000	0.000000000000	6000
8	0	1.000000000000	0.000000000000	1	1.000000000000	0.000000000000	0.000000000000	0.000000000000	4000
8	0	1.000000000000	0.000000000000	2	1.000000000000	0.000000000000	0.000000000000	0.000000000000	4000
8	0	1.000000000000	0.000000000000	3	1.000000000000	0.000000000000	0.000000000000	0.000000000000	4000
8	1	1.000000000000	0.124000000000	1	1.000000000000	0.000000000000	0.000000000000	0.000000000000	6000
8	1	1.000000000000	0.124000000000	2	1.000000000000	0.000000000000	0.000000000000	0.000000000000	6000
8	1	1.000000000000	0.124000000000	3	1.000000000000	0.000000000000	0.000000000000	0.000000000000	6000
8	2	1.000000000000	0.250000000000	1	1.000000000000	0.000000000000	0.000000000000	0.000000000000	6000
8	2	1.000000000000	0.250000000000	2	1.000000000000	0.000000000000	0.000000000000	0.000000000000	6000
8	2	1.000000000000	0.250000000000	3	1.000000000000	0.000000000000	0.000000000000	0.000000000000	6000
8	3	1.000000000000	0.374000000000	1	1.000000000000	0.000000000000	0.000000000000	0.000000000000	6000
8	3	1.000000000000	0.374000000000	2	1.000000000000	0.000000000000	0.000000000000	0.000000000000	6000
8	3	1.000000000000	0.374000000000	3	1.000000000000	0.000000000000	0.000000000000	0.000000000000	6000
8	4	1.000000000000	0.500000000000	1	1.000000000000	0.000000000000	0.000000000000	0.000000000000	6000
8	4	1.000000000000	0.500000000000	2	1.000000000000	0.000000000000	0.000000000000	0.000000000000	6000
8	4	1.000000000000	0.500000000000	3	1.000000000000	0.000000000000	0.000000000000	0.000000000000	6000
8	5	1.000000000000	0.624000000000	1	1.000000000000	0.000000000000	0.000000000000	0.000000000000	6000
8	5	1.000000000000	0.624000000000	2	1.000000000000	0.000000000000	0.000000000000	0.000000000000	6000
8	5	1.000000000000	0.624000000000	3	1.000000000000	0.000000000000	0.000000000000	0.000000000000	6000
8	6	1.000000000000	0.750000000000	1	1.000000000000	0.000000000000	0.000000000000	0.000000000000	6000
8	6	1.000000000000	0.750000000000	2	1.000000000000	0.000000000000	0.000000000000	0.000000000000	6000
8	6	1.000000000000	0.750000000000	3	1.000000000000	0.000000000000	0.000000000000	0.000000000000	6000
8	7	1.000000000000	0.874000000000	1	1.000000000000	0.000000000000	0.000000000000	0.000000000000	6000
8	7	1.000000000000	0.874000000000	2	1.000000000000	0.000000000000	0.000000000000	0.000000000000	6000
8	7	1.000000000000	0.874000000000	3	1.000000000000	0.000000000000	0.000000000000	0.000000000000	6000
8	8	1.000000000000	1.000000000000	1	1.000000000000	1.000000000000	0.000000000000	0.000000000000	4000
8	8	1.000000000000	1.000000000000	2	1.000000000000	1.000000000000	0.000000000000	0.000000000000	4000
8	8	1.000000000000	1.000000000000	3	1.000000000000	1.000000000000	0.000000000000	0.000000000000	4000
