# scan initial plane
# b 1.15
# r 0
# e -0.4
# p12 0.21
# ndiv 8
# n_reps 3
# A:(0,1),	A':(0,0.560),	B:(1,0),	B'=(0.560,0),	C:(1,1),	D:(0,0),	E:(0.316,0.316) 
# columns: ix iy x1_0 x2_0 rep x1_inf x2_inf sigma_1 sigma_2 t_relax
0	0	0.000000000000	0.000000000000	1	0.000000000000	0.000000000000	0.000000000000	0.000000000000	4000
0	0	0.000000000000	0.000000000000	2	0.000000000000	0.000000000000	0.000000000000	0.000000000000	4000
0	0	0.000000000000	0.000000000000	3	0.000000000000	0.000000000000	0.000000000000	0.000000000000	4000
0	1	0.000000000000	0.124000000000	1	0.000000000000	0.657308000000	0.000000000000	0.012017385471	32000
0	1	0.000000000000	0.124000000000	2	0.000000000000	0.643598000000	0.000000000000	0.013184241359	16000
0	1	0.000000000000	0.124000000000	3	0.000000000000	0.657458000000	0.000000000000	0.008943277823	34000
0	2	0.000000000000	0.250000000000	1	0.000000000000	0.651536000000	0.000000000000	0.012763212903	40000
0	2	0.000000000000	0.250000000000	2	0.000000000000	0.642680000000	0.000000000000	0.012846424819	28000
0	2	0.000000000000	0.250000000000	3	0.000000000000	0.648908000000	0.000000000000	0.009907254397	32000
0	3	0.000000000000	0.374000000000	1	0.000000000000	0.645246000000	0.000000000000	0.009560695105	26000
0	3	0.000000000000	0.374000000000	2	0.000000000000	0.649020000000	0.000000000000	0.011542479319	6000
0	3	0.000000000000	0.374000000000	3	0.000000000000	0.644438000000	0.000000000000	0.008444848813	22000
0	4	0.000000000000	0.500000000000	1	0.000000000000	0.664560000000	0.000000000000	0.011171893806	14000
0	4	0.000000000000	0.500000000000	2	0.000000000000	0.643644000000	0.000000000000	0.012095766680	14000
0	4	0.000000000000	0.500000000000	3	0.000000000000	0.659510000000	0.000000000000	0.012465925529	68000
0	5	0.000000000000	0.624000000000	1	0.000000000000	0.653180000000	0.000000000000	0.010558365360	42000
0	5	0.000000000000	0.624000000000	2	0.000000000000	0.648888000000	0.000000000000	0.010761378316	4000
0	5	0.000000000000	0.624000000000	3	0.000000000000	0.638520000000	0.000000000000	0.014324482217	6000
0	6	0.000000000000	0.750000000000	1	0.000000000000	0.650984000000	0.000000000000	0.012700277203	22000
0	6	0.000000000000	0.750000000000	2	0.000000000000	0.661836000000	0.000000000000	0.012497731686	4000
0	6	0.000000000000	0.750000000000	3	0.000000000000	0.658836000000	0.000000000000	0.012631256970	24000
0	7	0.000000000000	0.874000000000	1	0.000000000000	0.648790000000	0.000000000000	0.009501061529	52000
0	7	0.000000000000	0.874000000000	2	0.000000000000	0.653866000000	0.000000000000	0.011731482075	40000
0	7	0.000000000000	0.874000000000	3	0.000000000000	0.649380000000	0.000000000000	0.011306610431	8000
0	8	0.000000000000	1.000000000000	1	0.000000000000	1.000000000000	0.000000000000	0.000000000000	4000
0	8	0.000000000000	1.000000000000	2	0.000000000000	1.000000000000	0.000000000000	0.000000000000	4000
0	8	0.000000000000	1.000000000000	3	0.000000000000	1.000000000000	0.000000000000	0.000000000000	4000
1	0	0.124000000000	0.000000000000	1	0.659450000000	0.000000000000	0.008969166402	0.000000000000	46000
1	0	0.124000000000	0.000000000000	2	0.649566000000	0.000000000000	0.010397872848	0.000000000000	20000
1	0	0.124000000000	0.000000000000	3	0.659376000000	0.000000000000	0.010613730507	0.000000000000	10000
1	1	0.124000000000	0.124000000000	1	0.374956000000	0.303724000000	0.023762885741	0.022392526638	246000
1	1	0.124000000000	0.124000000000	2	0.366492000000	0.304784000000	0.021146657351	0.025247550035	184000
1	1	0.124000000000	0.124000000000	3	0.380822000000	0.299872000000	0.015722834462	0.019750181915	266000
1	2	0.124000000000	0.250000000000	1	0.353554000000	0.312552000000	0.025538545403	0.019610197752	48000
1	2	0.124000000000	0.250000000000	2	0.388708000000	0.284448000000	0.030529834700	0.039146235116	130000
1	2	0.124000000000	0.250000000000	3	0.437466000000	0.238562000000	0.017115483744	0.013525349943	18000
1	3	0.124000000000	0.374000000000	1	0.372726000000	0.301912000000	0.018475342007	0.018790458678	400000
1	3	0.124000000000	0.374000000000	2	0.407996000000	0.265786000000	0.033905716061	0.032423965173	110000
1	3	0.124000000000	0.374000000000	3	0.281176000000	0.387062000000	0.011794750533	0.014326807509	30000
1	4	0.124000000000	0.500000000000	1	0.326254000000	0.348026000000	0.021959000016	0.019141204500	338000
1	4	0.124000000000	0.500000000000	2	0.335440000000	0.336624000000	0.013543331268	0.014395341255	280000
1	4	0.124000000000	0.500000000000	3	0.454750000000	0.213588000000	0.014016774592	0.012417425194	104000
1	5	0.124000000000	0.624000000000	1	0.336246000000	0.325728000000	0.017906650500	0.020829783866	80000
1	5	0.124000000000	0.624000000000	2	0.345660000000	0.320094000000	0.026211666323	0.026507844685	20000
1	5	0.124000000000	0.624000000000	3	0.482962000000	0.179774000000	0.025679602762	0.019793349911	48000
1	6	0.124000000000	0.750000000000	1	0.343744000000	0.332812000000	0.022318256396	0.023937118491	400000
1	6	0.124000000000	0.750000000000	2	0.254708000000	0.423490000000	0.020156215146	0.019963728370	400000
1	6	0.124000000000	0.750000000000	3	0.383618000000	0.301314000000	0.015418683855	0.016904767824	50000
1	7	0.124000000000	0.874000000000	1	0.337724000000	0.337428000000	0.024826521709	0.023857955026	334000
1	7	0.124000000000	0.874000000000	2	0.376490000000	0.296762000000	0.021595144136	0.017098178374	400000
1	7	0.124000000000	0.874000000000	3	0.447402000000	0.236934000000	0.019524846110	0.014809962153	120000
1	8	0.124000000000	1.000000000000	1	0.000000000000	1.000000000000	0.000000000000	0.000000000000	6000
1	8	0.124000000000	1.000000000000	2	0.000000000000	1.000000000000	0.000000000000	0.000000000000	6000
1	8	0.124000000000	1.000000000000	3	0.000000000000	1.000000000000	0.000000000000	0.000000000000	6000
2	0	0.250000000000	0.000000000000	1	0.631426000000	0.000000000000	0.011000888307	0.000000000000	6000
2	0	0.250000000000	0.000000000000	2	0.649710000000	0.000000000000	0.012722333031	0.000000000000	20000
2	0	0.250000000000	0.000000000000	3	0.646124000000	0.000000000000	0.013021297100	0.000000000000	18000
2	1	0.250000000000	0.124000000000	1	0.372478000000	0.309494000000	0.021551240613	0.023624946605	14000
2	1	0.250000000000	0.124000000000	2	0.370912000000	0.308910000000	0.019155761514	0.021526525295	288000
2	1	0.250000000000	0.124000000000	3	0.329596000000	0.342554000000	0.027536503828	0.019928226670	286000
2	2	0.250000000000	0.250000000000	1	0.393974000000	0.272020000000	0.036868341414	0.035192699898	400000
2	2	0.250000000000	0.250000000000	2	0.347360000000	0.326036000000	0.017718700640	0.019140037749	176000
2	2	0.250000000000	0.250000000000	3	0.321790000000	0.351420000000	0.017256235907	0.015614718038	400000
2	3	0.250000000000	0.374000000000	1	0.321752000000	0.359534000000	0.015546195039	0.017237516526	10000
2	3	0.250000000000	0.374000000000	2	0.354224000000	0.319784000000	0.022128703159	0.018982773498	80000
2	3	0.250000000000	0.374000000000	3	0.408916000000	0.264460000000	0.015666984343	0.013624023415	64000
2	4	0.250000000000	0.500000000000	1	0.359674000000	0.317412000000	0.024149387506	0.018960109223	400000
2	4	0.250000000000	0.500000000000	2	0.320812000000	0.352316000000	0.016930543385	0.017616881066	22000
2	4	0.250000000000	0.500000000000	3	0.383080000000	0.298194000000	0.020021049984	0.021886191294	130000
2	5	0.250000000000	0.624000000000	1	0.395838000000	0.284520000000	0.023739362108	0.024084136805	400000
2	5	0.250000000000	0.624000000000	2	0.367154000000	0.309588000000	0.024992817467	0.030844085553	394000
2	5	0.250000000000	0.624000000000	3	0.353748000000	0.318404000000	0.015810960834	0.015064120011	246000
2	6	0.250000000000	0.750000000000	1	0.360414000000	0.317766000000	0.019859380630	0.022279084398	400000
2	6	0.250000000000	0.750000000000	2	0.327874000000	0.342100000000	0.019704425604	0.019830664519	212000
2	6	0.250000000000	0.750000000000	3	0.366684000000	0.303736000000	0.021375618378	0.021559664263	296000
2	7	0.250000000000	0.874000000000	1	0.305240000000	0.369712000000	0.021361430446	0.022794662811	90000
2	7	0.250000000000	0.874000000000	2	0.446570000000	0.237290000000	0.016007227472	0.015238507542	48000
2	7	0.250000000000	0.874000000000	3	0.310728000000	0.367634000000	0.012989485854	0.013072755675	242000
2	8	0.250000000000	1.000000000000	1	0.000000000000	1.000000000000	0.000000000000	0.000000000000	6000
2	8	0.250000000000	1.000000000000	2	0.000000000000	1.000000000000	0.000000000000	0.000000000000	6000
2	8	0.250000000000	1.000000000000	3	0.000000000000	1.000000000000	0.000000000000	0.000000000000	6000
3	0	0.374000000000	0.000000000000	1	0.650086000000	0.000000000000	0.009080035851	0.000000000000	52000
3	0	0.374000000000	0.000000000000	2	0.664980000000	0.000000000000	0.016505272613	0.000000000000	30000
3	0	0.374000000000	0.000000000000	3	0.651998000000	0.000000000000	0.010459512293	0.000000000000	40000
3	1	0.374000000000	0.124000000000	1	0.348834000000	0.323686000000	0.033651640032	0.028587035919	20000
3	1	0.374000000000	0.124000000000	2	0.326848000000	0.348566000000	0.018912603802	0.017338288850	200000
3	1	0.374000000000	0.124000000000	3	0.335994000000	0.336706000000	0.012290932879	0.013258104742	314000
3	2	0.374000000000	0.250000000000	1	0.332906000000	0.335400000000	0.014514607740	0.014529525357	8000
3	2	0.374000000000	0.250000000000	2	0.303104000000	0.377450000000	0.023264617479	0.019562724764	68000
3	2	0.374000000000	0.250000000000	3	0.359440000000	0.312014000000	0.025860300755	0.025176132381	92000
3	3	0.374000000000	0.374000000000	1	0.328278000000	0.351624000000	0.026539462298	0.027172135524	400000
3	3	0.374000000000	0.374000000000	2	0.358044000000	0.317144000000	0.012518897187	0.010160831979	166000
3	3	0.374000000000	0.374000000000	3	0.440698000000	0.228236000000	0.014170024191	0.011921679011	152000
3	4	0.374000000000	0.500000000000	1	0.319038000000	0.356438000000	0.012536176120	0.013104193065	240000
3	4	0.374000000000	0.500000000000	2	0.400740000000	0.268188000000	0.048912379014	0.047338669242	400000
3	4	0.374000000000	0.500000000000	3	0.274430000000	0.397248000000	0.013513019711	0.017777022206	400000
3	5	0.374000000000	0.624000000000	1	0.386496000000	0.286010000000	0.015285929597	0.017202902076	238000
3	5	0.374000000000	0.624000000000	2	0.342466000000	0.337208000000	0.025485767957	0.030646499701	400000
3	5	0.374000000000	0.624000000000	3	0.349978000000	0.323744000000	0.018834390095	0.026059269935	14000
3	6	0.374000000000	0.750000000000	1	0.348560000000	0.328396000000	0.021432539601	0.016111820964	400000
3	6	0.374000000000	0.750000000000	2	0.306632000000	0.367154000000	0.016484669251	0.018963330190	400000
3	6	0.374000000000	0.750000000000	3	0.339950000000	0.334040000000	0.012929372323	0.013951094331	158000
3	7	0.374000000000	0.874000000000	1	0.448090000000	0.228724000000	0.017141345505	0.010915813253	76000
3	7	0.374000000000	0.874000000000	2	0.315200000000	0.364670000000	0.015690449012	0.016046825250	400000
3	7	0.374000000000	0.874000000000	3	0.345822000000	0.335884000000	0.014288473553	0.014590388049	400000
3	8	0.374000000000	1.000000000000	1	0.000000000000	1.000000000000	0.000000000000	0.000000000000	6000
3	8	0.374000000000	1.000000000000	2	0.000000000000	1.000000000000	0.000000000000	0.000000000000	6000
3	8	0.374000000000	1.000000000000	3	0.000000000000	1.000000000000	0.000000000000	0.000000000000	6000
4	0	0.500000000000	0.000000000000	1	0.654744000000	0.000000000000	0.013617338062	0.000000000000	4000
4	0	0.500000000000	0.000000000000	2	0.668958000000	0.000000000000	0.009934229961	0.000000000000	6000
4	0	0.500000000000	0.000000000000	3	0.642112000000	0.000000000000	0.008366687365	0.000000000000	18000
4	1	0.500000000000	0.124000000000	1	0.296676000000	0.379728000000	0.019189561310	0.015560210029	262000
4	1	0.500000000000	0.124000000000	2	0.458772000000	0.213128000000	0.017498749162	0.013988684688	332000
4	1	0.500000000000	0.124000000000	3	0.432592000000	0.242132000000	0.017355770186	0.017575991906	62000
4	2	0.500000000000	0.250000000000	1	0.336824000000	0.336542000000	0.023022316370	0.030518873466	394000
4	2	0.500000000000	0.250000000000	2	0.356158000000	0.312514000000	0.022946406550	0.025111479255	102000
4	2	0.500000000000	0.250000000000	3	0.253074000000	0.407004000000	0.012979483464	0.008450763244	36000
4	3	0.500000000000	0.374000000000	1	0.382148000000	0.296298000000	0.013341217489	0.017781320856	400000
4	3	0.500000000000	0.374000000000	2	0.365676000000	0.302808000000	0.011877208935	0.013856230769	88000
4	3	0.500000000000	0.374000000000	3	0.375756000000	0.298932000000	0.014332127332	0.012993390789	400000
4	4	0.500000000000	0.500000000000	1	0.459924000000	0.224758000000	0.014238432391	0.013132627380	302000
4	4	0.500000000000	0.500000000000	2	0.463002000000	0.221952000000	0.022573558903	0.020041740627	400000
4	4	0.500000000000	0.500000000000	3	0.386964000000	0.284090000000	0.023352259677	0.015926630452	32000
4	5	0.500000000000	0.624000000000	1	0.362278000000	0.312388000000	0.027553255668	0.025807508277	176000
4	5	0.500000000000	0.624000000000	2	0.363136000000	0.309132000000	0.017174296506	0.016948091745	62000
4	5	0.500000000000	0.624000000000	3	0.370552000000	0.306330000000	0.017327537030	0.017230670213	142000
4	6	0.500000000000	0.750000000000	1	0.316228000000	0.359306000000	0.012928540643	0.016935204905	400000
4	6	0.500000000000	0.750000000000	2	0.382192000000	0.293972000000	0.021550395717	0.020871291930	400000
4	6	0.500000000000	0.750000000000	3	0.487954000000	0.190772000000	0.030663563689	0.034470860974	400000
4	7	0.500000000000	0.874000000000	1	0.226746000000	0.443190000000	0.018942394207	0.017879921465	146000
4	7	0.500000000000	0.874000000000	2	0.444120000000	0.220504000000	0.019814798163	0.018539517192	332000
4	7	0.500000000000	0.874000000000	3	0.449284000000	0.223314000000	0.012521187009	0.012607154490	58000
4	8	0.500000000000	1.000000000000	1	0.000000000000	1.000000000000	0.000000000000	0.000000000000	6000
4	8	0.500000000000	1.000000000000	2	0.000000000000	1.000000000000	0.000000000000	0.000000000000	6000
4	8	0.500000000000	1.000000000000	3	0.000000000000	1.000000000000	0.000000000000	0.000000000000	6000
5	0	0.624000000000	0.000000000000	1	0.649668000000	0.000000000000	0.012059652201	0.000000000000	20000
5	0	0.624000000000	0.000000000000	2	0.662652000000	0.000000000000	0.009353843616	0.000000000000	6000
5	0	0.624000000000	0.000000000000	3	0.656364000000	0.000000000000	0.009587879402	0.000000000000	12000
5	1	0.624000000000	0.124000000000	1	0.381984000000	0.289648000000	0.024289374585	0.019387107983	202000
5	1	0.624000000000	0.124000000000	2	0.375342000000	0.292130000000	0.037587868839	0.035102183169	114000
5	1	0.624000000000	0.124000000000	3	0.330328000000	0.346686000000	0.018272884674	0.018791448122	400000
5	2	0.624000000000	0.250000000000	1	0.344494000000	0.328662000000	0.013938229380	0.015449415537	122000
5	2	0.624000000000	0.250000000000	2	0.420326000000	0.245496000000	0.019248174361	0.021600661392	18000
5	2	0.624000000000	0.250000000000	3	0.366134000000	0.305980000000	0.022294463149	0.019635507459	202000
5	3	0.624000000000	0.374000000000	1	0.423892000000	0.257572000000	0.017424004475	0.021678532579	400000
5	3	0.624000000000	0.374000000000	2	0.438238000000	0.238766000000	0.013865771367	0.014851997368	300000
5	3	0.624000000000	0.374000000000	3	0.378634000000	0.301226000000	0.017903144041	0.014455375536	152000
5	4	0.624000000000	0.500000000000	1	0.365922000000	0.309412000000	0.037761671836	0.034272625649	400000
5	4	0.624000000000	0.500000000000	2	0.422498000000	0.261564000000	0.023199098995	0.024811479470	12000
5	4	0.624000000000	0.500000000000	3	0.373628000000	0.299926000000	0.017585530042	0.019496118142	190000
5	5	0.624000000000	0.624000000000	1	0.394038000000	0.278944000000	0.018376186771	0.017647557913	140000
5	5	0.624000000000	0.624000000000	2	0.325348000000	0.352378000000	0.044183515920	0.040445431744	154000
5	5	0.624000000000	0.624000000000	3	0.393528000000	0.279682000000	0.012418834222	0.014598492799	400000
5	6	0.624000000000	0.750000000000	1	0.466440000000	0.206996000000	0.012469879626	0.013141563251	92000
5	6	0.624000000000	0.750000000000	2	0.451962000000	0.216752000000	0.017159516456	0.015853259028	400000
5	6	0.624000000000	0.750000000000	3	0.419008000000	0.255476000000	0.017101239382	0.014597620166	102000
5	7	0.624000000000	0.874000000000	1	0.319476000000	0.352472000000	0.009864214451	0.010826191501	400000
5	7	0.624000000000	0.874000000000	2	0.370874000000	0.306774000000	0.034888068180	0.031531812177	174000
5	7	0.624000000000	0.874000000000	3	0.401620000000	0.271662000000	0.012887734234	0.011319447243	400000
5	8	0.624000000000	1.000000000000	1	0.000000000000	1.000000000000	0.000000000000	0.000000000000	6000
5	8	0.624000000000	1.000000000000	2	0.000000000000	1.000000000000	0.000000000000	0.000000000000	6000
5	8	0.624000000000	1.000000000000	3	0.000000000000	1.000000000000	0.000000000000	0.000000000000	6000
6	0	0.750000000000	0.000000000000	1	0.666242000000	0.000000000000	0.014411423425	0.000000000000	24000
6	0	0.750000000000	0.000000000000	2	0.646402000000	0.000000000000	0.009271480807	0.000000000000	12000
6	0	0.750000000000	0.000000000000	3	0.633676000000	0.000000000000	0.012284540445	0.000000000000	64000
6	1	0.750000000000	0.124000000000	1	0.279806000000	0.396780000000	0.020082272323	0.016784078923	242000
6	1	0.750000000000	0.124000000000	2	0.406784000000	0.253984000000	0.013502579889	0.016110968540	400000
6	1	0.750000000000	0.124000000000	3	0.421556000000	0.252910000000	0.022615621378	0.012542935272	400000
6	2	0.750000000000	0.250000000000	1	0.445804000000	0.218710000000	0.012275188971	0.008420617959	400000
6	2	0.750000000000	0.250000000000	2	0.349152000000	0.324626000000	0.013822588758	0.013529936555	388000
6	2	0.750000000000	0.250000000000	3	0.410112000000	0.263452000000	0.019451216050	0.015261343473	316000
6	3	0.750000000000	0.374000000000	1	0.373078000000	0.301468000000	0.019145978285	0.022035665330	152000
6	3	0.750000000000	0.374000000000	2	0.356706000000	0.308702000000	0.012346092094	0.013874858836	134000
6	3	0.750000000000	0.374000000000	3	0.467136000000	0.204690000000	0.016729057516	0.012648157015	260000
6	4	0.750000000000	0.500000000000	1	0.422252000000	0.243130000000	0.017423894171	0.015673313394	30000
6	4	0.750000000000	0.500000000000	2	0.386442000000	0.295260000000	0.022262620247	0.020507192517	400000
6	4	0.750000000000	0.500000000000	3	0.454498000000	0.217952000000	0.010870978529	0.012645220346	158000
6	5	0.750000000000	0.624000000000	1	0.353088000000	0.322000000000	0.018308453115	0.015939324392	300000
6	5	0.750000000000	0.624000000000	2	0.343310000000	0.322706000000	0.013205691587	0.014690179215	18000
6	5	0.750000000000	0.624000000000	3	0.358450000000	0.312624000000	0.017654948235	0.016151764718	16000
6	6	0.750000000000	0.750000000000	1	0.302004000000	0.380280000000	0.017418363396	0.017776771743	28000
6	6	0.750000000000	0.750000000000	2	0.418662000000	0.262562000000	0.011103199405	0.014752687816	82000
6	6	0.750000000000	0.750000000000	3	0.336518000000	0.344042000000	0.024872038402	0.024088139706	400000
6	7	0.750000000000	0.874000000000	1	0.485964000000	0.188566000000	0.032196946243	0.028666800125	400000
6	7	0.750000000000	0.874000000000	2	0.218870000000	0.454154000000	0.014528667598	0.017320285110	400000
6	7	0.750000000000	0.874000000000	3	0.333618000000	0.345262000000	0.026296265316	0.022222538046	400000
6	8	0.750000000000	1.000000000000	1	0.000000000000	1.000000000000	0.000000000000	0.000000000000	6000
6	8	0.750000000000	1.000000000000	2	0.000000000000	1.000000000000	0.000000000000	0.000000000000	6000
6	8	0.750000000000	1.000000000000	3	0.000000000000	1.000000000000	0.000000000000	0.000000000000	6000
7	0	0.874000000000	0.000000000000	1	0.656980000000	0.000000000000	0.011107969526	0.000000000000	22000
7	0	0.874000000000	0.000000000000	2	0.657288000000	0.000000000000	0.015983633271	0.000000000000	66000
7	0	0.874000000000	0.000000000000	3	0.643028000000	0.000000000000	0.014459609134	0.000000000000	30000
7	1	0.874000000000	0.124000000000	1	0.368648000000	0.308096000000	0.017298767105	0.016927531578	400000
7	1	0.874000000000	0.124000000000	2	0.376590000000	0.300740000000	0.020252655877	0.019661306339	400000
7	1	0.874000000000	0.124000000000	3	0.362796000000	0.309244000000	0.019296910498	0.012087951960	62000
7	2	0.874000000000	0.250000000000	1	0.331628000000	0.344426000000	0.012452175419	0.018078422314	336000
7	2	0.874000000000	0.250000000000	2	0.646408000000	0.000000000000	0.011209245433	0.000000000000	24000
7	2	0.874000000000	0.250000000000	3	0.389206000000	0.283308000000	0.018909127931	0.017723522767	400000
7	3	0.874000000000	0.374000000000	1	0.340792000000	0.327874000000	0.015892177236	0.012977694115	400000
7	3	0.874000000000	0.374000000000	2	0.342394000000	0.338880000000	0.012457767054	0.013295501885	114000
7	3	0.874000000000	0.374000000000	3	0.428396000000	0.256234000000	0.033288305684	0.035551612638	44000
7	4	0.874000000000	0.500000000000	1	0.354256000000	0.315260000000	0.012551813097	0.012886056435	52000
7	4	0.874000000000	0.500000000000	2	0.302970000000	0.360962000000	0.022717640529	0.022632869964	400000
7	4	0.874000000000	0.500000000000	3	0.463730000000	0.215016000000	0.017794598836	0.018156690486	56000
7	5	0.874000000000	0.624000000000	1	0.406886000000	0.280524000000	0.043844878576	0.039614627888	400000
7	5	0.874000000000	0.624000000000	2	0.294270000000	0.368458000000	0.011300743640	0.015641959817	30000
7	5	0.874000000000	0.624000000000	3	0.366718000000	0.307252000000	0.026824168431	0.035470927288	250000
7	6	0.874000000000	0.750000000000	1	0.333398000000	0.342796000000	0.015937615995	0.017045378521	150000
7	6	0.874000000000	0.750000000000	2	0.420888000000	0.244780000000	0.013347269594	0.015489335671	72000
7	6	0.874000000000	0.750000000000	3	0.315120000000	0.356854000000	0.021401767115	0.019768092004	324000
7	7	0.874000000000	0.874000000000	1	0.338376000000	0.334408000000	0.020660238853	0.020981939324	364000
7	7	0.874000000000	0.874000000000	2	0.454012000000	0.216808000000	0.028059850520	0.029103713890	200000
7	7	0.874000000000	0.874000000000	3	0.389770000000	0.283862000000	0.014110357976	0.014709225585	152000
7	8	0.874000000000	1.000000000000	1	0.000000000000	1.000000000000	0.000000000000	0.000000000000	6000
7	8	0.874000000000	1.000000000000	2	0.000000000000	1.000000000000	0.000000000000	0.000000000000	6000
7	8	0.874000000000	1.000000000000	3	0.000000000000	1.000000000000	0.000000000000	0.000000000000	6000
8	0	1.000000000000	0.000000000000	1	1.000000000000	0.000000000000	0.000000000000	0.000000000000	4000
8	0	1.000000000000	0.000000000000	2	1.000000000000	0.000000000000	0.000000000000	0.000000000000	4000
8	0	1.000000000000	0.000000000000	3	1.000000000000	0.000000000000	0.000000000000	0.000000000000	4000
8	1	1.000000000000	0.124000000000	1	1.000000000000	0.000000000000	0.000000000000	0.000000000000	6000
8	1	1.000000000000	0.124000000000	2	1.000000000000	0.000000000000	0.000000000000	0.000000000000	6000
8	1	1.000000000000	0.124000000000	3	1.000000000000	0.000000000000	0.000000000000	0.000000000000	6000
8	2	1.000000000000	0.250000000000	1	1.000000000000	0.000000000000	0.000000000000	0.000000000000	6000
8	2	1.000000000000	0.250000000000	2	1.000000000000	0.000000000000	0.000000000000	0.000000000000	6000
8	2	1.000000000000	0.250000000000	3	1.000000000000	0.000000000000	0.000000000000	0.000000000000	6000
8	3	1.000000000000	0.374000000000	1	1.000000000000	0.000000000000	0.000000000000	0.000000000000	6000
8	3	1.000000000000	0.374000000000	2	1.000000000000	0.000000000000	0.000000000000	0.000000000000	6000
8	3	1.000000000000	0.374000000000	3	1.000000000000	0.000000000000	0.000000000000	0.000000000000	6000
8	4	1.000000000000	0.500000000000	1	1.000000000000	0.000000000000	0.000000000000	0.000000000000	6000
8	4	1.000000000000	0.500000000000	2	1.000000000000	0.000000000000	0.000000000000	0.000000000000	6000
8	4	1.000000000000	0.500000000000	3	1.000000000000	0.000000000000	0.000000000000	0.000000000000	6000
8	5	1.000000000000	0.624000000000	1	1.000000000000	0.000000000000	0.000000000000	0.000000000000	6000
8	5	1.000000000000	0.624000000000	2	1.000000000000	0.000000000000	0.000000000000	0.000000000000	6000
8	5	1.000000000000	0.624000000000	3	1.000000000000	0.000000000000	0.000000000000	0.000000000000	10000
8	6	1.000000000000	0.750000000000	1	1.000000000000	0.000000000000	0.000000000000	0.000000000000	6000
8	6	1.000000000000	0.750000000000	2	1.000000000000	0.000000000000	0.000000000000	0.000000000000	6000
8	6	1.000000000000	0.750000000000	3	1.000000000000	0.000000000000	0.000000000000	0.000000000000	6000
8	7	1.000000000000	0.874000000000	1	1.000000000000	0.000000000000	0.000000000000	0.000000000000	6000
8	7	1.000000000000	0.874000000000	2	1.000000000000	0.000000000000	0.000000000000	0.000000000000	6000
8	7	1.000000000000	0.874000000000	3	1.000000000000	0.000000000000	0.000000000000	0.000000000000	6000
8	8	1.000000000000	1.000000000000	1	1.000000000000	1.000000000000	0.000000000000	0.000000000000	4000
8	8	1.000000000000	1.000000000000	2	1.000000000000	1.000000000000	0.000000000000	0.000000000000	4000
8	8	1.000000000000	1.000000000000	3	1.000000000000	1.000000000000	0.000000000000	0.000000000000	4000
