# scan initial plane
# b 1.174
# r 0
# e -0.4
# N1 50
# N2 50
# P11 0.9
# p12 0.1
# P22 0.9
# T_MCS 1000
# T_MAX 30000
# W 2000
# UPDATE_RULE 0
# FERMI_BETA 1
# DEGREE_ALPHA 0.5
# DEGREE_FACTOR_MIN 0.5
# DEGREE_FACTOR_MAX 2
# ndiv 10
# n_reps 5
# A:(0,1),	A':(0,0.230),	B:(1,0),	B'=(0.230,0),	C:(1,1),	D:(0,0),	E:(0.173,0.173) 
# columns: ix iy x1_0 x2_0 rep x1_inf x2_inf sigma_1 sigma_2 t_relax
0	0	0.000000000000	0.000000000000	1	0.000000000000	0.000000000000	0.000000000000	0.000000000000	4000
0	0	0.000000000000	0.000000000000	2	0.000000000000	0.000000000000	0.000000000000	0.000000000000	4000
0	0	0.000000000000	0.000000000000	3	0.000000000000	0.000000000000	0.000000000000	0.000000000000	4000
0	0	0.000000000000	0.000000000000	4	0.000000000000	0.000000000000	0.000000000000	0.000000000000	4000
0	0	0.000000000000	0.000000000000	5	0.000000000000	0.000000000000	0.000000000000	0.000000000000	4000
0	1	0.000000000000	0.100000000000	1	0.000000000000	0.121040000000	0.000000000000	0.025368523054	6000
0	1	0.000000000000	0.100000000000	2	0.000000000000	0.131120000000	0.000000000000	0.026522613918	8000
0	1	0.000000000000	0.100000000000	3	0.000000000000	0.135920000000	0.000000000000	0.021758378318	10000
0	1	0.000000000000	0.100000000000	4	0.000000000000	0.151300000000	0.000000000000	0.024060109910	6000
0	1	0.000000000000	0.100000000000	5	0.000000000000	0.127780000000	0.000000000000	0.027521428543	20000
0	2	0.000000000000	0.200000000000	1	0.000000000000	0.121360000000	0.000000000000	0.028123679371	30000
0	2	0.000000000000	0.200000000000	2	0.000000000000	0.000000000000	0.000000000000	0.000000000000	24000
0	2	0.000000000000	0.200000000000	3	0.000000000000	0.000000000000	0.000000000000	0.000000000000	16000
0	2	0.000000000000	0.200000000000	4	0.000000000000	0.123580000000	0.000000000000	0.024807236827	8000
0	2	0.000000000000	0.200000000000	5	0.000000000000	0.118480000000	0.000000000000	0.028651535919	6000
0	3	0.000000000000	0.300000000000	1	0.000000000000	0.089700000000	0.000000000000	0.026103474700	8000
0	3	0.000000000000	0.300000000000	2	0.000000000000	0.137300000000	0.000000000000	0.035087620910	18000
0	3	0.000000000000	0.300000000000	3	0.000000000000	0.099160000000	0.000000000000	0.026320850807	12000
0	3	0.000000000000	0.300000000000	4	0.000000000000	0.103360000000	0.000000000000	0.030621039304	4000
0	3	0.000000000000	0.300000000000	5	0.000000000000	0.137240000000	0.000000000000	0.033152397824	8000
0	4	0.000000000000	0.400000000000	1	0.000000000000	0.133580000000	0.000000000000	0.038738666527	30000
0	4	0.000000000000	0.400000000000	2	0.000000000000	0.104660000000	0.000000000000	0.035608318584	4000
0	4	0.000000000000	0.400000000000	3	0.000000000000	0.097220000000	0.000000000000	0.045187537148	10000
0	4	0.000000000000	0.400000000000	4	0.000000000000	0.114720000000	0.000000000000	0.033520818087	14000
0	4	0.000000000000	0.400000000000	5	0.000000000000	0.000000000000	0.000000000000	0.000000000000	20000
0	5	0.000000000000	0.500000000000	1	0.000000000000	0.152920000000	0.000000000000	0.029454051354	18000
0	5	0.000000000000	0.500000000000	2	0.000000000000	0.107000000000	0.000000000000	0.027139206631	30000
0	5	0.000000000000	0.500000000000	3	0.000000000000	0.125540000000	0.000000000000	0.029963414462	10000
0	5	0.000000000000	0.500000000000	4	0.000000000000	0.117700000000	0.000000000000	0.036830238480	4000
0	5	0.000000000000	0.500000000000	5	0.000000000000	0.144220000000	0.000000000000	0.024412857014	28000
0	6	0.000000000000	0.600000000000	1	0.000000000000	0.102360000000	0.000000000000	0.045875210462	18000
0	6	0.000000000000	0.600000000000	2	0.000000000000	0.000000000000	0.000000000000	0.000000000000	12000
0	6	0.000000000000	0.600000000000	3	0.000000000000	0.124920000000	0.000000000000	0.031368416880	10000
0	6	0.000000000000	0.600000000000	4	0.000000000000	0.128940000000	0.000000000000	0.031810191579	22000
0	6	0.000000000000	0.600000000000	5	0.000000000000	0.125080000000	0.000000000000	0.030918433815	8000
0	7	0.000000000000	0.700000000000	1	0.000000000000	0.113160000000	0.000000000000	0.026883770888	8000
0	7	0.000000000000	0.700000000000	2	0.000000000000	0.122680000000	0.000000000000	0.033840253586	4000
0	7	0.000000000000	0.700000000000	3	0.000000000000	0.134980000000	0.000000000000	0.036624321713	10000
0	7	0.000000000000	0.700000000000	4	0.000000000000	0.113180000000	0.000000000000	0.029440692151	16000
0	7	0.000000000000	0.700000000000	5	0.000000000000	0.141760000000	0.000000000000	0.037596754061	14000
0	8	0.000000000000	0.800000000000	1	0.000000000000	0.123000000000	0.000000000000	0.022687324979	30000
0	8	0.000000000000	0.800000000000	2	0.000000000000	0.119420000000	0.000000000000	0.033627286456	16000
0	8	0.000000000000	0.800000000000	3	0.000000000000	0.123400000000	0.000000000000	0.058349332855	18000
0	8	0.000000000000	0.800000000000	4	0.000000000000	0.110440000000	0.000000000000	0.025354471977	30000
0	8	0.000000000000	0.800000000000	5	0.000000000000	0.125040000000	0.000000000000	0.028917721809	18000
0	9	0.000000000000	0.900000000000	1	0.000000000000	0.093620000000	0.000000000000	0.026358876880	10000
0	9	0.000000000000	0.900000000000	2	0.000000000000	0.118020000000	0.000000000000	0.032482837541	22000
0	9	0.000000000000	0.900000000000	3	0.000000000000	0.132480000000	0.000000000000	0.030218583070	12000
0	9	0.000000000000	0.900000000000	4	0.000000000000	0.134700000000	0.000000000000	0.038629033151	16000
0	9	0.000000000000	0.900000000000	5	0.000000000000	0.136040000000	0.000000000000	0.030771175884	30000
0	10	0.000000000000	1.000000000000	1	0.000000000000	1.000000000000	0.000000000000	0.000000000000	4000
0	10	0.000000000000	1.000000000000	2	0.000000000000	1.000000000000	0.000000000000	0.000000000000	4000
0	10	0.000000000000	1.000000000000	3	0.000000000000	1.000000000000	0.000000000000	0.000000000000	4000
0	10	0.000000000000	1.000000000000	4	0.000000000000	1.000000000000	0.000000000000	0.000000000000	4000
0	10	0.000000000000	1.000000000000	5	0.000000000000	1.000000000000	0.000000000000	0.000000000000	4000
1	0	0.100000000000	0.000000000000	1	0.097500000000	0.000000000000	0.037687801347	0.000000000000	22000
1	0	0.100000000000	0.000000000000	2	0.146660000000	0.000000000000	0.027290826099	0.000000000000	10000
1	0	0.100000000000	0.000000000000	3	0.100220000000	0.000000000000	0.046252469025	0.000000000000	30000
1	0	0.100000000000	0.000000000000	4	0.147760000000	0.000000000000	0.033635007265	0.000000000000	8000
1	0	0.100000000000	0.000000000000	5	0.103220000000	0.000000000000	0.054326632355	0.000000000000	30000
1	1	0.100000000000	0.100000000000	1	0.000000000000	0.134620000000	0.000000000000	0.026880814314	14000
1	1	0.100000000000	0.100000000000	2	0.000000000000	0.126180000000	0.000000000000	0.044481301534	22000
1	1	0.100000000000	0.100000000000	3	0.146040000000	0.000000000000	0.030522943011	0.000000000000	14000
1	1	0.100000000000	0.100000000000	4	0.000000000000	0.119960000000	0.000000000000	0.027523734412	10000
1	1	0.100000000000	0.100000000000	5	0.000000000000	0.135700000000	0.000000000000	0.032945339509	8000
1	2	0.100000000000	0.200000000000	1	0.139880000000	0.000000000000	0.024718345345	0.000000000000	6000
1	2	0.100000000000	0.200000000000	2	0.000000000000	0.140100000000	0.000000000000	0.031339626229	18000
1	2	0.100000000000	0.200000000000	3	0.000000000000	0.131240000000	0.000000000000	0.031000377795	16000
1	2	0.100000000000	0.200000000000	4	0.091980000000	0.000000000000	0.032832263972	0.000000000000	22000
1	2	0.100000000000	0.200000000000	5	0.147920000000	0.000000000000	0.031007015900	0.000000000000	16000
1	3	0.100000000000	0.300000000000	1	0.000000000000	0.139360000000	0.000000000000	0.025491964229	8000
1	3	0.100000000000	0.300000000000	2	0.133660000000	0.000000000000	0.028917825655	0.000000000000	16000
1	3	0.100000000000	0.300000000000	3	0.000000000000	0.161180000000	0.000000000000	0.030435734490	12000
1	3	0.100000000000	0.300000000000	4	0.000000000000	0.120400000000	0.000000000000	0.029242009081	16000
1	3	0.100000000000	0.300000000000	5	0.000000000000	0.131920000000	0.000000000000	0.032640143673	6000
1	4	0.100000000000	0.400000000000	1	0.000000000000	0.131940000000	0.000000000000	0.026460093283	30000
1	4	0.100000000000	0.400000000000	2	0.000000000000	0.121180000000	0.000000000000	0.030051800457	6000
1	4	0.100000000000	0.400000000000	3	0.000000000000	0.120520000000	0.000000000000	0.035947487003	14000
1	4	0.100000000000	0.400000000000	4	0.106880000000	0.000000000000	0.034389653215	0.000000000000	12000
1	4	0.100000000000	0.400000000000	5	0.109020000000	0.000000000000	0.034540304466	0.000000000000	10000
1	5	0.100000000000	0.500000000000	1	0.000000000000	0.092680000000	0.000000000000	0.030201485555	16000
1	5	0.100000000000	0.500000000000	2	0.000000000000	0.000000000000	0.000000000000	0.000000000000	18000
1	5	0.100000000000	0.500000000000	3	0.000000000000	0.123340000000	0.000000000000	0.032371164519	6000
1	5	0.100000000000	0.500000000000	4	0.000000000000	0.124540000000	0.000000000000	0.040137256999	30000
1	5	0.100000000000	0.500000000000	5	0.000000000000	0.091240000000	0.000000000000	0.031728048617	10000
1	6	0.100000000000	0.600000000000	1	0.000000000000	0.147140000000	0.000000000000	0.037110613005	30000
1	6	0.100000000000	0.600000000000	2	0.139100000000	0.000000000000	0.033881232828	0.000000000000	22000
1	6	0.100000000000	0.600000000000	3	0.129320000000	0.000000000000	0.026567714306	0.000000000000	30000
1	6	0.100000000000	0.600000000000	4	0.130960000000	0.000000000000	0.034645038298	0.000000000000	28000
1	6	0.100000000000	0.600000000000	5	0.107940000000	0.000000000000	0.034306461976	0.000000000000	10000
1	7	0.100000000000	0.700000000000	1	0.145640000000	0.000000000000	0.039111636633	0.000000000000	10000
1	7	0.100000000000	0.700000000000	2	0.000000000000	0.123340000000	0.000000000000	0.036848367701	30000
1	7	0.100000000000	0.700000000000	3	0.000000000000	0.138140000000	0.000000000000	0.028582465908	22000
1	7	0.100000000000	0.700000000000	4	0.000000000000	0.000000000000	0.000000000000	0.000000000000	6000
1	7	0.100000000000	0.700000000000	5	0.124880000000	0.000000000000	0.042722486009	0.000000000000	30000
1	8	0.100000000000	0.800000000000	1	0.113100000000	0.000000000000	0.033816172662	0.000000000000	30000
1	8	0.100000000000	0.800000000000	2	0.000000000000	0.135440000000	0.000000000000	0.031218279597	18000
1	8	0.100000000000	0.800000000000	3	0.000000000000	0.121080000000	0.000000000000	0.024021045161	6000
1	8	0.100000000000	0.800000000000	4	0.000000000000	0.113320000000	0.000000000000	0.038126516117	12000
1	8	0.100000000000	0.800000000000	5	0.000000000000	0.127400000000	0.000000000000	0.025618280510	16000
1	9	0.100000000000	0.900000000000	1	0.113400000000	0.000000000000	0.041111192273	0.000000000000	24000
1	9	0.100000000000	0.900000000000	2	0.000000000000	0.135820000000	0.000000000000	0.029755890392	16000
1	9	0.100000000000	0.900000000000	3	0.000000000000	0.113560000000	0.000000000000	0.028735903538	12000
1	9	0.100000000000	0.900000000000	4	0.000000000000	0.000000000000	0.000000000000	0.000000000000	14000
1	9	0.100000000000	0.900000000000	5	0.000000000000	0.136200000000	0.000000000000	0.023910912399	8000
1	10	0.100000000000	1.000000000000	1	0.000000000000	1.000000000000	0.000000000000	0.000000000000	6000
1	10	0.100000000000	1.000000000000	2	0.000000000000	1.000000000000	0.000000000000	0.000000000000	6000
1	10	0.100000000000	1.000000000000	3	0.000000000000	1.000000000000	0.000000000000	0.000000000000	6000
1	10	0.100000000000	1.000000000000	4	0.000000000000	1.000000000000	0.000000000000	0.000000000000	6000
1	10	0.100000000000	1.000000000000	5	0.000000000000	1.000000000000	0.000000000000	0.000000000000	6000
