# scan initial plane
# b 1.174
# r 0
# e -0.4
# N1 50
# N2 50
# P11 0.9
# p12 0.1
# P22 0.9
# T_MCS 1000
# T_MAX 30000
# W 2000
# UPDATE_RULE 0
# FERMI_BETA 1
# DEGREE_ALPHA 0.5
# DEGREE_FACTOR_MIN 0.5
# DEGREE_FACTOR_MAX 2
# ndiv 10
# n_reps 5
# A:(0,1),	A':(0,0.230),	B:(1,0),	B'=(0.230,0),	C:(1,1),	D:(0,0),	E:(0.173,0.173) 
# columns: ix iy x1_0 x2_0 rep x1_inf x2_inf sigma_1 sigma_2 t_relax
6	0	0.600000000000	0.000000000000	1	0.113420000000	0.000000000000	0.031995739206	0.000000000000	26000
6	0	0.600000000000	0.000000000000	2	0.116240000000	0.000000000000	0.031781637347	0.000000000000	20000
6	0	0.600000000000	0.000000000000	3	0.123200000000	0.000000000000	0.026488896951	0.000000000000	6000
6	0	0.600000000000	0.000000000000	4	0.139980000000	0.000000000000	0.036101286721	0.000000000000	8000
6	0	0.600000000000	0.000000000000	5	0.121280000000	0.000000000000	0.033957542825	0.000000000000	6000
6	1	0.600000000000	0.100000000000	1	0.119760000000	0.000000000000	0.038995680056	0.000000000000	26000
6	1	0.600000000000	0.100000000000	2	0.000000000000	0.114580000000	0.000000000000	0.024174532219	10000
6	1	0.600000000000	0.100000000000	3	0.132140000000	0.000000000000	0.036638269102	0.000000000000	10000
6	1	0.600000000000	0.100000000000	4	0.122680000000	0.000000000000	0.039910028945	0.000000000000	28000
6	1	0.600000000000	0.100000000000	5	0.000000000000	0.093040000000	0.000000000000	0.038494678077	12000
6	2	0.600000000000	0.200000000000	1	0.000000000000	0.113380000000	0.000000000000	0.029554171432	6000
6	2	0.600000000000	0.200000000000	2	0.000000000000	0.142360000000	0.000000000000	0.027275893649	10000
6	2	0.600000000000	0.200000000000	3	0.140300000000	0.000000000000	0.032020857817	0.000000000000	14000
6	2	0.600000000000	0.200000000000	4	0.123440000000	0.000000000000	0.035426281507	0.000000000000	30000
6	2	0.600000000000	0.200000000000	5	0.000000000000	0.107880000000	0.000000000000	0.037663299432	10000
6	3	0.600000000000	0.300000000000	1	0.124520000000	0.000000000000	0.028572469022	0.000000000000	8000
6	3	0.600000000000	0.300000000000	2	0.126340000000	0.000000000000	0.033474242709	0.000000000000	20000
6	3	0.600000000000	0.300000000000	3	0.081660000000	0.000000000000	0.043574569913	0.000000000000	20000
6	3	0.600000000000	0.300000000000	4	0.082980000000	0.000000000000	0.024497341074	0.000000000000	8000
6	3	0.600000000000	0.300000000000	5	0.000000000000	0.130260000000	0.000000000000	0.034460410908	10000
6	4	0.600000000000	0.400000000000	1	0.121520000000	0.000000000000	0.030584718816	0.000000000000	30000
6	4	0.600000000000	0.400000000000	2	0.114240000000	0.000000000000	0.043798866889	0.000000000000	6000
6	4	0.600000000000	0.400000000000	3	0.000000000000	0.124660000000	0.000000000000	0.033066263438	22000
6	4	0.600000000000	0.400000000000	4	0.098840000000	0.000000000000	0.034557902839	0.000000000000	14000
6	4	0.600000000000	0.400000000000	5	0.000000000000	0.117500000000	0.000000000000	0.034048631534	6000
6	5	0.600000000000	0.500000000000	1	0.000000000000	0.000000000000	0.000000000000	0.000000000000	14000
6	5	0.600000000000	0.500000000000	2	0.000000000000	0.128080000000	0.000000000000	0.029617406888	12000
6	5	0.600000000000	0.500000000000	3	0.000000000000	0.130120000000	0.000000000000	0.039027025363	30000
6	5	0.600000000000	0.500000000000	4	0.124120000000	0.000000000000	0.045977598236	0.000000000000	12000
6	5	0.600000000000	0.500000000000	5	0.000000000000	0.000000000000	0.000000000000	0.000000000000	10000
6	6	0.600000000000	0.600000000000	1	0.000000000000	0.132820000000	0.000000000000	0.031436218536	30000
6	6	0.600000000000	0.600000000000	2	0.101760000000	0.000000000000	0.027262531901	0.000000000000	6000
6	6	0.600000000000	0.600000000000	3	0.000000000000	0.105740000000	0.000000000000	0.035798518600	30000
6	6	0.600000000000	0.600000000000	4	0.000000000000	0.120160000000	0.000000000000	0.032339143777	8000
6	6	0.600000000000	0.600000000000	5	0.000000000000	0.150620000000	0.000000000000	0.032097442980	30000
6	7	0.600000000000	0.700000000000	1	0.000000000000	0.125980000000	0.000000000000	0.033932152761	20000
6	7	0.600000000000	0.700000000000	2	0.125300000000	0.000000000000	0.051238026263	0.000000000000	8000
6	7	0.600000000000	0.700000000000	3	0.122780000000	0.000000000000	0.034909744919	0.000000000000	16000
6	7	0.600000000000	0.700000000000	4	0.101300000000	0.000000000000	0.047245551559	0.000000000000	10000
6	7	0.600000000000	0.700000000000	5	0.000000000000	0.099060000000	0.000000000000	0.035563762191	6000
6	8	0.600000000000	0.800000000000	1	0.000000000000	0.122140000000	0.000000000000	0.031151096141	14000
6	8	0.600000000000	0.800000000000	2	0.000000000000	0.000000000000	0.000000000000	0.000000000000	16000
6	8	0.600000000000	0.800000000000	3	0.000000000000	0.114300000000	0.000000000000	0.031876733304	18000
6	8	0.600000000000	0.800000000000	4	0.119360000000	0.000000000000	0.030353117002	0.000000000000	30000
6	8	0.600000000000	0.800000000000	5	0.000000000000	0.122200000000	0.000000000000	0.031511156008	14000
6	9	0.600000000000	0.900000000000	1	0.102740000000	0.000000000000	0.040941037708	0.000000000000	18000
6	9	0.600000000000	0.900000000000	2	0.000000000000	0.110100000000	0.000000000000	0.036492762594	18000
6	9	0.600000000000	0.900000000000	3	0.000000000000	0.085800000000	0.000000000000	0.024111021159	18000
6	9	0.600000000000	0.900000000000	4	0.000000000000	0.143220000000	0.000000000000	0.040964737393	30000
6	9	0.600000000000	0.900000000000	5	0.000000000000	0.131680000000	0.000000000000	0.039358947226	30000
6	10	0.600000000000	1.000000000000	1	0.000000000000	1.000000000000	0.000000000000	0.000000000000	6000
6	10	0.600000000000	1.000000000000	2	0.000000000000	1.000000000000	0.000000000000	0.000000000000	6000
6	10	0.600000000000	1.000000000000	3	0.000000000000	1.000000000000	0.000000000000	0.000000000000	6000
6	10	0.600000000000	1.000000000000	4	0.000000000000	1.000000000000	0.000000000000	0.000000000000	6000
6	10	0.600000000000	1.000000000000	5	0.000000000000	1.000000000000	0.000000000000	0.000000000000	6000
7	0	0.700000000000	0.000000000000	1	0.122680000000	0.000000000000	0.042860875570	0.000000000000	10000
7	0	0.700000000000	0.000000000000	2	0.149600000000	0.000000000000	0.024925113064	0.000000000000	6000
7	0	0.700000000000	0.000000000000	3	0.086660000000	0.000000000000	0.039678946796	0.000000000000	10000
7	0	0.700000000000	0.000000000000	4	0.127020000000	0.000000000000	0.032189373336	0.000000000000	8000
7	0	0.700000000000	0.000000000000	5	0.141340000000	0.000000000000	0.027013591656	0.000000000000	30000
7	1	0.700000000000	0.100000000000	1	0.000000000000	0.127340000000	0.000000000000	0.035763157067	20000
7	1	0.700000000000	0.100000000000	2	0.130720000000	0.000000000000	0.032132757649	0.000000000000	12000
7	1	0.700000000000	0.100000000000	3	0.110420000000	0.000000000000	0.027124884504	0.000000000000	18000
7	1	0.700000000000	0.100000000000	4	0.000000000000	0.151440000000	0.000000000000	0.026401201174	8000
7	1	0.700000000000	0.100000000000	5	0.117840000000	0.000000000000	0.023079581172	0.000000000000	8000
7	2	0.700000000000	0.200000000000	1	0.114540000000	0.000000000000	0.024396384642	0.000000000000	8000
7	2	0.700000000000	0.200000000000	2	0.134140000000	0.000000000000	0.034664997650	0.000000000000	16000
7	2	0.700000000000	0.200000000000	3	0.000000000000	0.124180000000	0.000000000000	0.030644194665	6000
7	2	0.700000000000	0.200000000000	4	0.000000000000	0.134000000000	0.000000000000	0.040279305138	18000
7	2	0.700000000000	0.200000000000	5	0.107820000000	0.000000000000	0.044762163165	0.000000000000	30000
7	3	0.700000000000	0.300000000000	1	0.000000000000	0.103040000000	0.000000000000	0.022182210225	16000
7	3	0.700000000000	0.300000000000	2	0.000000000000	0.000000000000	0.000000000000	0.000000000000	20000
7	3	0.700000000000	0.300000000000	3	0.129800000000	0.000000000000	0.036371456980	0.000000000000	6000
7	3	0.700000000000	0.300000000000	4	0.000000000000	0.115060000000	0.000000000000	0.028593950654	30000
7	3	0.700000000000	0.300000000000	5	0.000000000000	0.000000000000	0.000000000000	0.000000000000	14000
7	4	0.700000000000	0.400000000000	1	0.110340000000	0.000000000000	0.044751392013	0.000000000000	18000
7	4	0.700000000000	0.400000000000	2	0.142340000000	0.000000000000	0.030826525504	0.000000000000	12000
7	4	0.700000000000	0.400000000000	3	0.000000000000	0.117540000000	0.000000000000	0.038447712892	6000
7	4	0.700000000000	0.400000000000	4	0.000000000000	0.133440000000	0.000000000000	0.027131209013	12000
7	4	0.700000000000	0.400000000000	5	0.134080000000	0.000000000000	0.031488809840	0.000000000000	6000
7	5	0.700000000000	0.500000000000	1	0.141640000000	0.000000000000	0.035969489907	0.000000000000	6000
7	5	0.700000000000	0.500000000000	2	0.000000000000	0.120280000000	0.000000000000	0.036535687436	16000
7	5	0.700000000000	0.500000000000	3	0.132540000000	0.000000000000	0.048800921405	0.000000000000	12000
7	5	0.700000000000	0.500000000000	4	0.000000000000	0.000000000000	0.000000000000	0.000000000000	8000
7	5	0.700000000000	0.500000000000	5	0.144040000000	0.000000000000	0.026600488454	0.000000000000	10000
7	6	0.700000000000	0.600000000000	1	0.132180000000	0.000000000000	0.027025506063	0.000000000000	24000
7	6	0.700000000000	0.600000000000	2	0.120700000000	0.000000000000	0.030026848180	0.000000000000	30000
7	6	0.700000000000	0.600000000000	3	0.000000000000	0.123880000000	0.000000000000	0.029315610262	30000
7	6	0.700000000000	0.600000000000	4	0.000000000000	0.106280000000	0.000000000000	0.036958456780	30000
7	6	0.700000000000	0.600000000000	5	0.125740000000	0.000000000000	0.024739936630	0.000000000000	30000
7	7	0.700000000000	0.700000000000	1	0.000000000000	0.141000000000	0.000000000000	0.040316565149	12000
7	7	0.700000000000	0.700000000000	2	0.000000000000	0.111600000000	0.000000000000	0.024844662551	30000
7	7	0.700000000000	0.700000000000	3	0.000000000000	0.124080000000	0.000000000000	0.033948580325	6000
7	7	0.700000000000	0.700000000000	4	0.000000000000	0.000000000000	0.000000000000	0.000000000000	8000
7	7	0.700000000000	0.700000000000	5	0.000000000000	0.000000000000	0.000000000000	0.000000000000	14000
7	8	0.700000000000	0.800000000000	1	0.000000000000	0.113220000000	0.000000000000	0.039262872707	8000
7	8	0.700000000000	0.800000000000	2	0.000000000000	0.108540000000	0.000000000000	0.034079756892	26000
7	8	0.700000000000	0.800000000000	3	0.000000000000	0.107480000000	0.000000000000	0.032819608875	30000
7	8	0.700000000000	0.800000000000	4	0.000000000000	0.126340000000	0.000000000000	0.029097268790	18000
7	8	0.700000000000	0.800000000000	5	0.118160000000	0.000000000000	0.037900538926	0.000000000000	30000
7	9	0.700000000000	0.900000000000	1	0.000000000000	0.000000000000	0.000000000000	0.000000000000	6000
7	9	0.700000000000	0.900000000000	2	0.000000000000	0.144340000000	0.000000000000	0.035378185595	12000
7	9	0.700000000000	0.900000000000	3	0.115600000000	0.000000000000	0.030737351623	0.000000000000	8000
7	9	0.700000000000	0.900000000000	4	0.000000000000	0.132080000000	0.000000000000	0.031582765412	14000
7	9	0.700000000000	0.900000000000	5	0.000000000000	0.125240000000	0.000000000000	0.024172851026	10000
7	10	0.700000000000	1.000000000000	1	0.000000000000	1.000000000000	0.000000000000	0.000000000000	6000
7	10	0.700000000000	1.000000000000	2	0.000000000000	1.000000000000	0.000000000000	0.000000000000	6000
7	10	0.700000000000	1.000000000000	3	0.000000000000	1.000000000000	0.000000000000	0.000000000000	6000
7	10	0.700000000000	1.000000000000	4	0.000000000000	1.000000000000	0.000000000000	0.000000000000	6000
7	10	0.700000000000	1.000000000000	5	0.000000000000	1.000000000000	0.000000000000	0.000000000000	6000
