# scan initial plane
# b 1.174
# r 0
# e -0.4
# N1 50
# N2 50
# P11 0.9
# p12 0.1
# P22 0.9
# T_MCS 1000
# T_MAX 30000
# W 2000
# UPDATE_RULE 0
# FERMI_BETA 1
# DEGREE_ALPHA 0.5
# DEGREE_FACTOR_MIN 0.5
# DEGREE_FACTOR_MAX 2
# ndiv 10
# n_reps 5
# A:(0,1),	A':(0,0.230),	B:(1,0),	B'=(0.230,0),	C:(1,1),	D:(0,0),	E:(0.173,0.173) 
# columns: ix iy x1_0 x2_0 rep x1_inf x2_inf sigma_1 sigma_2 t_relax
8	0	0.800000000000	0.000000000000	1	0.113420000000	0.000000000000	0.031995739206	0.000000000000	26000
8	0	0.800000000000	0.000000000000	2	0.124360000000	0.000000000000	0.023408082757	0.000000000000	6000
8	0	0.800000000000	0.000000000000	3	0.112560000000	0.000000000000	0.026738761403	0.000000000000	10000
8	0	0.800000000000	0.000000000000	4	0.123360000000	0.000000000000	0.036149926932	0.000000000000	4000
8	0	0.800000000000	0.000000000000	5	0.135240000000	0.000000000000	0.035813754690	0.000000000000	8000
8	1	0.800000000000	0.100000000000	1	0.119260000000	0.000000000000	0.027925476401	0.000000000000	24000
8	1	0.800000000000	0.100000000000	2	0.000000000000	0.103500000000	0.000000000000	0.041649546032	20000
8	1	0.800000000000	0.100000000000	3	0.117300000000	0.000000000000	0.033199581507	0.000000000000	8000
8	1	0.800000000000	0.100000000000	4	0.107100000000	0.000000000000	0.034222231972	0.000000000000	22000
8	1	0.800000000000	0.100000000000	5	0.000000000000	0.093040000000	0.000000000000	0.038494678077	24000
8	2	0.800000000000	0.200000000000	1	0.138340000000	0.000000000000	0.031740382037	0.000000000000	30000
8	2	0.800000000000	0.200000000000	2	0.104040000000	0.000000000000	0.037441691739	0.000000000000	30000
8	2	0.800000000000	0.200000000000	3	0.000000000000	0.139040000000	0.000000000000	0.031888795764	20000
8	2	0.800000000000	0.200000000000	4	0.112900000000	0.000000000000	0.034093288964	0.000000000000	20000
8	2	0.800000000000	0.200000000000	5	0.090600000000	0.000000000000	0.026509295403	0.000000000000	10000
8	3	0.800000000000	0.300000000000	1	0.119380000000	0.000000000000	0.031878391299	0.000000000000	18000
8	3	0.800000000000	0.300000000000	2	0.000000000000	0.102500000000	0.000000000000	0.036533336621	10000
8	3	0.800000000000	0.300000000000	3	0.000000000000	0.135920000000	0.000000000000	0.021758378318	12000
8	3	0.800000000000	0.300000000000	4	0.121220000000	0.000000000000	0.022791029618	0.000000000000	30000
8	3	0.800000000000	0.300000000000	5	0.000000000000	0.122960000000	0.000000000000	0.044411831879	10000
8	4	0.800000000000	0.400000000000	1	0.000000000000	0.140240000000	0.000000000000	0.033910061815	16000
8	4	0.800000000000	0.400000000000	2	0.133860000000	0.000000000000	0.029752068593	0.000000000000	8000
8	4	0.800000000000	0.400000000000	3	0.131900000000	0.000000000000	0.030366298953	0.000000000000	8000
8	4	0.800000000000	0.400000000000	4	0.129260000000	0.000000000000	0.041177031801	0.000000000000	18000
8	4	0.800000000000	0.400000000000	5	0.131480000000	0.000000000000	0.035165981378	0.000000000000	30000
8	5	0.800000000000	0.500000000000	1	0.138760000000	0.000000000000	0.038729347559	0.000000000000	30000
8	5	0.800000000000	0.500000000000	2	0.077380000000	0.000000000000	0.028954688290	0.000000000000	10000
8	5	0.800000000000	0.500000000000	3	0.110400000000	0.000000000000	0.035792752355	0.000000000000	30000
8	5	0.800000000000	0.500000000000	4	0.000000000000	0.121260000000	0.000000000000	0.027150498146	18000
8	5	0.800000000000	0.500000000000	5	0.126700000000	0.000000000000	0.036573865637	0.000000000000	6000
8	6	0.800000000000	0.600000000000	1	0.000000000000	0.129820000000	0.000000000000	0.025310239197	6000
8	6	0.800000000000	0.600000000000	2	0.000000000000	0.110800000000	0.000000000000	0.023797611778	6000
8	6	0.800000000000	0.600000000000	3	0.000000000000	0.093300000000	0.000000000000	0.033235743028	8000
8	6	0.800000000000	0.600000000000	4	0.012680000000	0.000000000000	0.019708018825	0.000000000000	8000
8	6	0.800000000000	0.600000000000	5	0.000000000000	0.138840000000	0.000000000000	0.024216540646	30000
8	7	0.800000000000	0.700000000000	1	0.124820000000	0.000000000000	0.033857257921	0.000000000000	16000
8	7	0.800000000000	0.700000000000	2	0.000000000000	0.117560000000	0.000000000000	0.030035787796	22000
8	7	0.800000000000	0.700000000000	3	0.000000000000	0.093820000000	0.000000000000	0.031648210205	8000
8	7	0.800000000000	0.700000000000	4	0.107700000000	0.000000000000	0.037095634327	0.000000000000	10000
8	7	0.800000000000	0.700000000000	5	0.115880000000	0.000000000000	0.030658857865	0.000000000000	10000
8	8	0.800000000000	0.800000000000	1	0.000000000000	0.151180000000	0.000000000000	0.028400954460	14000
8	8	0.800000000000	0.800000000000	2	0.120620000000	0.000000000000	0.033828389852	0.000000000000	26000
8	8	0.800000000000	0.800000000000	3	0.000000000000	0.133560000000	0.000000000000	0.033184749926	8000
8	8	0.800000000000	0.800000000000	4	0.000000000000	0.145320000000	0.000000000000	0.031659120327	22000
8	8	0.800000000000	0.800000000000	5	0.000000000000	0.129160000000	0.000000000000	0.027800490414	14000
8	9	0.800000000000	0.900000000000	1	0.000000000000	0.122820000000	0.000000000000	0.033477878791	10000
8	9	0.800000000000	0.900000000000	2	0.123300000000	0.000000000000	0.023909865781	0.000000000000	14000
8	9	0.800000000000	0.900000000000	3	0.000000000000	0.109460000000	0.000000000000	0.026252573161	16000
8	9	0.800000000000	0.900000000000	4	0.000000000000	0.106300000000	0.000000000000	0.030568684048	30000
8	9	0.800000000000	0.900000000000	5	0.000000000000	0.127920000000	0.000000000000	0.028278494891	12000
8	10	0.800000000000	1.000000000000	1	0.000000000000	1.000000000000	0.000000000000	0.000000000000	6000
8	10	0.800000000000	1.000000000000	2	0.000000000000	1.000000000000	0.000000000000	0.000000000000	6000
8	10	0.800000000000	1.000000000000	3	0.000000000000	1.000000000000	0.000000000000	0.000000000000	6000
8	10	0.800000000000	1.000000000000	4	0.000000000000	1.000000000000	0.000000000000	0.000000000000	6000
8	10	0.800000000000	1.000000000000	5	0.000000000000	1.000000000000	0.000000000000	0.000000000000	6000
9	0	0.900000000000	0.000000000000	1	0.115840000000	0.000000000000	0.034512106361	0.000000000000	12000
9	0	0.900000000000	0.000000000000	2	0.129840000000	0.000000000000	0.031827462786	0.000000000000	22000
9	0	0.900000000000	0.000000000000	3	0.000000000000	0.000000000000	0.000000000000	0.000000000000	12000
9	0	0.900000000000	0.000000000000	4	0.119380000000	0.000000000000	0.031651499450	0.000000000000	8000
9	0	0.900000000000	0.000000000000	5	0.087700000000	0.000000000000	0.035988959490	0.000000000000	10000
9	1	0.900000000000	0.100000000000	1	0.000000000000	0.130960000000	0.000000000000	0.021305687793	22000
9	1	0.900000000000	0.100000000000	2	0.000000000000	0.000000000000	0.000000000000	0.000000000000	20000
9	1	0.900000000000	0.100000000000	3	0.113240000000	0.000000000000	0.026484029221	0.000000000000	10000
9	1	0.900000000000	0.100000000000	4	0.125860000000	0.000000000000	0.033609373544	0.000000000000	24000
9	1	0.900000000000	0.100000000000	5	0.117180000000	0.000000000000	0.035021051870	0.000000000000	26000
9	2	0.900000000000	0.200000000000	1	0.000000000000	0.098680000000	0.000000000000	0.028338324945	6000
9	2	0.900000000000	0.200000000000	2	0.000000000000	0.113680000000	0.000000000000	0.047479594690	12000
9	2	0.900000000000	0.200000000000	3	0.126300000000	0.000000000000	0.034460085570	0.000000000000	8000
9	2	0.900000000000	0.200000000000	4	0.000000000000	0.000000000000	0.000000000000	0.000000000000	8000
9	2	0.900000000000	0.200000000000	5	0.136920000000	0.000000000000	0.043932261991	0.000000000000	24000
9	3	0.900000000000	0.300000000000	1	0.120100000000	0.000000000000	0.037483262865	0.000000000000	8000
9	3	0.900000000000	0.300000000000	2	0.116760000000	0.000000000000	0.025980326737	0.000000000000	14000
9	3	0.900000000000	0.300000000000	3	0.000000000000	0.112320000000	0.000000000000	0.026414301341	8000
9	3	0.900000000000	0.300000000000	4	0.000000000000	0.132200000000	0.000000000000	0.040526564157	16000
9	3	0.900000000000	0.300000000000	5	0.000000000000	0.000000000000	0.000000000000	0.000000000000	12000
9	4	0.900000000000	0.400000000000	1	0.000000000000	0.129500000000	0.000000000000	0.037034058939	8000
9	4	0.900000000000	0.400000000000	2	0.106160000000	0.000000000000	0.031032521931	0.000000000000	18000
9	4	0.900000000000	0.400000000000	3	0.127540000000	0.000000000000	0.028781535344	0.000000000000	14000
9	4	0.900000000000	0.400000000000	4	0.000000000000	0.100320000000	0.000000000000	0.032151692511	10000
9	4	0.900000000000	0.400000000000	5	0.134520000000	0.000000000000	0.042630822030	0.000000000000	18000
9	5	0.900000000000	0.500000000000	1	0.104220000000	0.000000000000	0.019260388432	0.000000000000	14000
9	5	0.900000000000	0.500000000000	2	0.000000000000	0.141880000000	0.000000000000	0.031810021652	30000
9	5	0.900000000000	0.500000000000	3	0.000000000000	0.099520000000	0.000000000000	0.039776271215	12000
9	5	0.900000000000	0.500000000000	4	0.109480000000	0.000000000000	0.031265110061	0.000000000000	30000
9	5	0.900000000000	0.500000000000	5	0.000000000000	0.159900000000	0.000000000000	0.026793803536	22000
9	6	0.900000000000	0.600000000000	1	0.000000000000	0.147420000000	0.000000000000	0.026751808523	8000
9	6	0.900000000000	0.600000000000	2	0.000000000000	0.106260000000	0.000000000000	0.036575266918	18000
9	6	0.900000000000	0.600000000000	3	0.000000000000	0.128760000000	0.000000000000	0.034029699094	8000
9	6	0.900000000000	0.600000000000	4	0.000000000000	0.150880000000	0.000000000000	0.030055430939	12000
9	6	0.900000000000	0.600000000000	5	0.102600000000	0.000000000000	0.031212404813	0.000000000000	6000
9	7	0.900000000000	0.700000000000	1	0.114560000000	0.000000000000	0.034854285550	0.000000000000	30000
9	7	0.900000000000	0.700000000000	2	0.000000000000	0.116980000000	0.000000000000	0.039456766675	30000
9	7	0.900000000000	0.700000000000	3	0.140440000000	0.000000000000	0.030025121280	0.000000000000	12000
9	7	0.900000000000	0.700000000000	4	0.128540000000	0.000000000000	0.037895969502	0.000000000000	8000
9	7	0.900000000000	0.700000000000	5	0.123660000000	0.000000000000	0.037464756879	0.000000000000	10000
9	8	0.900000000000	0.800000000000	1	0.000000000000	0.138400000000	0.000000000000	0.035444270289	20000
9	8	0.900000000000	0.800000000000	2	0.143300000000	0.000000000000	0.034355353153	0.000000000000	14000
9	8	0.900000000000	0.800000000000	3	0.000000000000	0.121620000000	0.000000000000	0.035573038119	6000
9	8	0.900000000000	0.800000000000	4	0.000000000000	0.000000000000	0.000000000000	0.000000000000	10000
9	8	0.900000000000	0.800000000000	5	0.000000000000	0.000000000000	0.000000000000	0.000000000000	22000
9	9	0.900000000000	0.900000000000	1	0.000000000000	0.000000000000	0.000000000000	0.000000000000	16000
9	9	0.900000000000	0.900000000000	2	0.000000000000	0.000000000000	0.000000000000	0.000000000000	14000
9	9	0.900000000000	0.900000000000	3	0.119060000000	0.000000000000	0.027251771668	0.000000000000	30000
9	9	0.900000000000	0.900000000000	4	0.000000000000	0.107100000000	0.000000000000	0.031185935332	10000
9	9	0.900000000000	0.900000000000	5	0.000000000000	0.118520000000	0.000000000000	0.024446005956	14000
9	10	0.900000000000	1.000000000000	1	0.000000000000	1.000000000000	0.000000000000	0.000000000000	6000
9	10	0.900000000000	1.000000000000	2	0.000000000000	1.000000000000	0.000000000000	0.000000000000	6000
9	10	0.900000000000	1.000000000000	3	0.000000000000	1.000000000000	0.000000000000	0.000000000000	6000
9	10	0.900000000000	1.000000000000	4	0.000000000000	1.000000000000	0.000000000000	0.000000000000	6000
9	10	0.900000000000	1.000000000000	5	0.000000000000	1.000000000000	0.000000000000	0.000000000000	6000
