# scan initial plane
# b 1.06
# r 0
# e -0.4
# p12 0.02
# ndiv 8
# n_reps 3
# A:(0,1),	A':(0,0.044),	B:(1,0),	B'=(0.400,0),	C:(1,1),	D:(0,0),	E:(0.389,0.025) 
# columns: ix iy x1_0 x2_0 rep x1_inf x2_inf sigma_1 sigma_2 t_relax
0	0	0.000000000000	0.000000000000	1	0.000000000000	0.000000000000	0.000000000000	0.000000000000	4000
0	0	0.000000000000	0.000000000000	2	0.000000000000	0.000000000000	0.000000000000	0.000000000000	4000
0	0	0.000000000000	0.000000000000	3	0.000000000000	0.000000000000	0.000000000000	0.000000000000	4000
0	1	0.000000000000	0.125000000000	1	0.000000000000	0.036843333333	0.000000000000	0.002498617124	18000
0	1	0.000000000000	0.125000000000	2	0.000000000000	0.035576666667	0.000000000000	0.002494730293	22000
0	1	0.000000000000	0.125000000000	3	0.000000000000	0.031780833333	0.000000000000	0.001467076252	64000
0	2	0.000000000000	0.250000000000	1	0.000000000000	0.034866666667	0.000000000000	0.002127354401	42000
0	2	0.000000000000	0.250000000000	2	0.000000000000	0.034472500000	0.000000000000	0.002705299564	10000
0	2	0.000000000000	0.250000000000	3	0.000000000000	0.032790833333	0.000000000000	0.002111413859	96000
0	3	0.000000000000	0.375000000000	1	0.000000000000	0.028754166667	0.000000000000	0.002226593392	96000
0	3	0.000000000000	0.375000000000	2	0.000000000000	0.032684166667	0.000000000000	0.002194230454	18000
0	3	0.000000000000	0.375000000000	3	0.000000000000	0.035508333333	0.000000000000	0.004315082778	52000
0	4	0.000000000000	0.500000000000	1	0.000000000000	0.036204166667	0.000000000000	0.001645463856	100000
0	4	0.000000000000	0.500000000000	2	0.000000000000	0.030780833333	0.000000000000	0.001661869765	72000
0	4	0.000000000000	0.500000000000	3	0.000000000000	0.034276666667	0.000000000000	0.001091727827	100000
0	5	0.000000000000	0.625000000000	1	0.000000000000	0.036190833333	0.000000000000	0.001492613100	100000
0	5	0.000000000000	0.625000000000	2	0.000000000000	0.033090000000	0.000000000000	0.001608670617	90000
0	5	0.000000000000	0.625000000000	3	0.000000000000	0.034293333333	0.000000000000	0.002488000342	16000
0	6	0.000000000000	0.750000000000	1	0.000000000000	0.032639166667	0.000000000000	0.002100175664	8000
0	6	0.000000000000	0.750000000000	2	0.000000000000	0.031166666667	0.000000000000	0.003628490557	22000
0	6	0.000000000000	0.750000000000	3	0.000000000000	0.036600833333	0.000000000000	0.002251860506	100000
0	7	0.000000000000	0.875000000000	1	0.000000000000	0.033169166667	0.000000000000	0.004924224989	50000
0	7	0.000000000000	0.875000000000	2	0.000000000000	0.031857500000	0.000000000000	0.001822571128	8000
0	7	0.000000000000	0.875000000000	3	0.000000000000	0.033607500000	0.000000000000	0.002150810639	38000
0	8	0.000000000000	1.000000000000	1	0.000000000000	1.000000000000	0.000000000000	0.000000000000	4000
0	8	0.000000000000	1.000000000000	2	0.000000000000	1.000000000000	0.000000000000	0.000000000000	4000
0	8	0.000000000000	1.000000000000	3	0.000000000000	1.000000000000	0.000000000000	0.000000000000	4000
