# scan initial plane
# b 1.174
# r 0
# e -0.4
# N1 125
# N2 125
# P11 0.9
# p12 0.1
# P22 0.9
# T_MCS 1000
# T_MAX 30000
# W 2000
# UPDATE_RULE 0
# FERMI_BETA 1
# DEGREE_ALPHA 0.5
# DEGREE_FACTOR_MIN 0.5
# DEGREE_FACTOR_MAX 2
# ndiv 10
# n_reps 5
# A:(0,1),	A':(0,0.230),	B:(1,0),	B'=(0.230,0),	C:(1,1),	D:(0,0),	E:(0.173,0.173) 
# columns: ix iy x1_0 x2_0 rep x1_inf x2_inf sigma_1 sigma_2 t_relax
2	0	0.200000000000	0.000000000000	1	0.190904000000	0.000000000000	0.017965788420	0.000000000000	4000
2	0	0.200000000000	0.000000000000	2	0.201416000000	0.000000000000	0.017560846430	0.000000000000	4000
2	0	0.200000000000	0.000000000000	3	0.203304000000	0.000000000000	0.018941657012	0.000000000000	10000
2	0	0.200000000000	0.000000000000	4	0.209760000000	0.000000000000	0.017083625208	0.000000000000	14000
2	0	0.200000000000	0.000000000000	5	0.200704000000	0.000000000000	0.016805082410	0.000000000000	14000
2	1	0.200000000000	0.096000000000	1	0.130552000000	0.125760000000	0.035979964617	0.016944306109	30000
2	1	0.200000000000	0.096000000000	2	0.138040000000	0.139296000000	0.022434029635	0.020293353695	30000
2	1	0.200000000000	0.096000000000	3	0.142944000000	0.146360000000	0.024370284667	0.022644362812	30000
2	1	0.200000000000	0.096000000000	4	0.146544000000	0.138512000000	0.021205134325	0.020149438103	30000
2	1	0.200000000000	0.096000000000	5	0.128216000000	0.149232000000	0.019260017972	0.015758505846	30000
2	2	0.200000000000	0.200000000000	1	0.151008000000	0.094992000000	0.018062507860	0.019719959757	30000
2	2	0.200000000000	0.200000000000	2	0.121920000000	0.138536000000	0.021447741270	0.019478709509	30000
2	2	0.200000000000	0.200000000000	3	0.126944000000	0.136544000000	0.023012832387	0.016580801759	30000
2	2	0.200000000000	0.200000000000	4	0.123672000000	0.164984000000	0.020195352640	0.021874328109	30000
2	2	0.200000000000	0.200000000000	5	0.146688000000	0.136528000000	0.027607550287	0.022047569284	30000
2	3	0.200000000000	0.296000000000	1	0.128472000000	0.151408000000	0.018064094982	0.015763058396	30000
2	3	0.200000000000	0.296000000000	2	0.140064000000	0.122864000000	0.026800787044	0.043685901181	12000
2	3	0.200000000000	0.296000000000	3	0.148760000000	0.106712000000	0.017762711333	0.017743051369	30000
2	3	0.200000000000	0.296000000000	4	0.135504000000	0.115832000000	0.019166463871	0.019162123133	30000
2	3	0.200000000000	0.296000000000	5	0.144544000000	0.128600000000	0.021455171600	0.020133488455	30000
2	4	0.200000000000	0.400000000000	1	0.153152000000	0.110600000000	0.031812527924	0.022514415358	30000
2	4	0.200000000000	0.400000000000	2	0.132440000000	0.117968000000	0.033849434030	0.030685184643	30000
2	4	0.200000000000	0.400000000000	3	0.135608000000	0.130552000000	0.017937895755	0.022495718556	30000
2	4	0.200000000000	0.400000000000	4	0.134816000000	0.154272000000	0.019422032833	0.022629319524	30000
2	4	0.200000000000	0.400000000000	5	0.136424000000	0.129760000000	0.015153146269	0.035197233489	30000
2	5	0.200000000000	0.496000000000	1	0.151096000000	0.125848000000	0.020390943445	0.018741401659	30000
2	5	0.200000000000	0.496000000000	2	0.135912000000	0.119400000000	0.024746325720	0.023580416367	30000
2	5	0.200000000000	0.496000000000	3	0.137128000000	0.137224000000	0.020598638788	0.024604454946	30000
2	5	0.200000000000	0.496000000000	4	0.143208000000	0.129136000000	0.016764897787	0.015895224508	30000
2	5	0.200000000000	0.496000000000	5	0.151520000000	0.108048000000	0.026621463189	0.021336282078	30000
2	6	0.200000000000	0.600000000000	1	0.140856000000	0.117704000000	0.017426960807	0.020360130621	30000
2	6	0.200000000000	0.600000000000	2	0.126912000000	0.115472000000	0.031511287140	0.034145909845	30000
2	6	0.200000000000	0.600000000000	3	0.128992000000	0.161064000000	0.031469704134	0.022139875295	30000
2	6	0.200000000000	0.600000000000	4	0.133400000000	0.138808000000	0.023055662289	0.015773774055	30000
2	6	0.200000000000	0.600000000000	5	0.117008000000	0.123256000000	0.025379283758	0.018588167849	30000
2	7	0.200000000000	0.696000000000	1	0.130328000000	0.145960000000	0.020293453137	0.018714610245	30000
2	7	0.200000000000	0.696000000000	2	0.151560000000	0.136800000000	0.017255960366	0.019444950658	30000
2	7	0.200000000000	0.696000000000	3	0.126640000000	0.145992000000	0.019786406998	0.024244333848	30000
2	7	0.200000000000	0.696000000000	4	0.129528000000	0.146576000000	0.026717691724	0.028694452349	30000
2	7	0.200000000000	0.696000000000	5	0.116312000000	0.158192000000	0.035459159719	0.026804358034	30000
2	8	0.200000000000	0.800000000000	1	0.151696000000	0.130480000000	0.020071633079	0.024450755396	30000
2	8	0.200000000000	0.800000000000	2	0.117888000000	0.163064000000	0.023470029789	0.021932006678	30000
2	8	0.200000000000	0.800000000000	3	0.143928000000	0.125072000000	0.022710671293	0.021758590309	30000
2	8	0.200000000000	0.800000000000	4	0.123792000000	0.124048000000	0.020744615568	0.015919646074	30000
2	8	0.200000000000	0.800000000000	5	0.139032000000	0.123240000000	0.023493295020	0.016552957452	30000
2	9	0.200000000000	0.896000000000	1	0.148184000000	0.133720000000	0.017709425958	0.018297114100	30000
2	9	0.200000000000	0.896000000000	2	0.137104000000	0.114600000000	0.016037905050	0.020269851180	30000
2	9	0.200000000000	0.896000000000	3	0.133280000000	0.147288000000	0.022979156678	0.020683928082	30000
2	9	0.200000000000	0.896000000000	4	0.144856000000	0.120752000000	0.013525464953	0.024233979900	30000
2	9	0.200000000000	0.896000000000	5	0.134936000000	0.132800000000	0.017251014506	0.020798090310	30000
2	10	0.200000000000	1.000000000000	1	0.000000000000	1.000000000000	0.000000000000	0.000000000000	6000
2	10	0.200000000000	1.000000000000	2	0.000000000000	1.000000000000	0.000000000000	0.000000000000	6000
2	10	0.200000000000	1.000000000000	3	0.000000000000	1.000000000000	0.000000000000	0.000000000000	6000
2	10	0.200000000000	1.000000000000	4	0.000000000000	1.000000000000	0.000000000000	0.000000000000	6000
2	10	0.200000000000	1.000000000000	5	0.000000000000	1.000000000000	0.000000000000	0.000000000000	8000
3	0	0.296000000000	0.000000000000	1	0.198760000000	0.000000000000	0.013749598229	0.000000000000	28000
3	0	0.296000000000	0.000000000000	2	0.205304000000	0.000000000000	0.020895554748	0.000000000000	8000
3	0	0.296000000000	0.000000000000	3	0.189848000000	0.000000000000	0.018799423244	0.000000000000	6000
3	0	0.296000000000	0.000000000000	4	0.201456000000	0.000000000000	0.021238341064	0.000000000000	8000
3	0	0.296000000000	0.000000000000	5	0.173496000000	0.000000000000	0.014480458130	0.000000000000	14000
3	1	0.296000000000	0.096000000000	1	0.135640000000	0.142120000000	0.017949277885	0.026536348237	24000
3	1	0.296000000000	0.096000000000	2	0.132416000000	0.129456000000	0.017239842115	0.023190728188	30000
3	1	0.296000000000	0.096000000000	3	0.146496000000	0.139984000000	0.020579249002	0.023496890174	30000
3	1	0.296000000000	0.096000000000	4	0.125152000000	0.132896000000	0.026244421610	0.021793029163	30000
3	1	0.296000000000	0.096000000000	5	0.140296000000	0.119680000000	0.023475934561	0.015904419214	30000
3	2	0.296000000000	0.200000000000	1	0.130376000000	0.119616000000	0.019789144353	0.021696157892	30000
3	2	0.296000000000	0.200000000000	2	0.134152000000	0.117192000000	0.017177192784	0.017188676115	30000
3	2	0.296000000000	0.200000000000	3	0.154184000000	0.129184000000	0.025926633687	0.018510017957	30000
3	2	0.296000000000	0.200000000000	4	0.127272000000	0.165584000000	0.019353670985	0.020595026077	30000
3	2	0.296000000000	0.200000000000	5	0.122904000000	0.138560000000	0.015218619858	0.019172218807	30000
3	3	0.296000000000	0.296000000000	1	0.154792000000	0.117400000000	0.018642969085	0.020056975901	30000
3	3	0.296000000000	0.296000000000	2	0.135816000000	0.130344000000	0.019110084755	0.019578175834	30000
3	3	0.296000000000	0.296000000000	3	0.146368000000	0.110336000000	0.019720382082	0.031080622727	30000
3	3	0.296000000000	0.296000000000	4	0.082536000000	0.151896000000	0.016326029623	0.026672469038	30000
3	3	0.296000000000	0.296000000000	5	0.124888000000	0.143216000000	0.022680693770	0.022216546062	30000
3	4	0.296000000000	0.400000000000	1	0.156144000000	0.140832000000	0.017846729946	0.020864493838	30000
3	4	0.296000000000	0.400000000000	2	0.132912000000	0.128464000000	0.029987789574	0.019333662211	30000
3	4	0.296000000000	0.400000000000	3	0.129352000000	0.125784000000	0.021946793792	0.023662993920	12000
3	4	0.296000000000	0.400000000000	4	0.125656000000	0.115136000000	0.019954143225	0.014300839766	30000
3	4	0.296000000000	0.400000000000	5	0.129640000000	0.125288000000	0.023071772942	0.022833274282	30000
3	5	0.296000000000	0.496000000000	1	0.160456000000	0.132064000000	0.022866458819	0.019186141144	30000
3	5	0.296000000000	0.496000000000	2	0.124872000000	0.143624000000	0.018771253980	0.019403378961	30000
3	5	0.296000000000	0.496000000000	3	0.131520000000	0.132272000000	0.025568248578	0.018820207656	28000
3	5	0.296000000000	0.496000000000	4	0.133712000000	0.112712000000	0.018924354340	0.017416899965	30000
3	5	0.296000000000	0.496000000000	5	0.130592000000	0.137944000000	0.021253640941	0.019732669415	30000
3	6	0.296000000000	0.600000000000	1	0.137952000000	0.144176000000	0.029071684830	0.015328273875	30000
3	6	0.296000000000	0.600000000000	2	0.163016000000	0.124624000000	0.020756265718	0.016762446230	30000
3	6	0.296000000000	0.600000000000	3	0.100232000000	0.167648000000	0.019064249831	0.019904177257	30000
3	6	0.296000000000	0.600000000000	4	0.143944000000	0.140696000000	0.025124093697	0.020236726739	30000
3	6	0.296000000000	0.600000000000	5	0.153048000000	0.129584000000	0.024523929520	0.020943580820	30000
3	7	0.296000000000	0.696000000000	1	0.154216000000	0.123696000000	0.018175028904	0.018597135194	30000
3	7	0.296000000000	0.696000000000	2	0.144024000000	0.121624000000	0.013561981837	0.017388760536	30000
3	7	0.296000000000	0.696000000000	3	0.131848000000	0.137296000000	0.020063784574	0.017738857095	14000
3	7	0.296000000000	0.696000000000	4	0.152024000000	0.145776000000	0.021196242703	0.024569442026	14000
3	7	0.296000000000	0.696000000000	5	0.118712000000	0.119080000000	0.017773715452	0.017961408971	30000
3	8	0.296000000000	0.800000000000	1	0.135856000000	0.130432000000	0.025923180269	0.028673533922	30000
3	8	0.296000000000	0.800000000000	2	0.146248000000	0.111672000000	0.015059524736	0.023536830679	30000
3	8	0.296000000000	0.800000000000	3	0.141136000000	0.145032000000	0.018602783866	0.019994568231	30000
3	8	0.296000000000	0.800000000000	4	0.142416000000	0.138320000000	0.026160721078	0.025409274512	30000
3	8	0.296000000000	0.800000000000	5	0.162448000000	0.112592000000	0.025164111916	0.014755448460	8000
3	9	0.296000000000	0.896000000000	1	0.138672000000	0.138568000000	0.021128815462	0.020048324402	28000
3	9	0.296000000000	0.896000000000	2	0.129512000000	0.124968000000	0.030574117038	0.016142228704	30000
3	9	0.296000000000	0.896000000000	3	0.137616000000	0.144448000000	0.025571751181	0.026552143272	30000
3	9	0.296000000000	0.896000000000	4	0.144808000000	0.113824000000	0.015014278689	0.019339261388	30000
3	9	0.296000000000	0.896000000000	5	0.116744000000	0.157216000000	0.025853488485	0.013712088293	30000
3	10	0.296000000000	1.000000000000	1	0.000000000000	1.000000000000	0.000000000000	0.000000000000	6000
3	10	0.296000000000	1.000000000000	2	0.000000000000	1.000000000000	0.000000000000	0.000000000000	6000
3	10	0.296000000000	1.000000000000	3	0.000000000000	1.000000000000	0.000000000000	0.000000000000	6000
3	10	0.296000000000	1.000000000000	4	0.000000000000	1.000000000000	0.000000000000	0.000000000000	6000
3	10	0.296000000000	1.000000000000	5	0.000000000000	1.000000000000	0.000000000000	0.000000000000	8000
