# scan initial plane
# b 1.174
# r 0
# e -0.4
# N1 125
# N2 125
# P11 0.9
# p12 0.1
# P22 0.9
# T_MCS 1000
# T_MAX 30000
# W 2000
# UPDATE_RULE 0
# FERMI_BETA 1
# DEGREE_ALPHA 0.5
# DEGREE_FACTOR_MIN 0.5
# DEGREE_FACTOR_MAX 2
# ndiv 10
# n_reps 5
# A:(0,1),	A':(0,0.230),	B:(1,0),	B'=(0.230,0),	C:(1,1),	D:(0,0),	E:(0.173,0.173) 
# columns: ix iy x1_0 x2_0 rep x1_inf x2_inf sigma_1 sigma_2 t_relax
8	0	0.800000000000	0.000000000000	1	0.205064000000	0.000000000000	0.016938087342	0.000000000000	14000
8	0	0.800000000000	0.000000000000	2	0.189400000000	0.000000000000	0.018705022798	0.000000000000	16000
8	0	0.800000000000	0.000000000000	3	0.191144000000	0.000000000000	0.017647966305	0.000000000000	18000
8	0	0.800000000000	0.000000000000	4	0.204392000000	0.000000000000	0.015075596493	0.000000000000	6000
8	0	0.800000000000	0.000000000000	5	0.207008000000	0.000000000000	0.016049221586	0.000000000000	12000
8	1	0.800000000000	0.096000000000	1	0.137664000000	0.124840000000	0.028425747609	0.017675939546	24000
8	1	0.800000000000	0.096000000000	2	0.146944000000	0.129136000000	0.024193515457	0.016099462621	8000
8	1	0.800000000000	0.096000000000	3	0.155952000000	0.104584000000	0.019849223856	0.035220951995	30000
8	1	0.800000000000	0.096000000000	4	0.146720000000	0.113112000000	0.017801305752	0.018732922313	30000
8	1	0.800000000000	0.096000000000	5	0.117544000000	0.159880000000	0.021180762231	0.022386575414	20000
8	2	0.800000000000	0.200000000000	1	0.130992000000	0.125536000000	0.022672847064	0.026421862516	6000
8	2	0.800000000000	0.200000000000	2	0.136264000000	0.132368000000	0.030660567092	0.032306722215	30000
8	2	0.800000000000	0.200000000000	3	0.138480000000	0.145704000000	0.024565770435	0.023553580517	30000
8	2	0.800000000000	0.200000000000	4	0.118120000000	0.142824000000	0.020415346835	0.024178702067	30000
8	2	0.800000000000	0.200000000000	5	0.156856000000	0.124072000000	0.024699257424	0.025814515397	30000
8	3	0.800000000000	0.296000000000	1	0.149456000000	0.130728000000	0.018563207068	0.025233206905	30000
8	3	0.800000000000	0.296000000000	2	0.144584000000	0.116264000000	0.018000415522	0.021964989523	30000
8	3	0.800000000000	0.296000000000	3	0.127232000000	0.125840000000	0.032214281552	0.033374964993	30000
8	3	0.800000000000	0.296000000000	4	0.128928000000	0.149984000000	0.026803903918	0.024493420988	30000
8	3	0.800000000000	0.296000000000	5	0.115400000000	0.146304000000	0.026894373153	0.014149338776	30000
8	4	0.800000000000	0.400000000000	1	0.132896000000	0.157200000000	0.027946989430	0.015151685503	24000
8	4	0.800000000000	0.400000000000	2	0.148224000000	0.120648000000	0.032246513946	0.029826527081	30000
8	4	0.800000000000	0.400000000000	3	0.147720000000	0.115448000000	0.021918074779	0.016669167860	30000
8	4	0.800000000000	0.400000000000	4	0.141720000000	0.139336000000	0.025826742354	0.019198116357	12000
8	4	0.800000000000	0.400000000000	5	0.113496000000	0.153392000000	0.028334657874	0.024200330411	30000
8	5	0.800000000000	0.496000000000	1	0.130128000000	0.117416000000	0.019483203310	0.015595838361	30000
8	5	0.800000000000	0.496000000000	2	0.159128000000	0.121440000000	0.022384205786	0.024855747991	30000
8	5	0.800000000000	0.496000000000	3	0.153760000000	0.121336000000	0.021011994287	0.019144649948	30000
8	5	0.800000000000	0.496000000000	4	0.178592000000	0.118200000000	0.020861177453	0.024277837906	30000
8	5	0.800000000000	0.496000000000	5	0.151720000000	0.122232000000	0.020649358247	0.022578041189	30000
8	6	0.800000000000	0.600000000000	1	0.160384000000	0.092048000000	0.034269562982	0.037511342242	30000
8	6	0.800000000000	0.600000000000	2	0.115824000000	0.144432000000	0.017640641038	0.020595474006	30000
8	6	0.800000000000	0.600000000000	3	0.142464000000	0.128664000000	0.019633700267	0.028404751960	30000
8	6	0.800000000000	0.600000000000	4	0.142640000000	0.134360000000	0.019426986586	0.018687204489	30000
8	6	0.800000000000	0.600000000000	5	0.135312000000	0.154152000000	0.025983567919	0.021897406065	30000
8	7	0.800000000000	0.696000000000	1	0.139552000000	0.155456000000	0.030707494952	0.021571309311	30000
8	7	0.800000000000	0.696000000000	2	0.137864000000	0.151216000000	0.017841407451	0.020475854185	30000
8	7	0.800000000000	0.696000000000	3	0.130824000000	0.130280000000	0.023366193593	0.017524517360	30000
8	7	0.800000000000	0.696000000000	4	0.119816000000	0.125344000000	0.025775463498	0.029180904530	30000
8	7	0.800000000000	0.696000000000	5	0.145216000000	0.121384000000	0.026450651806	0.023669490674	30000
8	8	0.800000000000	0.800000000000	1	0.154416000000	0.093192000000	0.021376526844	0.022972742172	30000
8	8	0.800000000000	0.800000000000	2	0.137216000000	0.152784000000	0.021074854531	0.018833056789	30000
8	8	0.800000000000	0.800000000000	3	0.123216000000	0.151136000000	0.021635096982	0.019389416016	30000
8	8	0.800000000000	0.800000000000	4	0.135120000000	0.132640000000	0.022632937278	0.020415072255	30000
8	8	0.800000000000	0.800000000000	5	0.134920000000	0.122152000000	0.021644539406	0.021528594389	30000
8	9	0.800000000000	0.896000000000	1	0.152640000000	0.121456000000	0.034145868569	0.023243156161	30000
8	9	0.800000000000	0.896000000000	2	0.145904000000	0.133584000000	0.019558868406	0.018908423321	30000
8	9	0.800000000000	0.896000000000	3	0.159536000000	0.134280000000	0.028472924181	0.020017649870	30000
8	9	0.800000000000	0.896000000000	4	0.129368000000	0.129224000000	0.017181145706	0.025617300210	30000
8	9	0.800000000000	0.896000000000	5	0.151640000000	0.130160000000	0.021035419865	0.024744022847	30000
8	10	0.800000000000	1.000000000000	1	0.000000000000	1.000000000000	0.000000000000	0.000000000000	8000
8	10	0.800000000000	1.000000000000	2	0.000000000000	1.000000000000	0.000000000000	0.000000000000	6000
8	10	0.800000000000	1.000000000000	3	0.000000000000	1.000000000000	0.000000000000	0.000000000000	6000
8	10	0.800000000000	1.000000000000	4	0.000000000000	1.000000000000	0.000000000000	0.000000000000	10000
8	10	0.800000000000	1.000000000000	5	0.000000000000	1.000000000000	0.000000000000	0.000000000000	6000
9	0	0.896000000000	0.000000000000	1	0.193368000000	0.000000000000	0.020178596377	0.000000000000	22000
9	0	0.896000000000	0.000000000000	2	0.196848000000	0.000000000000	0.016208380783	0.000000000000	18000
9	0	0.896000000000	0.000000000000	3	0.185672000000	0.000000000000	0.016791854644	0.000000000000	12000
9	0	0.896000000000	0.000000000000	4	0.203472000000	0.000000000000	0.018595564283	0.000000000000	10000
9	0	0.896000000000	0.000000000000	5	0.191416000000	0.000000000000	0.013539951044	0.000000000000	12000
9	1	0.896000000000	0.096000000000	1	0.146544000000	0.122672000000	0.017945531647	0.015904507832	30000
9	1	0.896000000000	0.096000000000	2	0.126616000000	0.147064000000	0.026236861796	0.022967878166	30000
9	1	0.896000000000	0.096000000000	3	0.084720000000	0.154488000000	0.021705315495	0.021405701578	30000
9	1	0.896000000000	0.096000000000	4	0.152096000000	0.112632000000	0.017764299996	0.015476436802	30000
9	1	0.896000000000	0.096000000000	5	0.126152000000	0.120536000000	0.023463662106	0.023300463850	30000
9	2	0.896000000000	0.200000000000	1	0.155512000000	0.106528000000	0.016392149296	0.020321569383	10000
9	2	0.896000000000	0.200000000000	2	0.160720000000	0.133000000000	0.021837730800	0.025980819906	30000
9	2	0.896000000000	0.200000000000	3	0.147256000000	0.092496000000	0.013543924908	0.022579455614	30000
9	2	0.896000000000	0.200000000000	4	0.115608000000	0.132640000000	0.021989312537	0.024297917376	30000
9	2	0.896000000000	0.200000000000	5	0.144808000000	0.130800000000	0.021941480455	0.021951260963	30000
9	3	0.896000000000	0.296000000000	1	0.120696000000	0.154304000000	0.025348098747	0.014551127768	30000
9	3	0.896000000000	0.296000000000	2	0.134008000000	0.135616000000	0.017924319156	0.024035603888	30000
9	3	0.896000000000	0.296000000000	3	0.133192000000	0.144856000000	0.018405376766	0.015874484661	30000
9	3	0.896000000000	0.296000000000	4	0.144176000000	0.127192000000	0.016807483914	0.022144921168	30000
9	3	0.896000000000	0.296000000000	5	0.137352000000	0.159088000000	0.025414995928	0.019692131323	30000
9	4	0.896000000000	0.400000000000	1	0.125416000000	0.143792000000	0.018203909644	0.023403086131	30000
9	4	0.896000000000	0.400000000000	2	0.167464000000	0.126120000000	0.022274309167	0.030349607884	30000
9	4	0.896000000000	0.400000000000	3	0.114344000000	0.124992000000	0.019284749559	0.016482463639	30000
9	4	0.896000000000	0.400000000000	4	0.146096000000	0.128704000000	0.025365689468	0.029432816289	30000
9	4	0.896000000000	0.400000000000	5	0.141248000000	0.131696000000	0.027447620441	0.020982942307	30000
9	5	0.896000000000	0.496000000000	1	0.142832000000	0.146768000000	0.023696018173	0.013094030305	30000
9	5	0.896000000000	0.496000000000	2	0.124336000000	0.138192000000	0.021735306014	0.028672796607	30000
9	5	0.896000000000	0.496000000000	3	0.149160000000	0.108880000000	0.016649432531	0.028286989125	30000
9	5	0.896000000000	0.496000000000	4	0.151552000000	0.132952000000	0.027446686806	0.030897772871	30000
9	5	0.896000000000	0.496000000000	5	0.145008000000	0.129056000000	0.025331277299	0.024042106540	30000
9	6	0.896000000000	0.600000000000	1	0.144968000000	0.125840000000	0.029393723258	0.019870410998	30000
9	6	0.896000000000	0.600000000000	2	0.140072000000	0.117648000000	0.022779677999	0.025386148833	30000
9	6	0.896000000000	0.600000000000	3	0.149848000000	0.134872000000	0.021474963797	0.024106695102	30000
9	6	0.896000000000	0.600000000000	4	0.136472000000	0.118248000000	0.018201882445	0.021328886924	30000
9	6	0.896000000000	0.600000000000	5	0.144688000000	0.141000000000	0.028531328267	0.020746238368	30000
9	7	0.896000000000	0.696000000000	1	0.132496000000	0.129744000000	0.021744028762	0.022800138384	30000
9	7	0.896000000000	0.696000000000	2	0.128624000000	0.162936000000	0.012185857340	0.023644089049	30000
9	7	0.896000000000	0.696000000000	3	0.140112000000	0.149288000000	0.015891129097	0.013578712658	30000
9	7	0.896000000000	0.696000000000	4	0.127848000000	0.143080000000	0.017182786274	0.030885263468	30000
9	7	0.896000000000	0.696000000000	5	0.134568000000	0.139752000000	0.023763882219	0.018379671061	12000
9	8	0.896000000000	0.800000000000	1	0.122304000000	0.147120000000	0.020508148824	0.020201031698	30000
9	8	0.896000000000	0.800000000000	2	0.141232000000	0.127968000000	0.038487757579	0.028302933276	30000
9	8	0.896000000000	0.800000000000	3	0.122128000000	0.152176000000	0.014480929297	0.018415323732	30000
9	8	0.896000000000	0.800000000000	4	0.153984000000	0.115056000000	0.027941303843	0.016971649917	30000
9	8	0.896000000000	0.800000000000	5	0.158800000000	0.135160000000	0.037689846438	0.034523126253	30000
9	9	0.896000000000	0.896000000000	1	0.129808000000	0.145496000000	0.020731640961	0.015741721182	30000
9	9	0.896000000000	0.896000000000	2	0.158776000000	0.125424000000	0.022587164585	0.029612989602	30000
9	9	0.896000000000	0.896000000000	3	0.140704000000	0.129296000000	0.025946128528	0.018488650957	30000
9	9	0.896000000000	0.896000000000	4	0.132760000000	0.144536000000	0.022260591500	0.022833880312	30000
9	9	0.896000000000	0.896000000000	5	0.135096000000	0.148304000000	0.026867986018	0.025087865294	30000
9	10	0.896000000000	1.000000000000	1	0.000000000000	1.000000000000	0.000000000000	0.000000000000	12000
9	10	0.896000000000	1.000000000000	2	0.000000000000	1.000000000000	0.000000000000	0.000000000000	8000
9	10	0.896000000000	1.000000000000	3	0.000000000000	1.000000000000	0.000000000000	0.000000000000	8000
9	10	0.896000000000	1.000000000000	4	0.000000000000	1.000000000000	0.000000000000	0.000000000000	6000
9	10	0.896000000000	1.000000000000	5	0.000000000000	1.000000000000	0.000000000000	0.000000000000	6000
