# scan initial plane
# b 1.174
# r 0
# e -0.4
# N1 125
# N2 125
# P11 0.9
# p12 0.1
# P22 0.9
# T_MCS 1000
# T_MAX 30000
# W 2000
# UPDATE_RULE 0
# FERMI_BETA 1
# DEGREE_ALPHA 0.5
# DEGREE_FACTOR_MIN 0.5
# DEGREE_FACTOR_MAX 2
# ndiv 10
# n_reps 5
# A:(0,1),	A':(0,0.230),	B:(1,0),	B'=(0.230,0),	C:(1,1),	D:(0,0),	E:(0.173,0.173) 
# columns: ix iy x1_0 x2_0 rep x1_inf x2_inf sigma_1 sigma_2 t_relax
6	0	0.600000000000	0.000000000000	1	0.183072000000	0.000000000000	0.020457304742	0.000000000000	30000
6	0	0.600000000000	0.000000000000	2	0.196552000000	0.000000000000	0.020685724430	0.000000000000	8000
6	0	0.600000000000	0.000000000000	3	0.198344000000	0.000000000000	0.019069276371	0.000000000000	26000
6	0	0.600000000000	0.000000000000	4	0.212808000000	0.000000000000	0.023700228624	0.000000000000	12000
6	0	0.600000000000	0.000000000000	5	0.183440000000	0.000000000000	0.019941214909	0.000000000000	18000
6	1	0.600000000000	0.096000000000	1	0.117280000000	0.140744000000	0.014206598024	0.016252957350	30000
6	1	0.600000000000	0.096000000000	2	0.161216000000	0.102824000000	0.016656974479	0.025127204389	30000
6	1	0.600000000000	0.096000000000	3	0.148728000000	0.137968000000	0.018994494118	0.024154967159	30000
6	1	0.600000000000	0.096000000000	4	0.093200000000	0.157264000000	0.029529781713	0.025375385991	30000
6	1	0.600000000000	0.096000000000	5	0.135152000000	0.139128000000	0.022483647622	0.020042188137	30000
6	2	0.600000000000	0.200000000000	1	0.133776000000	0.152872000000	0.017762244265	0.021181318756	30000
6	2	0.600000000000	0.200000000000	2	0.140672000000	0.143264000000	0.016836861225	0.023279868046	30000
6	2	0.600000000000	0.200000000000	3	0.139240000000	0.145944000000	0.021671457082	0.026611295065	30000
6	2	0.600000000000	0.200000000000	4	0.122552000000	0.137584000000	0.023122065780	0.017653855177	28000
6	2	0.600000000000	0.200000000000	5	0.172168000000	0.081760000000	0.022281567365	0.037019357542	30000
6	3	0.600000000000	0.296000000000	1	0.149184000000	0.116064000000	0.025439758751	0.027048244148	30000
6	3	0.600000000000	0.296000000000	2	0.128576000000	0.155168000000	0.023347576605	0.017527092599	30000
6	3	0.600000000000	0.296000000000	3	0.159376000000	0.101320000000	0.022889092043	0.025311860664	30000
6	3	0.600000000000	0.296000000000	4	0.126048000000	0.139720000000	0.019840346150	0.030449709108	30000
6	3	0.600000000000	0.296000000000	5	0.124096000000	0.132424000000	0.018944066661	0.022744879722	30000
6	4	0.600000000000	0.400000000000	1	0.125000000000	0.145576000000	0.019471906819	0.022362833459	30000
6	4	0.600000000000	0.400000000000	2	0.146928000000	0.128968000000	0.020016480097	0.020268245553	24000
6	4	0.600000000000	0.400000000000	3	0.112248000000	0.140320000000	0.021989953480	0.017801305752	30000
6	4	0.600000000000	0.400000000000	4	0.094680000000	0.154096000000	0.024224211286	0.024360792931	30000
6	4	0.600000000000	0.400000000000	5	0.136504000000	0.132416000000	0.019383955265	0.026627353604	30000
6	5	0.600000000000	0.496000000000	1	0.137600000000	0.135576000000	0.027116919577	0.017013338229	14000
6	5	0.600000000000	0.496000000000	2	0.133248000000	0.115344000000	0.020047853062	0.019027446169	30000
6	5	0.600000000000	0.496000000000	3	0.139592000000	0.132936000000	0.019467010569	0.017754298610	30000
6	5	0.600000000000	0.496000000000	4	0.149832000000	0.119216000000	0.016363359543	0.012097425003	30000
6	5	0.600000000000	0.496000000000	5	0.131728000000	0.122704000000	0.034775384158	0.033037976510	30000
6	6	0.600000000000	0.600000000000	1	0.130936000000	0.149424000000	0.026449943355	0.030377607263	30000
6	6	0.600000000000	0.600000000000	2	0.145856000000	0.118304000000	0.022630497197	0.023693817358	30000
6	6	0.600000000000	0.600000000000	3	0.118288000000	0.136432000000	0.016325427271	0.015743863733	30000
6	6	0.600000000000	0.600000000000	4	0.122704000000	0.115840000000	0.029930857660	0.020636672994	30000
6	6	0.600000000000	0.600000000000	5	0.138648000000	0.130664000000	0.020707701584	0.015956118002	30000
6	7	0.600000000000	0.696000000000	1	0.144504000000	0.134720000000	0.017552380752	0.031469476130	30000
6	7	0.600000000000	0.696000000000	2	0.153472000000	0.123184000000	0.022230596380	0.021963071746	30000
6	7	0.600000000000	0.696000000000	3	0.143480000000	0.110800000000	0.023484316322	0.019007611351	30000
6	7	0.600000000000	0.696000000000	4	0.144544000000	0.146520000000	0.025791495987	0.027712552852	30000
6	7	0.600000000000	0.696000000000	5	0.127136000000	0.125664000000	0.035513190376	0.027762165655	18000
6	8	0.600000000000	0.800000000000	1	0.113768000000	0.143744000000	0.015106501328	0.014533330027	30000
6	8	0.600000000000	0.800000000000	2	0.138920000000	0.123832000000	0.022111592492	0.023702607232	30000
6	8	0.600000000000	0.800000000000	3	0.144184000000	0.126256000000	0.020894083055	0.029498281520	30000
6	8	0.600000000000	0.800000000000	4	0.143704000000	0.128552000000	0.021103310966	0.023170502113	24000
6	8	0.600000000000	0.800000000000	5	0.117840000000	0.135192000000	0.023742495785	0.031644470425	30000
6	9	0.600000000000	0.896000000000	1	0.163336000000	0.112392000000	0.016780008125	0.020274945361	30000
6	9	0.600000000000	0.896000000000	2	0.154456000000	0.119112000000	0.026295008870	0.021472040064	30000
6	9	0.600000000000	0.896000000000	3	0.171856000000	0.124880000000	0.021625145338	0.026495426164	28000
6	9	0.600000000000	0.896000000000	4	0.132280000000	0.109144000000	0.021274355412	0.017199391939	30000
6	9	0.600000000000	0.896000000000	5	0.156160000000	0.107376000000	0.015610063231	0.019058800116	30000
6	10	0.600000000000	1.000000000000	1	0.000000000000	1.000000000000	0.000000000000	0.000000000000	6000
6	10	0.600000000000	1.000000000000	2	0.000000000000	1.000000000000	0.000000000000	0.000000000000	6000
6	10	0.600000000000	1.000000000000	3	0.000000000000	1.000000000000	0.000000000000	0.000000000000	6000
6	10	0.600000000000	1.000000000000	4	0.000000000000	1.000000000000	0.000000000000	0.000000000000	6000
6	10	0.600000000000	1.000000000000	5	0.000000000000	1.000000000000	0.000000000000	0.000000000000	10000
7	0	0.696000000000	0.000000000000	1	0.189504000000	0.000000000000	0.020774444916	0.000000000000	10000
7	0	0.696000000000	0.000000000000	2	0.186048000000	0.000000000000	0.020444649170	0.000000000000	12000
7	0	0.696000000000	0.000000000000	3	0.196016000000	0.000000000000	0.018994961241	0.000000000000	12000
7	0	0.696000000000	0.000000000000	4	0.197336000000	0.000000000000	0.019566654235	0.000000000000	12000
7	0	0.696000000000	0.000000000000	5	0.191408000000	0.000000000000	0.013560878785	0.000000000000	8000
7	1	0.696000000000	0.096000000000	1	0.144296000000	0.127936000000	0.026950597743	0.019162753328	30000
7	1	0.696000000000	0.096000000000	2	0.124856000000	0.125928000000	0.018026875276	0.019797443137	30000
7	1	0.696000000000	0.096000000000	3	0.140416000000	0.114608000000	0.017365728102	0.024529003404	30000
7	1	0.696000000000	0.096000000000	4	0.127976000000	0.136768000000	0.020247107679	0.019350468124	30000
7	1	0.696000000000	0.096000000000	5	0.110240000000	0.147448000000	0.029028831755	0.020110985748	30000
7	2	0.696000000000	0.200000000000	1	0.142856000000	0.136016000000	0.024805373824	0.027654955081	30000
7	2	0.696000000000	0.200000000000	2	0.144944000000	0.138128000000	0.024372256171	0.023858433327	30000
7	2	0.696000000000	0.200000000000	3	0.118656000000	0.145384000000	0.019839235350	0.017482968804	30000
7	2	0.696000000000	0.200000000000	4	0.130040000000	0.133712000000	0.027666511089	0.019920488997	30000
7	2	0.696000000000	0.200000000000	5	0.154696000000	0.120920000000	0.021737067053	0.015324635214	30000
7	3	0.696000000000	0.296000000000	1	0.134824000000	0.138168000000	0.024043192365	0.020499561166	26000
7	3	0.696000000000	0.296000000000	2	0.137104000000	0.149240000000	0.015881353891	0.020643462707	30000
7	3	0.696000000000	0.296000000000	3	0.134832000000	0.134552000000	0.021632562117	0.017226725053	14000
7	3	0.696000000000	0.296000000000	4	0.158416000000	0.137928000000	0.017112094196	0.015921567521	30000
7	3	0.696000000000	0.296000000000	5	0.149912000000	0.112704000000	0.023289969486	0.024534920957	30000
7	4	0.696000000000	0.400000000000	1	0.173240000000	0.117672000000	0.023548607962	0.015072876554	30000
7	4	0.696000000000	0.400000000000	2	0.139224000000	0.140216000000	0.028407548518	0.018428808018	30000
7	4	0.696000000000	0.400000000000	3	0.126760000000	0.129152000000	0.026261150928	0.016780300190	30000
7	4	0.696000000000	0.400000000000	4	0.154552000000	0.119928000000	0.026484953252	0.013791338478	30000
7	4	0.696000000000	0.400000000000	5	0.167904000000	0.114632000000	0.023840451991	0.017966729791	30000
7	5	0.696000000000	0.496000000000	1	0.144648000000	0.114664000000	0.018210538699	0.019881709846	30000
7	5	0.696000000000	0.496000000000	2	0.159848000000	0.133216000000	0.019422928362	0.026679751745	26000
7	5	0.696000000000	0.496000000000	3	0.157896000000	0.121352000000	0.020137395529	0.021732657555	16000
7	5	0.696000000000	0.496000000000	4	0.120088000000	0.145552000000	0.026448209084	0.016372762851	30000
7	5	0.696000000000	0.496000000000	5	0.142952000000	0.140280000000	0.017322406350	0.021985198406	30000
7	6	0.696000000000	0.600000000000	1	0.132936000000	0.132544000000	0.023638669393	0.025761671680	30000
7	6	0.696000000000	0.600000000000	2	0.143976000000	0.132656000000	0.019000011169	0.020916767799	30000
7	6	0.696000000000	0.600000000000	3	0.148360000000	0.114104000000	0.019664411740	0.019683714909	30000
7	6	0.696000000000	0.600000000000	4	0.163816000000	0.105112000000	0.021257328572	0.017399603507	30000
7	6	0.696000000000	0.600000000000	5	0.134120000000	0.171192000000	0.021693321558	0.025667527305	30000
7	7	0.696000000000	0.696000000000	1	0.126768000000	0.136344000000	0.018579434097	0.021588787361	30000
7	7	0.696000000000	0.696000000000	2	0.122392000000	0.145432000000	0.023990120089	0.015447848135	30000
7	7	0.696000000000	0.696000000000	3	0.130088000000	0.137328000000	0.016517902321	0.027627661930	30000
7	7	0.696000000000	0.696000000000	4	0.207720000000	0.000000000000	0.016952196819	0.000000000000	26000
7	7	0.696000000000	0.696000000000	5	0.153400000000	0.138792000000	0.021617291859	0.019121358800	30000
7	8	0.696000000000	0.800000000000	1	0.126336000000	0.143128000000	0.021762552992	0.014480652793	30000
7	8	0.696000000000	0.800000000000	2	0.156360000000	0.099600000000	0.023131395580	0.033033849840	30000
7	8	0.696000000000	0.800000000000	3	0.134112000000	0.127864000000	0.023355104729	0.018235625628	30000
7	8	0.696000000000	0.800000000000	4	0.129240000000	0.129760000000	0.022982745846	0.021133599528	30000
7	8	0.696000000000	0.800000000000	5	0.131032000000	0.127416000000	0.016355135783	0.025464394345	30000
7	9	0.696000000000	0.896000000000	1	0.130960000000	0.130512000000	0.015497825092	0.022725454942	30000
7	9	0.696000000000	0.896000000000	2	0.139048000000	0.130864000000	0.029608146486	0.019608722702	30000
7	9	0.696000000000	0.896000000000	3	0.118216000000	0.144968000000	0.026470474685	0.017422931284	30000
7	9	0.696000000000	0.896000000000	4	0.136360000000	0.148136000000	0.022856964821	0.019663981697	28000
7	9	0.696000000000	0.896000000000	5	0.138520000000	0.121856000000	0.015164945617	0.017148333136	6000
7	10	0.696000000000	1.000000000000	1	0.000000000000	1.000000000000	0.000000000000	0.000000000000	6000
7	10	0.696000000000	1.000000000000	2	0.000000000000	1.000000000000	0.000000000000	0.000000000000	6000
7	10	0.696000000000	1.000000000000	3	0.000000000000	1.000000000000	0.000000000000	0.000000000000	8000
7	10	0.696000000000	1.000000000000	4	0.011488000000	1.000000000000	0.009048078455	0.000000000000	6000
7	10	0.696000000000	1.000000000000	5	0.000000000000	1.000000000000	0.000000000000	0.000000000000	14000
