# scan initial plane
# b 1.15
# r 0
# e -0.4
# p12 0.2
# ndiv 8
# n_reps 3
# A:(0,1),	A':(0,0.533),	B:(1,0),	B'=(0.533,0),	C:(1,1),	D:(0,0),	E:(0.308,0.308) 
# columns: ix iy x1_0 x2_0 rep x1_inf x2_inf sigma_1 sigma_2 t_relax
3	0	0.374000000000	0.000000000000	1	0.676944000000	0.000000000000	0.012252141812	0.000000000000	18000
3	0	0.374000000000	0.000000000000	2	0.672120000000	0.000000000000	0.011901228476	0.000000000000	38000
3	0	0.374000000000	0.000000000000	3	0.658516000000	0.000000000000	0.012663574144	0.000000000000	12000
3	1	0.374000000000	0.124000000000	1	0.539106000000	0.131836000000	0.021479528257	0.017786778052	4000
3	1	0.374000000000	0.124000000000	2	0.404822000000	0.277462000000	0.018626305464	0.016824197146	190000
3	1	0.374000000000	0.124000000000	3	0.471498000000	0.207640000000	0.018470656760	0.012776605247	108000
3	2	0.374000000000	0.250000000000	1	0.663454000000	0.000000000000	0.009489569850	0.000000000000	164000
3	2	0.374000000000	0.250000000000	2	0.358856000000	0.315004000000	0.018685620579	0.020063163123	334000
3	2	0.374000000000	0.250000000000	3	0.511374000000	0.168786000000	0.014347751809	0.019005562749	112000
3	3	0.374000000000	0.374000000000	1	0.686726000000	0.000000000000	0.009446171402	0.000000000000	184000
3	3	0.374000000000	0.374000000000	2	0.000000000000	0.667754000000	0.000000000000	0.009169709241	42000
3	3	0.374000000000	0.374000000000	3	0.537712000000	0.137634000000	0.020022136298	0.017294193625	34000
3	4	0.374000000000	0.500000000000	1	0.367752000000	0.301484000000	0.018102878506	0.016576384422	10000
3	4	0.374000000000	0.500000000000	2	0.489454000000	0.195224000000	0.024431430142	0.024511193823	238000
3	4	0.374000000000	0.500000000000	3	0.535286000000	0.135520000000	0.014891203845	0.010305911498	400000
3	5	0.374000000000	0.624000000000	1	0.339966000000	0.338714000000	0.015059802178	0.010116746145	150000
3	5	0.374000000000	0.624000000000	2	0.484578000000	0.209584000000	0.022966178641	0.023602373101	160000
3	5	0.374000000000	0.624000000000	3	0.375334000000	0.302300000000	0.014191047524	0.013565176520	272000
3	6	0.374000000000	0.750000000000	1	0.372830000000	0.311068000000	0.031614341153	0.032170146010	78000
3	6	0.374000000000	0.750000000000	2	0.490252000000	0.206514000000	0.023509853449	0.025137137460	400000
3	6	0.374000000000	0.750000000000	3	0.377078000000	0.303484000000	0.013387648978	0.015114833846	58000
3	7	0.374000000000	0.874000000000	1	0.304048000000	0.382168000000	0.011956113275	0.011875049170	356000
3	7	0.374000000000	0.874000000000	2	0.000000000000	0.683856000000	0.000000000000	0.013830493359	88000
3	7	0.374000000000	0.874000000000	3	0.397102000000	0.287146000000	0.045996448442	0.042440120733	224000
3	8	0.374000000000	1.000000000000	1	0.000000000000	1.000000000000	0.000000000000	0.000000000000	6000
3	8	0.374000000000	1.000000000000	2	0.000000000000	1.000000000000	0.000000000000	0.000000000000	6000
3	8	0.374000000000	1.000000000000	3	0.000000000000	1.000000000000	0.000000000000	0.000000000000	6000
