# scan initial plane
# b 1.1
# r 0
# e -0.4
# p12 0.2
# ndiv 8
# n_reps 3
# A:(0,1),	A':(0,0.800),	B:(1,0),	B'=(0.800,0),	C:(1,1),	D:(0,0),	E:(0.429,0.429) 
# columns: ix iy x1_0 x2_0 rep x1_inf x2_inf sigma_1 sigma_2 t_relax
1	0	0.124000000000	0.000000000000	1	0.931332000000	0.000000000000	0.011626217998	0.000000000000	14000
1	0	0.124000000000	0.000000000000	2	0.951544000000	0.000000000000	0.006043557610	0.000000000000	10000
1	0	0.124000000000	0.000000000000	3	1.000000000000	0.000000000000	0.000000000000	0.000000000000	18000
1	1	0.124000000000	0.124000000000	1	1.000000000000	0.000000000000	0.000000000000	0.000000000000	12000
1	1	0.124000000000	0.124000000000	2	1.000000000000	0.000000000000	0.000000000000	0.000000000000	20000
1	1	0.124000000000	0.124000000000	3	1.000000000000	0.000000000000	0.000000000000	0.000000000000	22000
1	2	0.124000000000	0.250000000000	1	0.000000000000	0.942742000000	0.000000000000	0.007193968946	22000
1	2	0.124000000000	0.250000000000	2	0.000000000000	0.956608000000	0.000000000000	0.010557546959	24000
1	2	0.124000000000	0.250000000000	3	0.000000000000	0.944420000000	0.000000000000	0.008863304020	8000
1	3	0.124000000000	0.374000000000	1	0.000000000000	1.000000000000	0.000000000000	0.000000000000	20000
1	3	0.124000000000	0.374000000000	2	0.000000000000	1.000000000000	0.000000000000	0.000000000000	16000
1	3	0.124000000000	0.374000000000	3	0.000000000000	1.000000000000	0.000000000000	0.000000000000	54000
1	4	0.124000000000	0.500000000000	1	0.000000000000	1.000000000000	0.000000000000	0.000000000000	24000
1	4	0.124000000000	0.500000000000	2	0.000000000000	1.000000000000	0.000000000000	0.000000000000	58000
1	4	0.124000000000	0.500000000000	3	0.000000000000	1.000000000000	0.000000000000	0.000000000000	20000
1	5	0.124000000000	0.624000000000	1	0.000000000000	0.966296000000	0.000000000000	0.011628568597	38000
1	5	0.124000000000	0.624000000000	2	0.000000000000	0.957174000000	0.000000000000	0.005016262243	10000
1	5	0.124000000000	0.624000000000	3	0.000000000000	1.000000000000	0.000000000000	0.000000000000	26000
1	6	0.124000000000	0.750000000000	1	0.000000000000	0.947994000000	0.000000000000	0.012137515532	10000
1	6	0.124000000000	0.750000000000	2	0.000000000000	1.000000000000	0.000000000000	0.000000000000	12000
1	6	0.124000000000	0.750000000000	3	0.000000000000	1.000000000000	0.000000000000	0.000000000000	10000
1	7	0.124000000000	0.874000000000	1	0.000000000000	1.000000000000	0.000000000000	0.000000000000	42000
1	7	0.124000000000	0.874000000000	2	0.000000000000	1.000000000000	0.000000000000	0.000000000000	18000
1	7	0.124000000000	0.874000000000	3	0.000000000000	0.968948000000	0.000000000000	0.007498634911	10000
1	8	0.124000000000	1.000000000000	1	0.000000000000	1.000000000000	0.000000000000	0.000000000000	6000
1	8	0.124000000000	1.000000000000	2	0.000000000000	1.000000000000	0.000000000000	0.000000000000	6000
1	8	0.124000000000	1.000000000000	3	0.000000000000	1.000000000000	0.000000000000	0.000000000000	6000
