# scan initial plane
# b 1.06
# r 0
# e -0.4
# p12 0.02
# ndiv 8
# n_reps 3
# A:(0,1),	A':(0,0.400),	B:(1,0),	B'=(0.044,0),	C:(1,1),	D:(0,0),	E:(0.025,0.389) 
# columns: ix iy x1_0 x2_0 rep x1_inf x2_inf sigma_1 sigma_2 t_relax
0	0	0.000000000000	0.000000000000	1	0.000000000000	0.000000000000	0.000000000000	0.000000000000	4000
0	0	0.000000000000	0.000000000000	2	0.000000000000	0.000000000000	0.000000000000	0.000000000000	4000
0	0	0.000000000000	0.000000000000	3	0.000000000000	0.000000000000	0.000000000000	0.000000000000	4000
0	1	0.000000000000	0.125000000000	1	0.000000000000	0.353275000000	0.000000000000	0.014533085893	6000
0	1	0.000000000000	0.125000000000	2	0.000000000000	0.350355000000	0.000000000000	0.022463383062	12000
0	1	0.000000000000	0.125000000000	3	0.000000000000	0.337725000000	0.000000000000	0.016509753086	10000
0	2	0.000000000000	0.250000000000	1	0.000000000000	0.379560000000	0.000000000000	0.025108501286	12000
0	2	0.000000000000	0.250000000000	2	0.000000000000	0.337240000000	0.000000000000	0.019182031966	25000
0	2	0.000000000000	0.250000000000	3	0.000000000000	0.363755000000	0.000000000000	0.024081214253	10000
0	3	0.000000000000	0.375000000000	1	0.000000000000	0.343460000000	0.000000000000	0.028515636790	14000
0	3	0.000000000000	0.375000000000	2	0.000000000000	0.347155000000	0.000000000000	0.019392189975	6000
0	3	0.000000000000	0.375000000000	3	0.000000000000	0.346960000000	0.000000000000	0.020927167662	25000
0	4	0.000000000000	0.500000000000	1	0.000000000000	0.328830000000	0.000000000000	0.018941749916	10000
0	4	0.000000000000	0.500000000000	2	0.000000000000	0.326415000000	0.000000000000	0.025150652682	12000
0	4	0.000000000000	0.500000000000	3	0.000000000000	0.360750000000	0.000000000000	0.023362005121	25000
0	5	0.000000000000	0.625000000000	1	0.000000000000	0.326880000000	0.000000000000	0.018031659401	25000
0	5	0.000000000000	0.625000000000	2	0.000000000000	0.373600000000	0.000000000000	0.028283209506	12000
0	5	0.000000000000	0.625000000000	3	0.000000000000	0.337810000000	0.000000000000	0.016683292008	16000
0	6	0.000000000000	0.750000000000	1	0.000000000000	0.337985000000	0.000000000000	0.016818074284	18000
0	6	0.000000000000	0.750000000000	2	0.000000000000	0.336905000000	0.000000000000	0.015806511975	18000
0	6	0.000000000000	0.750000000000	3	0.000000000000	0.323145000000	0.000000000000	0.019542668469	8000
0	7	0.000000000000	0.875000000000	1	0.000000000000	0.358970000000	0.000000000000	0.029743466069	25000
0	7	0.000000000000	0.875000000000	2	0.000000000000	0.342520000000	0.000000000000	0.024499996936	25000
0	7	0.000000000000	0.875000000000	3	0.000000000000	0.319705000000	0.000000000000	0.022110559736	8000
0	8	0.000000000000	1.000000000000	1	0.000000000000	1.000000000000	0.000000000000	0.000000000000	4000
0	8	0.000000000000	1.000000000000	2	0.000000000000	1.000000000000	0.000000000000	0.000000000000	4000
0	8	0.000000000000	1.000000000000	3	0.000000000000	1.000000000000	0.000000000000	0.000000000000	4000
