# scan initial plane
# b 1.15
# r 0
# e -0.4
# p12 0.21
# ndiv 8
# n_reps 3
# A:(0,1),	A':(0,0.560),	B:(1,0),	B'=(0.560,0),	C:(1,1),	D:(0,0),	E:(0.316,0.316) 
# columns: ix iy x1_0 x2_0 rep x1_inf x2_inf sigma_1 sigma_2 t_relax
2	0	0.250000000000	0.000000000000	1	0.631426000000	0.000000000000	0.011000888307	0.000000000000	6000
2	0	0.250000000000	0.000000000000	2	0.649710000000	0.000000000000	0.012722333031	0.000000000000	20000
2	0	0.250000000000	0.000000000000	3	0.646124000000	0.000000000000	0.013021297100	0.000000000000	18000
2	1	0.250000000000	0.124000000000	1	0.372478000000	0.309494000000	0.021551240613	0.023624946605	14000
2	1	0.250000000000	0.124000000000	2	0.370912000000	0.308910000000	0.019155761514	0.021526525295	288000
2	1	0.250000000000	0.124000000000	3	0.329596000000	0.342554000000	0.027536503828	0.019928226670	286000
2	2	0.250000000000	0.250000000000	1	0.393974000000	0.272020000000	0.036868341414	0.035192699898	400000
2	2	0.250000000000	0.250000000000	2	0.347360000000	0.326036000000	0.017718700640	0.019140037749	176000
2	2	0.250000000000	0.250000000000	3	0.321790000000	0.351420000000	0.017256235907	0.015614718038	400000
2	3	0.250000000000	0.374000000000	1	0.321752000000	0.359534000000	0.015546195039	0.017237516526	10000
2	3	0.250000000000	0.374000000000	2	0.354224000000	0.319784000000	0.022128703159	0.018982773498	80000
2	3	0.250000000000	0.374000000000	3	0.408916000000	0.264460000000	0.015666984343	0.013624023415	64000
2	4	0.250000000000	0.500000000000	1	0.359674000000	0.317412000000	0.024149387506	0.018960109223	400000
2	4	0.250000000000	0.500000000000	2	0.320812000000	0.352316000000	0.016930543385	0.017616881066	22000
2	4	0.250000000000	0.500000000000	3	0.383080000000	0.298194000000	0.020021049984	0.021886191294	130000
2	5	0.250000000000	0.624000000000	1	0.395838000000	0.284520000000	0.023739362108	0.024084136805	400000
2	5	0.250000000000	0.624000000000	2	0.367154000000	0.309588000000	0.024992817467	0.030844085553	394000
2	5	0.250000000000	0.624000000000	3	0.353748000000	0.318404000000	0.015810960834	0.015064120011	246000
2	6	0.250000000000	0.750000000000	1	0.360414000000	0.317766000000	0.019859380630	0.022279084398	400000
2	6	0.250000000000	0.750000000000	2	0.327874000000	0.342100000000	0.019704425604	0.019830664519	212000
2	6	0.250000000000	0.750000000000	3	0.366684000000	0.303736000000	0.021375618378	0.021559664263	296000
2	7	0.250000000000	0.874000000000	1	0.305240000000	0.369712000000	0.021361430446	0.022794662811	90000
2	7	0.250000000000	0.874000000000	2	0.446570000000	0.237290000000	0.016007227472	0.015238507542	48000
2	7	0.250000000000	0.874000000000	3	0.310728000000	0.367634000000	0.012989485854	0.013072755675	242000
2	8	0.250000000000	1.000000000000	1	0.000000000000	1.000000000000	0.000000000000	0.000000000000	6000
2	8	0.250000000000	1.000000000000	2	0.000000000000	1.000000000000	0.000000000000	0.000000000000	6000
2	8	0.250000000000	1.000000000000	3	0.000000000000	1.000000000000	0.000000000000	0.000000000000	6000
