0.000000
1.000000	0.996000	0.000000
1.020000	0.997000	0.000000
1.040000	0.997000	0.000000
1.060000	0.996000	0.000000
1.080000	0.998000	0.000000
1.100000	0.998000	0.000000
1.120000	1.000000	0.000000
1.140000	0.998000	0.000000
1.160000	0.996000	0.000000
1.180000	0.997000	0.000000
1.200000	0.823437	0.027272
1.220000	0.707076	0.017693
1.240000	0.583217	0.024325
1.260000	0.536708	0.023288
1.280000	0.460245	0.027347
1.300000	0.405705	0.017164
1.320000	0.393640	0.016212
1.340000	0.326746	0.017304
1.360000	0.280032	0.014833
1.380000	0.258298	0.016227
1.400000	0.228716	0.022224
1.420000	0.227107	0.014081
1.440000	0.176510	0.018691
1.460000	0.180090	0.016471
1.480000	0.149302	0.011316
1.500000	0.124790	0.011315
1.520000	0.105960	0.013761
1.540000	0.075812	0.012000
1.560000	0.078925	0.008358
1.580000	0.007877	0.001662
1.600000	0.004000	0.000000
1.620000	0.012116	0.002958
1.640000	0.013358	0.002333
1.660000	0.003000	0.000000
1.680000	0.004000	0.000000
1.700000	0.003000	0.000000
1.720000	0.004000	0.000000
1.740000	0.009032	0.001585
1.760000	0.001000	0.000000
1.780000	0.003000	0.000000
1.800000	0.003000	0.000000
1.820000	0.004000	0.000000
1.840000	0.009740	0.002158
1.860000	0.010945	0.001350
1.880000	0.008303	0.000657
1.900000	0.002000	0.000000
1.920000	0.004000	0.000000
1.940000	0.006094	0.001709
1.960000	0.002000	0.000000
1.980000	0.004000	0.000000
2.000000	0.009236	0.000842
2.020000	0.003000	0.000000
2.040000	0.004000	0.000000
2.060000	0.003000	0.000000
2.080000	0.003000	0.000000
2.100000	0.004000	0.000000
2.120000	0.005000	0.000000
2.140000	0.003000	0.000000
2.160000	0.003000	0.000000
2.180000	0.003000	0.000000
2.200000	0.002000	0.000000
2.220000	0.003000	0.000000
2.240000	0.004000	0.000000
2.260000	0.002000	0.000000
2.280000	0.004000	0.000000
2.300000	0.002000	0.000000
2.320000	0.004000	0.000000
2.340000	0.001000	0.000000
2.360000	0.005000	0.000000
2.380000	0.004000	0.000000
2.400000	0.002000	0.000000
2.420000	0.004000	0.000000
2.440000	0.002000	0.000000
2.460000	0.005000	0.000000
2.480000	0.003000	0.000000
2.500000	0.004000	0.000000
2.520000	0.003000	0.000000
2.540000	0.004000	0.000000
2.560000	0.001000	0.000000
2.580000	0.004000	0.000000
2.600000	0.003000	0.000000
2.620000	0.004000	0.000000
2.640000	0.002000	0.000000
2.660000	0.003000	0.000000
2.680000	0.004000	0.000000
2.700000	0.002000	0.000000
2.720000	0.002000	0.000000
2.740000	0.001000	0.000000
2.760000	0.004000	0.000000
2.780000	0.006000	0.000000
2.800000	0.001000	0.000000
2.820000	0.003000	0.000000
2.840000	0.002000	0.000000
2.860000	0.005000	0.000000
2.880000	0.005000	0.000000
2.900000	0.002000	0.000000
2.920000	0.004000	0.000000
2.940000	0.001000	0.000000
2.960000	0.003000	0.000000
2.980000	0.003000	0.000000

0.001000
1.000000	0.998000	0.000000
1.020000	0.999000	0.000000
1.040000	0.998000	0.000000
1.060000	0.983368	0.003927
1.080000	0.998000	0.000000
1.100000	0.998000	0.000000
1.120000	0.998000	0.000000
1.140000	0.999000	0.000000
1.160000	0.998000	0.000000
1.180000	0.969670	0.007069
1.200000	0.999000	0.000000
1.220000	0.954449	0.012385
1.240000	0.732193	0.023807
1.260000	0.660038	0.020354
1.280000	0.576540	0.026623
1.300000	0.520129	0.023317
1.320000	0.477604	0.026342
1.340000	0.421184	0.020062
1.360000	0.360592	0.021472
1.380000	0.327618	0.018435
1.400000	0.294007	0.032298
1.420000	0.282489	0.022552
1.440000	0.237903	0.019596
1.460000	0.256066	0.020439
1.480000	0.227461	0.026286
1.500000	0.196790	0.015574
1.520000	0.186882	0.011644
1.540000	0.189716	0.014044
1.560000	0.153601	0.010014
1.580000	0.125026	0.009349
1.600000	0.130453	0.010088
1.620000	0.114705	0.011560
1.640000	0.096262	0.010437
1.660000	0.082635	0.012650
1.680000	0.090234	0.013581
1.700000	0.042181	0.010703
1.720000	0.082313	0.006530
1.740000	0.035196	0.006928
1.760000	0.080482	0.010041
1.780000	0.054238	0.007722
1.800000	0.069558	0.007865
1.820000	0.001626	0.000484
1.840000	0.003706	0.000456
1.860000	0.004724	0.000447
1.880000	0.003669	0.000471
1.900000	0.004680	0.000467
1.920000	0.005548	0.000498
1.940000	0.005628	0.000484
1.960000	0.005592	0.000492
1.980000	0.003597	0.000491
2.000000	0.003714	0.000452
2.020000	0.004670	0.000470
2.040000	0.002000	0.000000
2.060000	0.002000	0.000000
2.080000	0.004558	0.000497
2.100000	0.002597	0.000491
2.120000	0.004000	0.000000
2.140000	0.003000	0.000000
2.160000	0.003000	0.000000
2.180000	0.002000	0.000000
2.200000	0.001000	0.000000
2.220000	0.002000	0.000000
2.240000	0.001000	0.000000
2.260000	0.001000	0.000000
2.280000	0.004663	0.000473
2.300000	0.002000	0.000000
2.320000	0.002000	0.000000
2.340000	0.002000	0.000000
2.360000	0.003545	0.000498
2.380000	0.002000	0.000000
2.400000	0.003000	0.000000
2.420000	0.003619	0.000486
2.440000	0.002000	0.000000
2.460000	0.004000	0.000000
2.480000	0.004565	0.000496
2.500000	0.002000	0.000000
2.520000	0.002000	0.000000
2.540000	0.004570	0.000495
2.560000	0.001000	0.000000
2.580000	0.001000	0.000000
2.600000	0.004000	0.000000
2.620000	0.002000	0.000000
2.640000	0.001000	0.000000
2.660000	0.001000	0.000000
2.680000	0.003576	0.000494
2.700000	0.001000	0.000000
2.720000	0.005634	0.000482
2.740000	0.003550	0.000498
2.760000	0.003000	0.000000
2.780000	0.003518	0.000500
2.800000	0.002495	0.000500
2.820000	0.001000	0.000000
2.840000	0.004538	0.000499
2.860000	0.002000	0.000000
2.880000	0.003528	0.000499
2.900000	0.003585	0.000493
2.920000	0.004415	0.000493
2.940000	0.000000	0.000000
2.960000	0.003000	0.000000
2.980000	0.003000	0.000000

0.002000
1.000000	0.999000	0.000000
1.020000	1.000000	0.000000
1.040000	1.000000	0.000000
1.060000	1.000000	0.000000
1.080000	0.999000	0.000000
1.100000	0.999000	0.000000
1.120000	0.999000	0.000000
1.140000	0.999000	0.000000
1.160000	1.000000	0.000000
1.180000	1.000000	0.000000
1.200000	0.999000	0.000000
1.220000	0.830754	0.025066
1.240000	0.849818	0.020624
1.260000	0.644538	0.020050
1.280000	0.536538	0.023183
1.300000	0.520325	0.036664
1.320000	0.488907	0.020605
1.340000	0.429111	0.014465
1.360000	0.414295	0.018448
1.380000	0.370821	0.017689
1.400000	0.333462	0.021078
1.420000	0.310481	0.020750
1.440000	0.298092	0.015476
1.460000	0.284006	0.018425
1.480000	0.272150	0.018437
1.500000	0.230988	0.021059
1.520000	0.213148	0.014076
1.540000	0.185201	0.017412
1.560000	0.200199	0.012027
1.580000	0.194723	0.013931
1.600000	0.194794	0.014183
1.620000	0.151860	0.020104
1.640000	0.168899	0.010464
1.660000	0.148226	0.010772
1.680000	0.141527	0.016899
1.700000	0.120432	0.012374
1.720000	0.132572	0.018255
1.740000	0.138257	0.012599
1.760000	0.103516	0.008300
1.780000	0.105017	0.018947
1.800000	0.121021	0.008880
1.820000	0.096027	0.009981
1.840000	0.085884	0.006840
1.860000	0.076322	0.007126
1.880000	0.080198	0.007957
1.900000	0.082200	0.013180
1.920000	0.071586	0.008475
1.940000	0.075536	0.007327
1.960000	0.064406	0.008263
1.980000	0.059951	0.009338
2.000000	0.066913	0.008122
2.020000	0.034855	0.006027
2.040000	0.060389	0.008679
2.060000	0.036682	0.006777
2.080000	0.012590	0.012167
2.100000	0.002554	0.000497
2.120000	0.035368	0.007794
2.140000	0.001000	0.000000
2.160000	0.002409	0.000492
2.180000	0.004989	0.000705
2.200000	0.001000	0.000000
2.220000	0.002578	0.000494
2.240000	0.000000	0.000000
2.260000	0.000000	0.000000
2.280000	0.003514	0.000500
2.300000	0.001491	0.000500
2.320000	0.004793	0.000724
2.340000	0.003352	0.000478
2.360000	0.004741	0.001187
2.380000	0.002535	0.000499
2.400000	0.004922	0.000644
2.420000	0.003418	0.000493
2.440000	0.000000	0.000000
2.460000	0.000000	0.000000
2.480000	0.002242	0.000429
2.500000	0.001000	0.000000
2.520000	0.000000	0.000000
2.540000	0.002337	0.000473
2.560000	0.000000	0.000000
2.580000	0.001000	0.000000
2.600000	0.001000	0.000000
2.620000	0.002430	0.000495
2.640000	0.002338	0.000473
2.660000	0.002276	0.000447
2.680000	0.000000	0.000000
2.700000	0.004459	0.000619
2.720000	0.002380	0.000486
2.740000	0.002417	0.000493
2.760000	0.001379	0.000485
2.780000	0.003855	0.000636
2.800000	0.003533	0.000663
2.820000	0.001000	0.000000
2.840000	0.001324	0.000468
2.860000	0.002594	0.000884
2.880000	0.001000	0.000000
2.900000	0.001407	0.000492
2.920000	0.003752	0.000635
2.940000	0.003732	0.000695
2.960000	0.003279	0.000449
2.980000	0.004690	0.000726

0.005000
1.000000	1.000000	0.000000
1.020000	1.000000	0.000000
1.040000	0.999000	0.000000
1.060000	1.000000	0.000000
1.080000	1.000000	0.000000
1.100000	0.999000	0.000000
1.120000	0.999000	0.000000
1.140000	1.000000	0.000000
1.160000	1.000000	0.000000
1.180000	1.000000	0.000000
1.200000	0.999000	0.000000
1.220000	1.000000	0.000000
1.240000	0.890529	0.028573
1.260000	0.822103	0.016244
1.280000	0.812391	0.020444
1.300000	0.705482	0.013072
1.320000	0.637476	0.021881
1.340000	0.653965	0.018355
1.360000	0.580392	0.020368
1.380000	0.550881	0.016090
1.400000	0.555112	0.018211
1.420000	0.548165	0.016821
1.440000	0.461627	0.021857
1.460000	0.417297	0.019631
1.480000	0.428738	0.014926
1.500000	0.422178	0.013979
1.520000	0.394393	0.023850
1.540000	0.371808	0.024379
1.560000	0.336685	0.015877
1.580000	0.343817	0.017850
1.600000	0.335762	0.013472
1.620000	0.324426	0.013513
1.640000	0.318603	0.016820
1.660000	0.305353	0.015104
1.680000	0.268590	0.013509
1.700000	0.268497	0.016038
1.720000	0.256373	0.013967
1.740000	0.246190	0.013814
1.760000	0.242525	0.011799
1.780000	0.231597	0.012521
1.800000	0.231584	0.013691
1.820000	0.216666	0.012529
1.840000	0.196999	0.015903
1.860000	0.214905	0.013454
1.880000	0.198379	0.019962
1.900000	0.202645	0.013224
1.920000	0.184150	0.016676
1.940000	0.194179	0.009939
1.960000	0.182503	0.012971
1.980000	0.169080	0.014926
2.000000	0.165634	0.011882
2.020000	0.163062	0.011052
2.040000	0.153720	0.009417
2.060000	0.155625	0.009493
2.080000	0.138924	0.011084
2.100000	0.137379	0.016387
2.120000	0.127397	0.011595
2.140000	0.139742	0.013225
2.160000	0.127765	0.011528
2.180000	0.112382	0.009762
2.200000	0.107924	0.011418
2.220000	0.119781	0.011957
2.240000	0.100067	0.009764
2.260000	0.106886	0.008626
2.280000	0.105404	0.010507
2.300000	0.095341	0.012437
2.320000	0.110640	0.010083
2.340000	0.092527	0.010950
2.360000	0.098630	0.010406
2.380000	0.093606	0.012597
2.400000	0.078678	0.014246
2.420000	0.082783	0.012589
2.440000	0.080081	0.009231
2.460000	0.058425	0.010768
2.480000	0.066997	0.011659
2.500000	0.070894	0.009530
2.520000	0.072656	0.010589
2.540000	0.059361	0.010764
2.560000	0.066490	0.006748
2.580000	0.055329	0.009915
2.600000	0.057691	0.007933
2.620000	0.032392	0.008949
2.640000	0.066407	0.012065
2.660000	0.049379	0.010162
2.680000	0.036871	0.007451
2.700000	0.030942	0.009867
2.720000	0.056062	0.008506
2.740000	0.039341	0.012386
2.760000	0.027042	0.006543
2.780000	0.021089	0.004661
2.800000	0.047811	0.007588
2.820000	0.019674	0.004735
2.840000	0.032817	0.010267
2.860000	0.030108	0.007665
2.880000	0.023690	0.008402
2.900000	0.022409	0.005188
2.920000	0.032572	0.008239
2.940000	0.019994	0.006673
2.960000	0.007144	0.003356
2.980000	0.021869	0.004709

0.010000
1.000000	1.000000	0.000000
1.020000	1.000000	0.000000
1.040000	0.999000	0.000000
1.060000	1.000000	0.000000
1.080000	0.990970	0.002415
1.100000	0.998000	0.000000
1.120000	1.000000	0.000000
1.140000	0.989936	0.002585
1.160000	0.989569	0.002236
1.180000	0.988245	0.002534
1.200000	1.000000	0.000000
1.220000	0.987632	0.002905
1.240000	0.986262	0.004135
1.260000	0.985171	0.003298
1.280000	0.999000	0.000000
1.300000	0.980340	0.004932
1.320000	0.964004	0.006871
1.340000	0.904423	0.011936
1.360000	0.847366	0.012639
1.380000	0.839535	0.017193
1.400000	0.802840	0.013415
1.420000	0.773067	0.014856
1.440000	0.696139	0.016563
1.460000	0.679395	0.016697
1.480000	0.701837	0.016705
1.500000	0.628349	0.014837
1.520000	0.637040	0.014892
1.540000	0.626278	0.013933
1.560000	0.589802	0.014674
1.580000	0.590458	0.011595
1.600000	0.543775	0.014100
1.620000	0.531813	0.013021
1.640000	0.528371	0.016989
1.660000	0.525113	0.014526
1.680000	0.524586	0.011499
1.700000	0.481369	0.016168
1.720000	0.486019	0.016108
1.740000	0.466609	0.013068
1.760000	0.474298	0.015849
1.780000	0.426085	0.017651
1.800000	0.439845	0.017116
1.820000	0.435699	0.013592
1.840000	0.428318	0.013730
1.860000	0.403633	0.016937
1.880000	0.399720	0.012217
1.900000	0.385354	0.011823
1.920000	0.379769	0.013388
1.940000	0.381975	0.012329
1.960000	0.364088	0.011937
1.980000	0.352028	0.015499
2.000000	0.342986	0.012949
2.020000	0.346894	0.010418
2.040000	0.347200	0.012518
2.060000	0.340799	0.014209
2.080000	0.326937	0.013114
2.100000	0.321948	0.010827
2.120000	0.316035	0.010956
2.140000	0.325688	0.012350
2.160000	0.318254	0.010936
2.180000	0.296590	0.014448
2.200000	0.298120	0.012194
2.220000	0.298494	0.010706
2.240000	0.286131	0.009434
2.260000	0.287032	0.012177
2.280000	0.274624	0.012627
2.300000	0.272603	0.009996
2.320000	0.263808	0.010153
2.340000	0.264197	0.010765
2.360000	0.267478	0.013240
2.380000	0.254242	0.012045
2.400000	0.247938	0.012354
2.420000	0.248013	0.012051
2.440000	0.242063	0.011268
2.460000	0.238070	0.012808
2.480000	0.242022	0.012367
2.500000	0.229335	0.011024
2.520000	0.224697	0.010747
2.540000	0.218373	0.010605
2.560000	0.227152	0.010228
2.580000	0.218047	0.009807
2.600000	0.212664	0.012603
2.620000	0.206925	0.009517
2.640000	0.209034	0.010645
2.660000	0.202619	0.011182
2.680000	0.206626	0.011970
2.700000	0.202114	0.010159
2.720000	0.202676	0.009958
2.740000	0.195840	0.011345
2.760000	0.181729	0.011028
2.780000	0.182343	0.013374
2.800000	0.188868	0.009830
2.820000	0.184266	0.009455
2.840000	0.173866	0.009387
2.860000	0.174106	0.010175
2.880000	0.177943	0.010102
2.900000	0.165293	0.009164
2.920000	0.171228	0.009277
2.940000	0.169806	0.010437
2.960000	0.169716	0.008882
2.980000	0.164509	0.009206

0.020000
1.000000	0.996654	0.001069
1.020000	0.997000	0.000000
1.040000	0.997000	0.000000
1.060000	0.999000	0.000000
1.080000	0.999000	0.000000
1.100000	0.999000	0.000000
1.120000	0.996122	0.001217
1.140000	0.997058	0.001208
1.160000	0.990988	0.001614
1.180000	0.998000	0.000000
1.200000	0.999000	0.000000
1.220000	0.991154	0.001821
1.240000	0.999000	0.000000
1.260000	0.994610	0.001337
1.280000	0.993954	0.001236
1.300000	0.993338	0.001273
1.320000	0.992460	0.002260
1.340000	0.993074	0.001337
1.360000	0.993029	0.001540
1.380000	0.991303	0.001768
1.400000	0.987324	0.002089
1.420000	0.984929	0.003076
1.440000	0.963014	0.004137
1.460000	0.982586	0.003195
1.480000	0.946568	0.005143
1.500000	0.955013	0.007822
1.520000	0.920698	0.006114
1.540000	0.912482	0.007904
1.560000	0.947699	0.005769
1.580000	0.926835	0.009215
1.600000	0.869897	0.007075
1.620000	0.910163	0.010847
1.640000	0.877013	0.008056
1.660000	0.884057	0.009818
1.680000	0.873663	0.009519
1.700000	0.861288	0.007851
1.720000	0.837179	0.008152
1.740000	0.827661	0.008604
1.760000	0.815887	0.009055
1.780000	0.818888	0.007657
1.800000	0.824755	0.010619
1.820000	0.789085	0.011568
1.840000	0.794125	0.010226
1.860000	0.794019	0.010673
1.880000	0.762122	0.009473
1.900000	0.749610	0.010385
1.920000	0.725905	0.011752
1.940000	0.728525	0.009531
1.960000	0.739859	0.010834
1.980000	0.717488	0.014143
2.000000	0.698179	0.010910
2.020000	0.691910	0.014016
2.040000	0.687353	0.012923
2.060000	0.669904	0.010519
2.080000	0.670652	0.011211
2.100000	0.652984	0.010757
2.120000	0.655640	0.011312
2.140000	0.629977	0.011606
2.160000	0.634028	0.011410
2.180000	0.626397	0.012486
2.200000	0.632391	0.014112
2.220000	0.624308	0.010021
2.240000	0.609042	0.010837
2.260000	0.594736	0.011465
2.280000	0.578511	0.010327
2.300000	0.580191	0.011294
2.320000	0.585531	0.010143
2.340000	0.566623	0.014091
2.360000	0.554785	0.012403
2.380000	0.566538	0.011385
2.400000	0.552875	0.010657
2.420000	0.547089	0.010579
2.440000	0.532095	0.011703
2.460000	0.526406	0.011852
2.480000	0.525752	0.013889
2.500000	0.519186	0.012606
2.520000	0.503999	0.011381
2.540000	0.493458	0.011543
2.560000	0.504512	0.013587
2.580000	0.497691	0.014184
2.600000	0.476234	0.012833
2.620000	0.479915	0.011170
2.640000	0.476492	0.010884
2.660000	0.483105	0.010077
2.680000	0.467862	0.012549
2.700000	0.469738	0.012061
2.720000	0.457800	0.012336
2.740000	0.462205	0.011265
2.760000	0.459164	0.012449
2.780000	0.456029	0.013379
2.800000	0.442550	0.013448
2.820000	0.433783	0.012927
2.840000	0.429849	0.011396
2.860000	0.439347	0.011320
2.880000	0.425543	0.010726
2.900000	0.411670	0.010686
2.920000	0.417250	0.010833
2.940000	0.410003	0.013302
2.960000	0.405188	0.012737
2.980000	0.402224	0.011382

0.040000
1.000000	0.996517	0.000633
1.020000	0.999000	0.000000
1.040000	0.997000	0.000000
1.060000	0.995434	0.001080
1.080000	0.997000	0.000000
1.100000	0.995820	0.000933
1.120000	0.994925	0.000881
1.140000	0.996044	0.001136
1.160000	0.996760	0.000950
1.180000	0.999000	0.000000
1.200000	0.995660	0.001005
1.220000	0.997294	0.000756
1.240000	0.995571	0.001041
1.260000	0.995385	0.001089
1.280000	0.996460	0.001040
1.300000	0.992484	0.001331
1.320000	0.994526	0.001165
1.340000	0.998000	0.000000
1.360000	0.995160	0.001048
1.380000	0.998298	0.000724
1.400000	0.999000	0.000000
1.420000	0.995133	0.001091
1.440000	0.991900	0.001639
1.460000	0.995157	0.001359
1.480000	0.995049	0.001059
1.500000	0.989270	0.001881
1.520000	0.983102	0.002421
1.540000	0.988551	0.002019
1.560000	0.989212	0.001948
1.580000	0.984072	0.002401
1.600000	0.991686	0.001877
1.620000	0.982684	0.002589
1.640000	0.992152	0.001580
1.660000	0.987310	0.002697
1.680000	0.982733	0.002659
1.700000	0.993176	0.001630
1.720000	0.977719	0.002717
1.740000	0.980663	0.002578
1.760000	0.984212	0.002381
1.780000	0.987508	0.002256
1.800000	0.978332	0.002969
1.820000	0.980101	0.002709
1.840000	0.972171	0.003072
1.860000	0.986724	0.001901
1.880000	0.969055	0.003286
1.900000	0.969529	0.003339
1.920000	0.961939	0.003691
1.940000	0.956099	0.004505
1.960000	0.970331	0.003296
1.980000	0.974602	0.003035
2.000000	0.966931	0.003342
2.020000	0.969041	0.003189
2.040000	0.975992	0.002591
2.060000	0.967334	0.003588
2.080000	0.968641	0.003287
2.100000	0.954594	0.003858
2.120000	0.968855	0.003362
2.140000	0.971255	0.003365
2.160000	0.964007	0.003403
2.180000	0.958532	0.003763
2.200000	0.950570	0.004033
2.220000	0.934680	0.004667
2.240000	0.946300	0.005063
2.260000	0.933718	0.004786
2.280000	0.946305	0.004346
2.300000	0.936599	0.004494
2.320000	0.942803	0.004395
2.340000	0.931858	0.005456
2.360000	0.932435	0.004414
2.380000	0.914511	0.005756
2.400000	0.921335	0.005210
2.420000	0.902080	0.005800
2.440000	0.921597	0.005064
2.460000	0.898750	0.006159
2.480000	0.880425	0.008585
2.500000	0.879087	0.007300
2.520000	0.889687	0.006601
2.540000	0.885857	0.007107
2.560000	0.886610	0.006672
2.580000	0.869738	0.008608
2.600000	0.880239	0.006498
2.620000	0.860501	0.006537
2.640000	0.856873	0.008771
2.660000	0.860451	0.006330
2.680000	0.845403	0.007439
2.700000	0.834516	0.007313
2.720000	0.830849	0.007717
2.740000	0.840088	0.008220
2.760000	0.848673	0.007541
2.780000	0.814653	0.008837
2.800000	0.809952	0.007953
2.820000	0.800414	0.008068
2.840000	0.804630	0.008315
2.860000	0.799606	0.007343
2.880000	0.788321	0.009824
2.900000	0.798154	0.007821
2.920000	0.783000	0.007842
2.940000	0.775093	0.009816
2.960000	0.779150	0.008552
2.980000	0.764428	0.008730

