# scan initial plane
# b 1.15
# r 0
# e -0.4
# p12 0.2
# ndiv 8
# n_reps 3
# A:(0,1),	A':(0,0.533),	B:(1,0),	B'=(0.533,0),	C:(1,1),	D:(0,0),	E:(0.308,0.308) 
# columns: ix iy x1_0 x2_0 rep x1_inf x2_inf sigma_1 sigma_2 t_relax
0	0	0.000000000000	0.000000000000	1	0.000000000000	0.000000000000	0.000000000000	0.000000000000	4000
0	0	0.000000000000	0.000000000000	2	0.000000000000	0.000000000000	0.000000000000	0.000000000000	4000
0	0	0.000000000000	0.000000000000	3	0.000000000000	0.000000000000	0.000000000000	0.000000000000	4000
0	1	0.000000000000	0.124000000000	1	0.000000000000	0.653578000000	0.000000000000	0.011683938995	38000
0	1	0.000000000000	0.124000000000	2	0.000000000000	0.665704000000	0.000000000000	0.009906893082	6000
0	1	0.000000000000	0.124000000000	3	0.000000000000	0.654714000000	0.000000000000	0.010963868405	6000
0	2	0.000000000000	0.250000000000	1	0.000000000000	0.656808000000	0.000000000000	0.010933008125	10000
0	2	0.000000000000	0.250000000000	2	0.000000000000	0.674188000000	0.000000000000	0.012859939115	72000
0	2	0.000000000000	0.250000000000	3	0.000000000000	0.652100000000	0.000000000000	0.015456419408	14000
0	3	0.000000000000	0.374000000000	1	0.000000000000	0.663182000000	0.000000000000	0.014105809082	10000
0	3	0.000000000000	0.374000000000	2	0.000000000000	0.658162000000	0.000000000000	0.011737952783	6000
0	3	0.000000000000	0.374000000000	3	0.000000000000	0.675158000000	0.000000000000	0.010273489212	8000
0	4	0.000000000000	0.500000000000	1	0.000000000000	0.668186000000	0.000000000000	0.011683917062	12000
0	4	0.000000000000	0.500000000000	2	0.000000000000	0.682790000000	0.000000000000	0.011692588106	14000
0	4	0.000000000000	0.500000000000	3	0.000000000000	0.670346000000	0.000000000000	0.011370029092	22000
0	5	0.000000000000	0.624000000000	1	0.000000000000	0.684770000000	0.000000000000	0.008969478890	24000
0	5	0.000000000000	0.624000000000	2	0.000000000000	0.669870000000	0.000000000000	0.011444040635	20000
0	5	0.000000000000	0.624000000000	3	0.000000000000	0.668524000000	0.000000000000	0.015286566099	8000
0	6	0.000000000000	0.750000000000	1	0.000000000000	0.655884000000	0.000000000000	0.011127909704	16000
0	6	0.000000000000	0.750000000000	2	0.000000000000	0.686124000000	0.000000000000	0.014592517451	14000
0	6	0.000000000000	0.750000000000	3	0.000000000000	0.676888000000	0.000000000000	0.011185730936	26000
0	7	0.000000000000	0.874000000000	1	0.000000000000	0.672894000000	0.000000000000	0.010115487486	16000
0	7	0.000000000000	0.874000000000	2	0.000000000000	0.673858000000	0.000000000000	0.009656349263	48000
0	7	0.000000000000	0.874000000000	3	0.000000000000	0.655692000000	0.000000000000	0.010741159551	36000
0	8	0.000000000000	1.000000000000	1	0.000000000000	1.000000000000	0.000000000000	0.000000000000	4000
0	8	0.000000000000	1.000000000000	2	0.000000000000	1.000000000000	0.000000000000	0.000000000000	4000
0	8	0.000000000000	1.000000000000	3	0.000000000000	1.000000000000	0.000000000000	0.000000000000	4000
1	0	0.124000000000	0.000000000000	1	0.666560000000	0.000000000000	0.011716982875	0.000000000000	36000
1	0	0.124000000000	0.000000000000	2	0.669998000000	0.000000000000	0.013129523235	0.000000000000	12000
1	0	0.124000000000	0.000000000000	3	0.668642000000	0.000000000000	0.011253376137	0.000000000000	8000
1	1	0.124000000000	0.124000000000	1	0.298352000000	0.391592000000	0.021513784859	0.018755087024	162000
1	1	0.124000000000	0.124000000000	2	0.000000000000	0.662576000000	0.000000000000	0.012475891626	22000
1	1	0.124000000000	0.124000000000	3	0.372842000000	0.313114000000	0.018128421765	0.015689524058	100000
1	2	0.124000000000	0.250000000000	1	0.287574000000	0.401744000000	0.015250675628	0.017128568295	34000
1	2	0.124000000000	0.250000000000	2	0.247492000000	0.436886000000	0.012088012908	0.011811117919	200000
1	2	0.124000000000	0.250000000000	3	0.640924000000	0.035544000000	0.013830455723	0.014342586021	52000
1	3	0.124000000000	0.374000000000	1	0.319672000000	0.363324000000	0.025794374692	0.022986069333	200000
1	3	0.124000000000	0.374000000000	2	0.297498000000	0.381370000000	0.012925907128	0.014160495034	200000
1	3	0.124000000000	0.374000000000	3	0.387762000000	0.294380000000	0.023981377410	0.019006336860	200000
1	4	0.124000000000	0.500000000000	1	0.558488000000	0.119724000000	0.035756067350	0.031927906527	36000
1	4	0.124000000000	0.500000000000	2	0.331610000000	0.347158000000	0.014745756587	0.014911384422	200000
1	4	0.124000000000	0.500000000000	3	0.000000000000	0.692608000000	0.000000000000	0.010378152150	190000
1	5	0.124000000000	0.624000000000	1	0.293182000000	0.368862000000	0.036160454290	0.033951342384	200000
1	5	0.124000000000	0.624000000000	2	0.658666000000	0.000000000000	0.014305701559	0.000000000000	118000
1	5	0.124000000000	0.624000000000	3	0.358180000000	0.329638000000	0.014431072582	0.013079297536	200000
1	6	0.124000000000	0.750000000000	1	0.501190000000	0.176962000000	0.012945558601	0.010826808199	200000
1	6	0.124000000000	0.750000000000	2	0.288528000000	0.390586000000	0.012442991764	0.011959081220	200000
1	6	0.124000000000	0.750000000000	3	0.450672000000	0.238320000000	0.012352692217	0.018769173713	36000
1	7	0.124000000000	0.874000000000	1	0.000000000000	0.666132000000	0.000000000000	0.011222322243	22000
1	7	0.124000000000	0.874000000000	2	0.272808000000	0.409076000000	0.024452260612	0.020977757037	20000
1	7	0.124000000000	0.874000000000	3	0.000000000000	0.672104000000	0.000000000000	0.010806755756	34000
1	8	0.124000000000	1.000000000000	1	0.000000000000	1.000000000000	0.000000000000	0.000000000000	6000
1	8	0.124000000000	1.000000000000	2	0.000000000000	1.000000000000	0.000000000000	0.000000000000	6000
1	8	0.124000000000	1.000000000000	3	0.000000000000	1.000000000000	0.000000000000	0.000000000000	6000
2	0	0.250000000000	0.000000000000	1	0.674202000000	0.000000000000	0.012070994363	0.000000000000	12000
2	0	0.250000000000	0.000000000000	2	0.655758000000	0.000000000000	0.015989530984	0.000000000000	50000
2	0	0.250000000000	0.000000000000	3	0.678914000000	0.000000000000	0.011153340352	0.000000000000	40000
2	1	0.250000000000	0.124000000000	1	0.331740000000	0.354044000000	0.026360790794	0.026363100673	172000
2	1	0.250000000000	0.124000000000	2	0.304804000000	0.376520000000	0.014976577776	0.018030604613	200000
2	1	0.250000000000	0.124000000000	3	0.681086000000	0.000000000000	0.012344107136	0.000000000000	200000
2	2	0.250000000000	0.250000000000	1	0.402138000000	0.274110000000	0.018458973148	0.013500450443	200000
2	2	0.250000000000	0.250000000000	2	0.395488000000	0.283570000000	0.025548984454	0.032246471666	54000
2	2	0.250000000000	0.250000000000	3	0.089016000000	0.587422000000	0.061040033008	0.048587886337	200000
2	3	0.250000000000	0.374000000000	1	0.354534000000	0.325034000000	0.021666478262	0.012915636169	74000
2	3	0.250000000000	0.374000000000	2	0.000000000000	0.686338000000	0.000000000000	0.011559557923	48000
2	3	0.250000000000	0.374000000000	3	0.303744000000	0.374702000000	0.011385609167	0.018077111992	200000
2	4	0.250000000000	0.500000000000	1	0.439460000000	0.241308000000	0.018287997453	0.016246879611	20000
2	4	0.250000000000	0.500000000000	2	0.000000000000	0.660636000000	0.000000000000	0.010995836140	54000
2	4	0.250000000000	0.500000000000	3	0.302582000000	0.386684000000	0.015662905305	0.014395394103	166000
2	5	0.250000000000	0.624000000000	1	0.406216000000	0.276292000000	0.023222502635	0.020025277720	200000
2	5	0.250000000000	0.624000000000	2	0.329190000000	0.368740000000	0.019572301218	0.021260866032	80000
2	5	0.250000000000	0.624000000000	3	0.375810000000	0.316642000000	0.013805161444	0.013409386550	200000
2	6	0.250000000000	0.750000000000	1	0.540672000000	0.144694000000	0.012251143069	0.009293047117	200000
2	6	0.250000000000	0.750000000000	2	0.472576000000	0.206874000000	0.018478356899	0.013107094259	160000
2	6	0.250000000000	0.750000000000	3	0.000000000000	0.675958000000	0.000000000000	0.012532489749	170000
2	7	0.250000000000	0.874000000000	1	0.000000000000	0.662666000000	0.000000000000	0.014500023955	20000
2	7	0.250000000000	0.874000000000	2	0.673678000000	0.000000000000	0.015730345189	0.000000000000	146000
2	7	0.250000000000	0.874000000000	3	0.578388000000	0.101658000000	0.012901469060	0.010489474013	200000
2	8	0.250000000000	1.000000000000	1	0.000000000000	1.000000000000	0.000000000000	0.000000000000	6000
2	8	0.250000000000	1.000000000000	2	0.000000000000	1.000000000000	0.000000000000	0.000000000000	6000
2	8	0.250000000000	1.000000000000	3	0.000000000000	1.000000000000	0.000000000000	0.000000000000	6000
3	0	0.374000000000	0.000000000000	1	0.678254000000	0.000000000000	0.011276996704	0.000000000000	30000
3	0	0.374000000000	0.000000000000	2	0.668642000000	0.000000000000	0.016059444005	0.000000000000	40000
3	0	0.374000000000	0.000000000000	3	0.669448000000	0.000000000000	0.011173009090	0.000000000000	24000
3	1	0.374000000000	0.124000000000	1	0.670080000000	0.000000000000	0.011509912166	0.000000000000	70000
3	1	0.374000000000	0.124000000000	2	0.386698000000	0.296018000000	0.017948117755	0.016806848192	72000
3	1	0.374000000000	0.124000000000	3	0.485220000000	0.209558000000	0.014814961461	0.010754175389	122000
3	2	0.374000000000	0.250000000000	1	0.395908000000	0.292136000000	0.018099921081	0.017504739927	28000
3	2	0.374000000000	0.250000000000	2	0.345872000000	0.338996000000	0.016275149661	0.017588557114	140000
3	2	0.374000000000	0.250000000000	3	0.542704000000	0.154642000000	0.017398134356	0.016819355717	200000
3	3	0.374000000000	0.374000000000	1	0.675412000000	0.000000000000	0.011596410338	0.000000000000	42000
3	3	0.374000000000	0.374000000000	2	0.312334000000	0.378760000000	0.022977824623	0.023723937810	8000
3	3	0.374000000000	0.374000000000	3	0.000000000000	0.676032000000	0.000000000000	0.010223869302	26000
3	4	0.374000000000	0.500000000000	1	0.389298000000	0.287450000000	0.024161104175	0.024841872285	50000
3	4	0.374000000000	0.500000000000	2	0.397174000000	0.287042000000	0.016580368893	0.013919769969	200000
3	4	0.374000000000	0.500000000000	3	0.302010000000	0.372778000000	0.028211625189	0.033004606042	142000
3	5	0.374000000000	0.624000000000	1	0.408052000000	0.276696000000	0.019754380059	0.015880042814	24000
3	5	0.374000000000	0.624000000000	2	0.402802000000	0.286690000000	0.028521400146	0.020500638433	200000
3	5	0.374000000000	0.624000000000	3	0.405614000000	0.280482000000	0.018908319030	0.013521631207	78000
3	6	0.374000000000	0.750000000000	1	0.440322000000	0.235952000000	0.017130842997	0.013845048984	116000
3	6	0.374000000000	0.750000000000	2	0.341102000000	0.332836000000	0.042887911688	0.049478047467	50000
3	6	0.374000000000	0.750000000000	3	0.671020000000	0.000000000000	0.011077287859	0.000000000000	180000
3	7	0.374000000000	0.874000000000	1	0.601922000000	0.085940000000	0.013005808974	0.011213658910	106000
3	7	0.374000000000	0.874000000000	2	0.391086000000	0.291446000000	0.020222204171	0.019646349866	132000
3	7	0.374000000000	0.874000000000	3	0.498762000000	0.188236000000	0.017921398733	0.021620632640	200000
3	8	0.374000000000	1.000000000000	1	0.000000000000	1.000000000000	0.000000000000	0.000000000000	6000
3	8	0.374000000000	1.000000000000	2	0.000000000000	1.000000000000	0.000000000000	0.000000000000	6000
3	8	0.374000000000	1.000000000000	3	0.000000000000	1.000000000000	0.000000000000	0.000000000000	6000
4	0	0.500000000000	0.000000000000	1	0.648476000000	0.000000000000	0.010775970747	0.000000000000	4000
4	0	0.500000000000	0.000000000000	2	0.663728000000	0.000000000000	0.011127706046	0.000000000000	52000
4	0	0.500000000000	0.000000000000	3	0.671358000000	0.000000000000	0.010384781157	0.000000000000	8000
4	1	0.500000000000	0.124000000000	1	0.427080000000	0.260244000000	0.021761506454	0.018016688516	200000
4	1	0.500000000000	0.124000000000	2	0.659866000000	0.000000000000	0.012932180222	0.000000000000	40000
4	1	0.500000000000	0.124000000000	3	0.409970000000	0.272786000000	0.019839069754	0.018262741627	200000
4	2	0.500000000000	0.250000000000	1	0.459440000000	0.233158000000	0.020644044579	0.019147575974	98000
4	2	0.500000000000	0.250000000000	2	0.274520000000	0.404538000000	0.019505436731	0.020398300092	200000
4	2	0.500000000000	0.250000000000	3	0.337244000000	0.343232000000	0.019336658718	0.019153094189	76000
4	3	0.500000000000	0.374000000000	1	0.377766000000	0.292310000000	0.021506365750	0.019863294048	200000
4	3	0.500000000000	0.374000000000	2	0.403560000000	0.282040000000	0.011015613634	0.010940479610	54000
4	3	0.500000000000	0.374000000000	3	0.668946000000	0.024044000000	0.025298638404	0.018605381593	200000
4	4	0.500000000000	0.500000000000	1	0.290450000000	0.392454000000	0.020735077609	0.022674214518	168000
4	4	0.500000000000	0.500000000000	2	0.252660000000	0.426820000000	0.029102634990	0.029500743955	200000
4	4	0.500000000000	0.500000000000	3	0.251948000000	0.429312000000	0.022587684687	0.024971468323	48000
4	5	0.500000000000	0.624000000000	1	0.674230000000	0.000000000000	0.017821467524	0.000000000000	48000
4	5	0.500000000000	0.624000000000	2	0.331098000000	0.349738000000	0.013750180488	0.011760683214	80000
4	5	0.500000000000	0.624000000000	3	0.619158000000	0.079902000000	0.013006775627	0.011952625706	166000
4	6	0.500000000000	0.750000000000	1	0.320120000000	0.367848000000	0.011614150356	0.012199250703	200000
4	6	0.500000000000	0.750000000000	2	0.690530000000	0.000000000000	0.012358148074	0.000000000000	154000
4	6	0.500000000000	0.750000000000	3	0.687296000000	0.000000000000	0.011395536066	0.000000000000	200000
4	7	0.500000000000	0.874000000000	1	0.673854000000	0.000000000000	0.009857375505	0.000000000000	200000
4	7	0.500000000000	0.874000000000	2	0.224986000000	0.453312000000	0.016921647265	0.022437783093	200000
4	7	0.500000000000	0.874000000000	3	0.382146000000	0.308308000000	0.013180455546	0.009876977812	192000
4	8	0.500000000000	1.000000000000	1	0.000000000000	1.000000000000	0.000000000000	0.000000000000	6000
4	8	0.500000000000	1.000000000000	2	0.000000000000	1.000000000000	0.000000000000	0.000000000000	6000
4	8	0.500000000000	1.000000000000	3	0.000000000000	1.000000000000	0.000000000000	0.000000000000	6000
5	0	0.624000000000	0.000000000000	1	0.671182000000	0.000000000000	0.013082891043	0.000000000000	8000
5	0	0.624000000000	0.000000000000	2	0.661130000000	0.000000000000	0.008849712844	0.000000000000	32000
5	0	0.624000000000	0.000000000000	3	0.671602000000	0.000000000000	0.014462321901	0.000000000000	90000
5	1	0.624000000000	0.124000000000	1	0.318300000000	0.368130000000	0.033065682200	0.031706535673	168000
5	1	0.624000000000	0.124000000000	2	0.453922000000	0.234976000000	0.046988060120	0.039352916996	22000
5	1	0.624000000000	0.124000000000	3	0.332416000000	0.348806000000	0.025979335439	0.026260311650	200000
5	2	0.624000000000	0.250000000000	1	0.652458000000	0.000000000000	0.012815555957	0.000000000000	86000
5	2	0.624000000000	0.250000000000	2	0.240488000000	0.443582000000	0.025021989448	0.022626825877	200000
5	2	0.624000000000	0.250000000000	3	0.470578000000	0.207154000000	0.016568416594	0.012155823627	200000
5	3	0.624000000000	0.374000000000	1	0.319966000000	0.370040000000	0.017850083178	0.021081053361	200000
5	3	0.624000000000	0.374000000000	2	0.349954000000	0.332652000000	0.030205334732	0.019277617138	200000
5	3	0.624000000000	0.374000000000	3	0.312466000000	0.375772000000	0.024439478966	0.028484370721	88000
5	4	0.624000000000	0.500000000000	1	0.333660000000	0.352832000000	0.014257899133	0.010238193034	74000
5	4	0.624000000000	0.500000000000	2	0.449446000000	0.229876000000	0.027121664194	0.023338923054	200000
5	4	0.624000000000	0.500000000000	3	0.465400000000	0.211392000000	0.028737882070	0.023677816094	178000
5	5	0.624000000000	0.624000000000	1	0.371976000000	0.319106000000	0.014618246034	0.014374818239	200000
5	5	0.624000000000	0.624000000000	2	0.268652000000	0.416628000000	0.015198087968	0.019233916906	200000
5	5	0.624000000000	0.624000000000	3	0.656554000000	0.000000000000	0.011894139505	0.000000000000	200000
5	6	0.624000000000	0.750000000000	1	0.370322000000	0.311128000000	0.011585963514	0.016942687823	40000
5	6	0.624000000000	0.750000000000	2	0.427914000000	0.250072000000	0.016200094044	0.011420211786	200000
5	6	0.624000000000	0.750000000000	3	0.266368000000	0.431926000000	0.022652012928	0.023832887583	200000
5	7	0.624000000000	0.874000000000	1	0.338812000000	0.341184000000	0.024303318854	0.026087059602	200000
5	7	0.624000000000	0.874000000000	2	0.463638000000	0.216484000000	0.025683391376	0.028646576940	200000
5	7	0.624000000000	0.874000000000	3	0.311632000000	0.374100000000	0.013239027451	0.020426630834	200000
5	8	0.624000000000	1.000000000000	1	0.000000000000	1.000000000000	0.000000000000	0.000000000000	6000
5	8	0.624000000000	1.000000000000	2	0.000000000000	1.000000000000	0.000000000000	0.000000000000	6000
5	8	0.624000000000	1.000000000000	3	0.000000000000	1.000000000000	0.000000000000	0.000000000000	6000
6	0	0.750000000000	0.000000000000	1	0.678232000000	0.000000000000	0.011733194102	0.000000000000	30000
6	0	0.750000000000	0.000000000000	2	0.649354000000	0.000000000000	0.012523558740	0.000000000000	26000
6	0	0.750000000000	0.000000000000	3	0.678238000000	0.000000000000	0.011945964258	0.000000000000	44000
6	1	0.750000000000	0.124000000000	1	0.681536000000	0.000000000000	0.010607224765	0.000000000000	44000
6	1	0.750000000000	0.124000000000	2	0.478966000000	0.207394000000	0.017271280819	0.016408351471	44000
6	1	0.750000000000	0.124000000000	3	0.636606000000	0.040212000000	0.010734243708	0.009284463219	200000
6	2	0.750000000000	0.250000000000	1	0.279492000000	0.410996000000	0.022081792082	0.021148409851	150000
6	2	0.750000000000	0.250000000000	2	0.257540000000	0.431154000000	0.020995742931	0.018663241964	200000
6	2	0.750000000000	0.250000000000	3	0.318472000000	0.367410000000	0.017618843312	0.019846253394	200000
6	3	0.750000000000	0.374000000000	1	0.664930000000	0.000000000000	0.012465572209	0.000000000000	80000
6	3	0.750000000000	0.374000000000	2	0.336926000000	0.357862000000	0.028271997273	0.024413540853	44000
6	3	0.750000000000	0.374000000000	3	0.487360000000	0.189988000000	0.014173471250	0.012747170131	130000
6	4	0.750000000000	0.500000000000	1	0.181332000000	0.501224000000	0.020407308353	0.019278420098	200000
6	4	0.750000000000	0.500000000000	2	0.144550000000	0.537954000000	0.010092936509	0.009737797939	200000
6	4	0.750000000000	0.500000000000	3	0.674540000000	0.000000000000	0.013765823546	0.000000000000	118000
6	5	0.750000000000	0.624000000000	1	0.425248000000	0.250188000000	0.011464289159	0.011081130242	42000
6	5	0.750000000000	0.624000000000	2	0.421210000000	0.267296000000	0.016419546324	0.015910170254	34000
6	5	0.750000000000	0.624000000000	3	0.385316000000	0.301102000000	0.014080994937	0.012380907999	110000
6	6	0.750000000000	0.750000000000	1	0.272138000000	0.410384000000	0.019184812040	0.022225267299	200000
6	6	0.750000000000	0.750000000000	2	0.352364000000	0.336256000000	0.027741757499	0.030255344154	200000
6	6	0.750000000000	0.750000000000	3	0.448476000000	0.237824000000	0.028291302936	0.022214556275	200000
6	7	0.750000000000	0.874000000000	1	0.585148000000	0.104066000000	0.016386781948	0.012891774193	200000
6	7	0.750000000000	0.874000000000	2	0.250966000000	0.440886000000	0.022859426883	0.023158136870	118000
6	7	0.750000000000	0.874000000000	3	0.346898000000	0.336350000000	0.028066801409	0.029388453195	92000
6	8	0.750000000000	1.000000000000	1	0.000000000000	1.000000000000	0.000000000000	0.000000000000	6000
6	8	0.750000000000	1.000000000000	2	0.000000000000	1.000000000000	0.000000000000	0.000000000000	6000
6	8	0.750000000000	1.000000000000	3	0.000000000000	1.000000000000	0.000000000000	0.000000000000	6000
7	0	0.874000000000	0.000000000000	1	0.665706000000	0.000000000000	0.009959556052	0.000000000000	20000
7	0	0.874000000000	0.000000000000	2	0.653172000000	0.000000000000	0.011571357410	0.000000000000	26000
7	0	0.874000000000	0.000000000000	3	0.666992000000	0.000000000000	0.011287131404	0.000000000000	6000
7	1	0.874000000000	0.124000000000	1	0.394264000000	0.287048000000	0.026944838621	0.025094769245	200000
7	1	0.874000000000	0.124000000000	2	0.675580000000	0.000000000000	0.013597076174	0.000000000000	26000
7	1	0.874000000000	0.124000000000	3	0.686252000000	0.000000000000	0.011990340457	0.000000000000	12000
7	2	0.874000000000	0.250000000000	1	0.661964000000	0.000000000000	0.010999986532	0.000000000000	66000
7	2	0.874000000000	0.250000000000	2	0.661206000000	0.000000000000	0.014699852028	0.000000000000	32000
7	2	0.874000000000	0.250000000000	3	0.282282000000	0.412182000000	0.017185220621	0.017462526043	32000
7	3	0.874000000000	0.374000000000	1	0.668536000000	0.000000000000	0.011797452432	0.000000000000	116000
7	3	0.874000000000	0.374000000000	2	0.669096000000	0.000000000000	0.010206613491	0.000000000000	20000
7	3	0.874000000000	0.374000000000	3	0.662240000000	0.000000000000	0.014701514702	0.000000000000	98000
7	4	0.874000000000	0.500000000000	1	0.467370000000	0.213670000000	0.019481545899	0.016705153761	32000
7	4	0.874000000000	0.500000000000	2	0.275994000000	0.404346000000	0.020220901287	0.020813973804	200000
7	4	0.874000000000	0.500000000000	3	0.538710000000	0.131926000000	0.020135176317	0.025744228271	200000
7	5	0.874000000000	0.624000000000	1	0.350390000000	0.326348000000	0.020312964247	0.016668195005	104000
7	5	0.874000000000	0.624000000000	2	0.486126000000	0.194514000000	0.017884405944	0.012741984232	200000
7	5	0.874000000000	0.624000000000	3	0.331480000000	0.343408000000	0.020341272511	0.026595579724	200000
7	6	0.874000000000	0.750000000000	1	0.329046000000	0.366408000000	0.020213422928	0.020523517017	200000
7	6	0.874000000000	0.750000000000	2	0.504146000000	0.174708000000	0.018552813557	0.013578627144	200000
7	6	0.874000000000	0.750000000000	3	0.403438000000	0.277682000000	0.023661445856	0.021819875870	92000
7	7	0.874000000000	0.874000000000	1	0.387326000000	0.300702000000	0.017792422384	0.015211001629	16000
7	7	0.874000000000	0.874000000000	2	0.286822000000	0.405636000000	0.017901082782	0.019507332981	20000
7	7	0.874000000000	0.874000000000	3	0.000000000000	0.674596000000	0.000000000000	0.012722210446	84000
7	8	0.874000000000	1.000000000000	1	0.000000000000	1.000000000000	0.000000000000	0.000000000000	6000
7	8	0.874000000000	1.000000000000	2	0.000000000000	1.000000000000	0.000000000000	0.000000000000	6000
7	8	0.874000000000	1.000000000000	3	0.000000000000	1.000000000000	0.000000000000	0.000000000000	6000
8	0	1.000000000000	0.000000000000	1	1.000000000000	0.000000000000	0.000000000000	0.000000000000	4000
8	0	1.000000000000	0.000000000000	2	1.000000000000	0.000000000000	0.000000000000	0.000000000000	4000
8	0	1.000000000000	0.000000000000	3	1.000000000000	0.000000000000	0.000000000000	0.000000000000	4000
8	1	1.000000000000	0.124000000000	1	1.000000000000	0.000000000000	0.000000000000	0.000000000000	6000
8	1	1.000000000000	0.124000000000	2	1.000000000000	0.000000000000	0.000000000000	0.000000000000	6000
8	1	1.000000000000	0.124000000000	3	1.000000000000	0.000000000000	0.000000000000	0.000000000000	6000
8	2	1.000000000000	0.250000000000	1	1.000000000000	0.000000000000	0.000000000000	0.000000000000	6000
8	2	1.000000000000	0.250000000000	2	1.000000000000	0.000000000000	0.000000000000	0.000000000000	6000
8	2	1.000000000000	0.250000000000	3	1.000000000000	0.000000000000	0.000000000000	0.000000000000	6000
8	3	1.000000000000	0.374000000000	1	1.000000000000	0.000000000000	0.000000000000	0.000000000000	6000
8	3	1.000000000000	0.374000000000	2	1.000000000000	0.000000000000	0.000000000000	0.000000000000	6000
8	3	1.000000000000	0.374000000000	3	1.000000000000	0.000000000000	0.000000000000	0.000000000000	6000
8	4	1.000000000000	0.500000000000	1	1.000000000000	0.000000000000	0.000000000000	0.000000000000	6000
8	4	1.000000000000	0.500000000000	2	1.000000000000	0.000000000000	0.000000000000	0.000000000000	6000
8	4	1.000000000000	0.500000000000	3	1.000000000000	0.000000000000	0.000000000000	0.000000000000	6000
8	5	1.000000000000	0.624000000000	1	1.000000000000	0.000000000000	0.000000000000	0.000000000000	6000
8	5	1.000000000000	0.624000000000	2	1.000000000000	0.000000000000	0.000000000000	0.000000000000	6000
8	5	1.000000000000	0.624000000000	3	1.000000000000	0.000000000000	0.000000000000	0.000000000000	6000
8	6	1.000000000000	0.750000000000	1	1.000000000000	0.000000000000	0.000000000000	0.000000000000	6000
8	6	1.000000000000	0.750000000000	2	1.000000000000	0.000000000000	0.000000000000	0.000000000000	6000
8	6	1.000000000000	0.750000000000	3	1.000000000000	0.000000000000	0.000000000000	0.000000000000	6000
8	7	1.000000000000	0.874000000000	1	1.000000000000	0.000000000000	0.000000000000	0.000000000000	6000
8	7	1.000000000000	0.874000000000	2	1.000000000000	0.000000000000	0.000000000000	0.000000000000	6000
8	7	1.000000000000	0.874000000000	3	1.000000000000	0.000000000000	0.000000000000	0.000000000000	6000
8	8	1.000000000000	1.000000000000	1	1.000000000000	1.000000000000	0.000000000000	0.000000000000	4000
8	8	1.000000000000	1.000000000000	2	1.000000000000	1.000000000000	0.000000000000	0.000000000000	4000
8	8	1.000000000000	1.000000000000	3	1.000000000000	1.000000000000	0.000000000000	0.000000000000	4000
