# scan initial plane
# b 1.15
# r 0
# e -0.4
# p12 0.24
# ndiv 8
# n_reps 3
# A:(0,1),	A':(0,0.640),	B:(1,0),	B'=(0.640,0),	C:(1,1),	D:(0,0),	E:(0.340,0.340) 
# columns: ix iy x1_0 x2_0 rep x1_inf x2_inf sigma_1 sigma_2 t_relax
5	0	0.624000000000	0.000000000000	1	0.814786000000	0.000000000000	0.012553238140	0.000000000000	58000
5	0	0.624000000000	0.000000000000	2	0.788086000000	0.000000000000	0.009921645178	0.000000000000	46000
5	0	0.624000000000	0.000000000000	3	0.772800000000	0.000000000000	0.013813283708	0.000000000000	56000
5	1	0.624000000000	0.124000000000	1	0.761198000000	0.000000000000	0.010460890317	0.000000000000	42000
5	1	0.624000000000	0.124000000000	2	0.787796000000	0.000000000000	0.012501947156	0.000000000000	66000
5	1	0.624000000000	0.124000000000	3	0.783998000000	0.000000000000	0.010401162444	0.000000000000	30000
5	2	0.624000000000	0.250000000000	1	0.769014000000	0.000000000000	0.010051708354	0.000000000000	18000
5	2	0.624000000000	0.250000000000	2	0.779344000000	0.000000000000	0.014582946421	0.000000000000	16000
5	2	0.624000000000	0.250000000000	3	0.772732000000	0.000000000000	0.007760696129	0.000000000000	22000
5	3	0.624000000000	0.374000000000	1	0.767062000000	0.000000000000	0.009324543051	0.000000000000	18000
5	3	0.624000000000	0.374000000000	2	0.769374000000	0.000000000000	0.010928291337	0.000000000000	10000
5	3	0.624000000000	0.374000000000	3	0.775890000000	0.000000000000	0.012497843658	0.000000000000	32000
5	4	0.624000000000	0.500000000000	1	0.764846000000	0.000000000000	0.011956891371	0.000000000000	26000
5	4	0.624000000000	0.500000000000	2	0.773730000000	0.000000000000	0.011424080252	0.000000000000	52000
5	4	0.624000000000	0.500000000000	3	0.762494000000	0.000000000000	0.011321136521	0.000000000000	26000
5	5	0.624000000000	0.624000000000	1	0.000000000000	0.777614000000	0.000000000000	0.019815944986	48000
5	5	0.624000000000	0.624000000000	2	0.000000000000	0.770588000000	0.000000000000	0.013209267230	26000
5	5	0.624000000000	0.624000000000	3	0.000000000000	0.781524000000	0.000000000000	0.012120409578	38000
5	6	0.624000000000	0.750000000000	1	0.000000000000	0.756832000000	0.000000000000	0.012763333369	24000
5	6	0.624000000000	0.750000000000	2	0.000000000000	0.770560000000	0.000000000000	0.010347631298	32000
5	6	0.624000000000	0.750000000000	3	0.000000000000	0.775418000000	0.000000000000	0.009562254583	38000
5	7	0.624000000000	0.874000000000	1	0.000000000000	0.754582000000	0.000000000000	0.010165067860	38000
5	7	0.624000000000	0.874000000000	2	0.000000000000	0.762164000000	0.000000000000	0.009330603633	46000
5	7	0.624000000000	0.874000000000	3	0.000000000000	0.771734000000	0.000000000000	0.011571825748	20000
5	8	0.624000000000	1.000000000000	1	0.000000000000	1.000000000000	0.000000000000	0.000000000000	6000
5	8	0.624000000000	1.000000000000	2	0.000000000000	1.000000000000	0.000000000000	0.000000000000	6000
5	8	0.624000000000	1.000000000000	3	0.000000000000	1.000000000000	0.000000000000	0.000000000000	6000
