# scan initial plane
# b 1.15
# r 0
# e -0.4
# p12 0.24
# ndiv 8
# n_reps 3
# A:(0,1),	A':(0,0.640),	B:(1,0),	B'=(0.640,0),	C:(1,1),	D:(0,0),	E:(0.340,0.340) 
# columns: ix iy x1_0 x2_0 rep x1_inf x2_inf sigma_1 sigma_2 t_relax
7	0	0.874000000000	0.000000000000	1	0.794758000000	0.000000000000	0.012407392126	0.000000000000	12000
7	0	0.874000000000	0.000000000000	2	0.786434000000	0.000000000000	0.010381301239	0.000000000000	10000
7	0	0.874000000000	0.000000000000	3	0.794346000000	0.000000000000	0.009552357381	0.000000000000	10000
7	1	0.874000000000	0.124000000000	1	0.791052000000	0.000000000000	0.012654700211	0.000000000000	36000
7	1	0.874000000000	0.124000000000	2	0.786816000000	0.000000000000	0.009761015389	0.000000000000	20000
7	1	0.874000000000	0.124000000000	3	0.785916000000	0.000000000000	0.013137638355	0.000000000000	30000
7	2	0.874000000000	0.250000000000	1	0.780230000000	0.000000000000	0.008725321268	0.000000000000	10000
7	2	0.874000000000	0.250000000000	2	0.788122000000	0.000000000000	0.009225303367	0.000000000000	14000
7	2	0.874000000000	0.250000000000	3	0.801062000000	0.000000000000	0.010108329948	0.000000000000	68000
7	3	0.874000000000	0.374000000000	1	0.777916000000	0.000000000000	0.011915994920	0.000000000000	54000
7	3	0.874000000000	0.374000000000	2	0.791748000000	0.000000000000	0.009976172614	0.000000000000	36000
7	3	0.874000000000	0.374000000000	3	0.790712000000	0.000000000000	0.011346444280	0.000000000000	106000
7	4	0.874000000000	0.500000000000	1	0.791328000000	0.000000000000	0.010443442032	0.000000000000	70000
7	4	0.874000000000	0.500000000000	2	0.793704000000	0.000000000000	0.012233971312	0.000000000000	22000
7	4	0.874000000000	0.500000000000	3	0.786200000000	0.000000000000	0.011845180805	0.000000000000	20000
7	5	0.874000000000	0.624000000000	1	0.784172000000	0.000000000000	0.012401460084	0.000000000000	20000
7	5	0.874000000000	0.624000000000	2	0.778222000000	0.000000000000	0.011655151589	0.000000000000	14000
7	5	0.874000000000	0.624000000000	3	0.779962000000	0.000000000000	0.013236985071	0.000000000000	28000
7	6	0.874000000000	0.750000000000	1	0.757994000000	0.000000000000	0.014550865668	0.000000000000	28000
7	6	0.874000000000	0.750000000000	2	0.770516000000	0.000000000000	0.012015244904	0.000000000000	46000
7	6	0.874000000000	0.750000000000	3	0.761120000000	0.000000000000	0.011847952311	0.000000000000	46000
7	7	0.874000000000	0.874000000000	1	0.766088000000	0.000000000000	0.013683109423	0.000000000000	32000
7	7	0.874000000000	0.874000000000	2	0.778332000000	0.000000000000	0.011212113426	0.000000000000	96000
7	7	0.874000000000	0.874000000000	3	0.769934000000	0.000000000000	0.014249585773	0.000000000000	68000
7	8	0.874000000000	1.000000000000	1	0.000000000000	1.000000000000	0.000000000000	0.000000000000	6000
7	8	0.874000000000	1.000000000000	2	0.000000000000	1.000000000000	0.000000000000	0.000000000000	6000
7	8	0.874000000000	1.000000000000	3	0.000000000000	1.000000000000	0.000000000000	0.000000000000	6000
