# scan initial plane
# b 1.3
# r 0
# e -0.4
# p12 0.3
# ndiv 10
# n_reps 5
# A:(0,1),	A':(0,0.400),	B:(1,0),	B'=(0.400,0),	C:(1,1),	D:(0,0),	E:(0.235,0.235) 
# columns: ix iy x1_0 x2_0 rep x1_inf x2_inf sigma_1 sigma_2 t_relax
0	0	0.000000000000	0.000000000000	1	0.000000000000	0.000000000000	0.000000000000	0.000000000000	4000
0	0	0.000000000000	0.000000000000	2	0.000000000000	0.000000000000	0.000000000000	0.000000000000	4000
0	0	0.000000000000	0.000000000000	3	0.000000000000	0.000000000000	0.000000000000	0.000000000000	4000
0	0	0.000000000000	0.000000000000	4	0.000000000000	0.000000000000	0.000000000000	0.000000000000	4000
0	0	0.000000000000	0.000000000000	5	0.000000000000	0.000000000000	0.000000000000	0.000000000000	4000
0	1	0.000000000000	0.100000000000	1	0.000000000000	0.351640000000	0.000000000000	0.022221705700	20000
0	1	0.000000000000	0.100000000000	2	0.000000000000	0.368800000000	0.000000000000	0.025546283734	10000
0	1	0.000000000000	0.100000000000	3	0.000000000000	0.366000000000	0.000000000000	0.019824050872	30000
0	1	0.000000000000	0.100000000000	4	0.000000000000	0.362930000000	0.000000000000	0.021479675893	30000
0	1	0.000000000000	0.100000000000	5	0.000000000000	0.363050000000	0.000000000000	0.017598500141	22000
0	2	0.000000000000	0.200000000000	1	0.000000000000	0.346700000000	0.000000000000	0.022499249237	30000
0	2	0.000000000000	0.200000000000	2	0.000000000000	0.354980000000	0.000000000000	0.019156371435	28000
0	2	0.000000000000	0.200000000000	3	0.000000000000	0.367080000000	0.000000000000	0.026309043422	26000
0	2	0.000000000000	0.200000000000	4	0.000000000000	0.367020000000	0.000000000000	0.019937831304	4000
0	2	0.000000000000	0.200000000000	5	0.000000000000	0.354480000000	0.000000000000	0.021349130788	4000
0	3	0.000000000000	0.300000000000	1	0.000000000000	0.359770000000	0.000000000000	0.025343428919	10000
0	3	0.000000000000	0.300000000000	2	0.000000000000	0.351140000000	0.000000000000	0.019821536098	22000
0	3	0.000000000000	0.300000000000	3	0.000000000000	0.351980000000	0.000000000000	0.023320021943	10000
0	3	0.000000000000	0.300000000000	4	0.000000000000	0.362780000000	0.000000000000	0.021511260640	10000
0	3	0.000000000000	0.300000000000	5	0.000000000000	0.363410000000	0.000000000000	0.023804170612	16000
0	4	0.000000000000	0.400000000000	1	0.000000000000	0.362460000000	0.000000000000	0.024452941466	4000
0	4	0.000000000000	0.400000000000	2	0.000000000000	0.359450000000	0.000000000000	0.021195441650	4000
0	4	0.000000000000	0.400000000000	3	0.000000000000	0.359890000000	0.000000000000	0.026267429982	24000
0	4	0.000000000000	0.400000000000	4	0.000000000000	0.358510000000	0.000000000000	0.022812283978	20000
0	4	0.000000000000	0.400000000000	5	0.000000000000	0.349980000000	0.000000000000	0.023544722423	16000
0	5	0.000000000000	0.500000000000	1	0.000000000000	0.346030000000	0.000000000000	0.016858924145	8000
0	5	0.000000000000	0.500000000000	2	0.000000000000	0.350360000000	0.000000000000	0.024800917029	16000
0	5	0.000000000000	0.500000000000	3	0.000000000000	0.356870000000	0.000000000000	0.018238304081	30000
0	5	0.000000000000	0.500000000000	4	0.000000000000	0.358540000000	0.000000000000	0.022279245157	6000
0	5	0.000000000000	0.500000000000	5	0.000000000000	0.363510000000	0.000000000000	0.017991764883	8000
0	6	0.000000000000	0.600000000000	1	0.000000000000	0.360630000000	0.000000000000	0.023521402092	6000
0	6	0.000000000000	0.600000000000	2	0.000000000000	0.358500000000	0.000000000000	0.024534709127	6000
0	6	0.000000000000	0.600000000000	3	0.000000000000	0.357310000000	0.000000000000	0.023643665598	12000
0	6	0.000000000000	0.600000000000	4	0.000000000000	0.360140000000	0.000000000000	0.024297546600	6000
0	6	0.000000000000	0.600000000000	5	0.000000000000	0.358580000000	0.000000000000	0.022178265836	10000
0	7	0.000000000000	0.700000000000	1	0.000000000000	0.353130000000	0.000000000000	0.023169806644	8000
0	7	0.000000000000	0.700000000000	2	0.000000000000	0.364000000000	0.000000000000	0.021681099374	12000
0	7	0.000000000000	0.700000000000	3	0.000000000000	0.363250000000	0.000000000000	0.028968546334	22000
0	7	0.000000000000	0.700000000000	4	0.000000000000	0.359060000000	0.000000000000	0.017934269933	26000
0	7	0.000000000000	0.700000000000	5	0.000000000000	0.371520000000	0.000000000000	0.019521031496	30000
0	8	0.000000000000	0.800000000000	1	0.000000000000	0.358010000000	0.000000000000	0.018511687729	10000
0	8	0.000000000000	0.800000000000	2	0.000000000000	0.353260000000	0.000000000000	0.020726842548	14000
0	8	0.000000000000	0.800000000000	3	0.000000000000	0.364060000000	0.000000000000	0.020102749079	30000
0	8	0.000000000000	0.800000000000	4	0.000000000000	0.359440000000	0.000000000000	0.016660251017	30000
0	8	0.000000000000	0.800000000000	5	0.000000000000	0.359940000000	0.000000000000	0.018262801809	8000
0	9	0.000000000000	0.900000000000	1	0.000000000000	0.355300000000	0.000000000000	0.021070214853	28000
0	9	0.000000000000	0.900000000000	2	0.000000000000	0.359870000000	0.000000000000	0.019236765662	20000
0	9	0.000000000000	0.900000000000	3	0.000000000000	0.349910000000	0.000000000000	0.022834476419	6000
0	9	0.000000000000	0.900000000000	4	0.000000000000	0.354810000000	0.000000000000	0.020837420620	12000
0	9	0.000000000000	0.900000000000	5	0.000000000000	0.357010000000	0.000000000000	0.025514915460	6000
0	10	0.000000000000	1.000000000000	1	0.000000000000	1.000000000000	0.000000000000	0.000000000000	4000
0	10	0.000000000000	1.000000000000	2	0.000000000000	1.000000000000	0.000000000000	0.000000000000	4000
0	10	0.000000000000	1.000000000000	3	0.000000000000	1.000000000000	0.000000000000	0.000000000000	4000
0	10	0.000000000000	1.000000000000	4	0.000000000000	1.000000000000	0.000000000000	0.000000000000	4000
0	10	0.000000000000	1.000000000000	5	0.000000000000	1.000000000000	0.000000000000	0.000000000000	4000
1	0	0.100000000000	0.000000000000	1	0.359920000000	0.000000000000	0.022775256581	0.000000000000	8000
1	0	0.100000000000	0.000000000000	2	0.357080000000	0.000000000000	0.021253830839	0.000000000000	10000
1	0	0.100000000000	0.000000000000	3	0.353450000000	0.000000000000	0.018956710075	0.000000000000	6000
1	0	0.100000000000	0.000000000000	4	0.360060000000	0.000000000000	0.020823785199	0.000000000000	30000
1	0	0.100000000000	0.000000000000	5	0.362470000000	0.000000000000	0.020582097141	0.000000000000	6000
1	1	0.100000000000	0.100000000000	1	0.216670000000	0.195510000000	0.035570723585	0.026620453575	30000
1	1	0.100000000000	0.100000000000	2	0.236520000000	0.170860000000	0.033725762067	0.035781849320	30000
1	1	0.100000000000	0.100000000000	3	0.220990000000	0.187620000000	0.044005185562	0.044385872817	14000
1	1	0.100000000000	0.100000000000	4	0.101920000000	0.287330000000	0.037793411356	0.033676478516	30000
1	1	0.100000000000	0.100000000000	5	0.000000000000	0.356920000000	0.000000000000	0.019059823632	30000
1	2	0.100000000000	0.200000000000	1	0.148830000000	0.260880000000	0.045236903933	0.037053995717	30000
1	2	0.100000000000	0.200000000000	2	0.150550000000	0.246220000000	0.033560748261	0.030318819747	30000
1	2	0.100000000000	0.200000000000	3	0.195150000000	0.222020000000	0.031127904627	0.032670888984	30000
1	2	0.100000000000	0.200000000000	4	0.224960000000	0.190190000000	0.035654868807	0.030913096246	30000
1	2	0.100000000000	0.200000000000	5	0.115690000000	0.278620000000	0.031826668642	0.026918770778	16000
1	3	0.100000000000	0.300000000000	1	0.137420000000	0.273530000000	0.027395147273	0.031458365004	30000
1	3	0.100000000000	0.300000000000	2	0.219390000000	0.187460000000	0.031672243858	0.030428182237	30000
1	3	0.100000000000	0.300000000000	3	0.159380000000	0.263010000000	0.032983382233	0.036889032255	30000
1	3	0.100000000000	0.300000000000	4	0.245150000000	0.151350000000	0.046274386207	0.035588538099	30000
1	3	0.100000000000	0.300000000000	5	0.361550000000	0.000000000000	0.019325397046	0.000000000000	30000
1	4	0.100000000000	0.400000000000	1	0.194120000000	0.204250000000	0.032724554947	0.032435930534	30000
1	4	0.100000000000	0.400000000000	2	0.215260000000	0.193460000000	0.041584392044	0.031582049107	30000
1	4	0.100000000000	0.400000000000	3	0.214720000000	0.185060000000	0.029485436931	0.021481570191	30000
1	4	0.100000000000	0.400000000000	4	0.215910000000	0.205750000000	0.025393241556	0.027139898196	30000
1	4	0.100000000000	0.400000000000	5	0.138380000000	0.267620000000	0.041507812500	0.047734832295	14000
1	5	0.100000000000	0.500000000000	1	0.236470000000	0.189660000000	0.038609970601	0.042351836773	30000
1	5	0.100000000000	0.500000000000	2	0.166770000000	0.236560000000	0.031372780421	0.033124970395	18000
1	5	0.100000000000	0.500000000000	3	0.000000000000	0.361250000000	0.000000000000	0.021670420095	18000
1	5	0.100000000000	0.500000000000	4	0.226240000000	0.184290000000	0.056437998260	0.053319216412	4000
1	5	0.100000000000	0.500000000000	5	0.086750000000	0.304760000000	0.041335773201	0.038398135590	30000
1	6	0.100000000000	0.600000000000	1	0.184620000000	0.227620000000	0.043794675174	0.054072723803	28000
1	6	0.100000000000	0.600000000000	2	0.231750000000	0.184780000000	0.028626158613	0.033983915409	16000
1	6	0.100000000000	0.600000000000	3	0.211200000000	0.194440000000	0.034649106201	0.029677721731	30000
1	6	0.100000000000	0.600000000000	4	0.240830000000	0.166500000000	0.034321845654	0.041589417881	30000
1	6	0.100000000000	0.600000000000	5	0.239820000000	0.182400000000	0.027366339114	0.034120436753	30000
1	7	0.100000000000	0.700000000000	1	0.236530000000	0.165600000000	0.030541641932	0.030580633989	30000
1	7	0.100000000000	0.700000000000	2	0.207090000000	0.194200000000	0.032822388841	0.032585607587	30000
1	7	0.100000000000	0.700000000000	3	0.000000000000	0.355730000000	0.000000000000	0.022493845226	6000
1	7	0.100000000000	0.700000000000	4	0.225750000000	0.183220000000	0.048932932999	0.058733987446	30000
1	7	0.100000000000	0.700000000000	5	0.219320000000	0.202700000000	0.049396129176	0.035039088712	30000
1	8	0.100000000000	0.800000000000	1	0.000000000000	0.362950000000	0.000000000000	0.029017917560	14000
1	8	0.100000000000	0.800000000000	2	0.182670000000	0.225780000000	0.038113301139	0.031711152568	30000
1	8	0.100000000000	0.800000000000	3	0.209710000000	0.210520000000	0.043640811409	0.042731201195	30000
1	8	0.100000000000	0.800000000000	4	0.240310000000	0.172820000000	0.029831087707	0.030264889948	30000
1	8	0.100000000000	0.800000000000	5	0.200880000000	0.207010000000	0.021737021371	0.019574040029	30000
1	9	0.100000000000	0.900000000000	1	0.230920000000	0.184090000000	0.059047779300	0.060327533609	30000
1	9	0.100000000000	0.900000000000	2	0.354620000000	0.000000000000	0.020006395374	0.000000000000	28000
1	9	0.100000000000	0.900000000000	3	0.067480000000	0.308970000000	0.050588623314	0.030261441718	22000
1	9	0.100000000000	0.900000000000	4	0.209660000000	0.189610000000	0.032832337144	0.032111977190	30000
1	9	0.100000000000	0.900000000000	5	0.206610000000	0.207840000000	0.038320704278	0.036269130812	26000
1	10	0.100000000000	1.000000000000	1	0.000000000000	1.000000000000	0.000000000000	0.000000000000	6000
1	10	0.100000000000	1.000000000000	2	0.000000000000	1.000000000000	0.000000000000	0.000000000000	6000
1	10	0.100000000000	1.000000000000	3	0.000000000000	1.000000000000	0.000000000000	0.000000000000	6000
1	10	0.100000000000	1.000000000000	4	0.000000000000	1.000000000000	0.000000000000	0.000000000000	6000
1	10	0.100000000000	1.000000000000	5	0.000000000000	1.000000000000	0.000000000000	0.000000000000	6000
2	0	0.200000000000	0.000000000000	1	0.360470000000	0.000000000000	0.021530040470	0.000000000000	6000
2	0	0.200000000000	0.000000000000	2	0.366550000000	0.000000000000	0.019646462366	0.000000000000	24000
2	0	0.200000000000	0.000000000000	3	0.352980000000	0.000000000000	0.020936999736	0.000000000000	12000
2	0	0.200000000000	0.000000000000	4	0.353400000000	0.000000000000	0.021059047545	0.000000000000	14000
2	0	0.200000000000	0.000000000000	5	0.364460000000	0.000000000000	0.024275454634	0.000000000000	10000
2	1	0.200000000000	0.100000000000	1	0.278230000000	0.140690000000	0.039437576275	0.044020014331	6000
2	1	0.200000000000	0.100000000000	2	0.225600000000	0.186610000000	0.036361547852	0.035313665272	12000
2	1	0.200000000000	0.100000000000	3	0.358060000000	0.000000000000	0.023003598970	0.000000000000	30000
2	1	0.200000000000	0.100000000000	4	0.145970000000	0.257890000000	0.033412205487	0.035787269086	30000
2	1	0.200000000000	0.100000000000	5	0.278110000000	0.136140000000	0.039190097777	0.037160210996	30000
2	2	0.200000000000	0.200000000000	1	0.221820000000	0.193280000000	0.030192701091	0.034161507704	30000
2	2	0.200000000000	0.200000000000	2	0.119370000000	0.280780000000	0.041250511569	0.039683326050	30000
2	2	0.200000000000	0.200000000000	3	0.000000000000	0.354100000000	0.000000000000	0.021095853503	30000
2	2	0.200000000000	0.200000000000	4	0.324320000000	0.065680000000	0.019948321622	0.019650031138	26000
2	2	0.200000000000	0.200000000000	5	0.000000000000	0.357970000000	0.000000000000	0.019813421503	20000
2	3	0.200000000000	0.300000000000	1	0.161450000000	0.239750000000	0.048374969123	0.043992872978	30000
2	3	0.200000000000	0.300000000000	2	0.000000000000	0.366850000000	0.000000000000	0.018355228531	14000
2	3	0.200000000000	0.300000000000	3	0.230500000000	0.178950000000	0.034300532453	0.047634720179	12000
2	3	0.200000000000	0.300000000000	4	0.236460000000	0.191180000000	0.034035669919	0.029432530878	30000
2	3	0.200000000000	0.300000000000	5	0.358380000000	0.000000000000	0.022682373996	0.000000000000	22000
2	4	0.200000000000	0.400000000000	1	0.238580000000	0.175470000000	0.073948982765	0.076744177426	30000
2	4	0.200000000000	0.400000000000	2	0.231080000000	0.170630000000	0.030432873012	0.036737620401	12000
2	4	0.200000000000	0.400000000000	3	0.217410000000	0.193220000000	0.031173124060	0.031818925878	30000
2	4	0.200000000000	0.400000000000	4	0.205030000000	0.216650000000	0.057859716961	0.050410502068	30000
2	4	0.200000000000	0.400000000000	5	0.120130000000	0.288840000000	0.022257099507	0.030301362553	30000
2	5	0.200000000000	0.500000000000	1	0.193670000000	0.227470000000	0.030350490148	0.028909078761	30000
2	5	0.200000000000	0.500000000000	2	0.191580000000	0.238290000000	0.030689500573	0.031780275107	30000
2	5	0.200000000000	0.500000000000	3	0.330840000000	0.035020000000	0.032033115998	0.033905001831	30000
2	5	0.200000000000	0.500000000000	4	0.226190000000	0.189700000000	0.043451950152	0.040013886478	30000
2	5	0.200000000000	0.500000000000	5	0.167760000000	0.256170000000	0.029021106537	0.030678531130	22000
2	6	0.200000000000	0.600000000000	1	0.203790000000	0.191790000000	0.039969156026	0.030259073210	30000
2	6	0.200000000000	0.600000000000	2	0.171620000000	0.249240000000	0.032115525949	0.036405325816	30000
2	6	0.200000000000	0.600000000000	3	0.261970000000	0.147010000000	0.030155073013	0.034893802852	30000
2	6	0.200000000000	0.600000000000	4	0.134620000000	0.268860000000	0.037755543713	0.041509317309	4000
2	6	0.200000000000	0.600000000000	5	0.206310000000	0.215360000000	0.035955203750	0.034523358212	10000
2	7	0.200000000000	0.700000000000	1	0.204970000000	0.190970000000	0.035733401405	0.037586857701	22000
2	7	0.200000000000	0.700000000000	2	0.218860000000	0.175140000000	0.025930151808	0.030785193326	30000
2	7	0.200000000000	0.700000000000	3	0.177940000000	0.232940000000	0.025353484952	0.032326481426	30000
2	7	0.200000000000	0.700000000000	4	0.161240000000	0.232490000000	0.051467575339	0.033532436898	30000
2	7	0.200000000000	0.700000000000	5	0.192160000000	0.213650000000	0.044743003211	0.039584649101	30000
2	8	0.200000000000	0.800000000000	1	0.172000000000	0.237410000000	0.043789468112	0.038262984149	30000
2	8	0.200000000000	0.800000000000	2	0.261370000000	0.147460000000	0.033453583399	0.046440339201	30000
2	8	0.200000000000	0.800000000000	3	0.358790000000	0.000000000000	0.020617006596	0.000000000000	20000
2	8	0.200000000000	0.800000000000	4	0.184810000000	0.235250000000	0.034016481608	0.031040312515	6000
2	8	0.200000000000	0.800000000000	5	0.003070000000	0.364840000000	0.005992579662	0.019656061680	8000
2	9	0.200000000000	0.900000000000	1	0.120700000000	0.279090000000	0.039467298713	0.035453192082	30000
2	9	0.200000000000	0.900000000000	2	0.000000000000	0.359480000000	0.000000000000	0.023140118087	12000
2	9	0.200000000000	0.900000000000	3	0.199450000000	0.213190000000	0.031651213236	0.042616194575	30000
2	9	0.200000000000	0.900000000000	4	0.175070000000	0.228810000000	0.025318691438	0.023095829003	30000
2	9	0.200000000000	0.900000000000	5	0.000000000000	0.363180000000	0.000000000000	0.021240026806	6000
2	10	0.200000000000	1.000000000000	1	0.000000000000	1.000000000000	0.000000000000	0.000000000000	6000
2	10	0.200000000000	1.000000000000	2	0.000000000000	1.000000000000	0.000000000000	0.000000000000	6000
2	10	0.200000000000	1.000000000000	3	0.000000000000	1.000000000000	0.000000000000	0.000000000000	6000
2	10	0.200000000000	1.000000000000	4	0.000000000000	1.000000000000	0.000000000000	0.000000000000	6000
2	10	0.200000000000	1.000000000000	5	0.000000000000	1.000000000000	0.000000000000	0.000000000000	6000
3	0	0.300000000000	0.000000000000	1	0.351700000000	0.000000000000	0.022365379724	0.000000000000	4000
3	0	0.300000000000	0.000000000000	2	0.356750000000	0.000000000000	0.021260044438	0.000000000000	4000
3	0	0.300000000000	0.000000000000	3	0.359660000000	0.000000000000	0.020988685641	0.000000000000	10000
3	0	0.300000000000	0.000000000000	4	0.364020000000	0.000000000000	0.023874874023	0.000000000000	16000
3	0	0.300000000000	0.000000000000	5	0.368140000000	0.000000000000	0.024106462236	0.000000000000	8000
3	1	0.300000000000	0.100000000000	1	0.164110000000	0.253880000000	0.047269888326	0.035687802107	30000
3	1	0.300000000000	0.100000000000	2	0.243260000000	0.171320000000	0.032921972241	0.032522535499	30000
3	1	0.300000000000	0.100000000000	3	0.205770000000	0.207820000000	0.040249560583	0.049039294983	14000
3	1	0.300000000000	0.100000000000	4	0.244860000000	0.177280000000	0.032212078760	0.028775503986	30000
3	1	0.300000000000	0.100000000000	5	0.101860000000	0.302490000000	0.038458021522	0.039378300504	30000
3	2	0.300000000000	0.200000000000	1	0.357470000000	0.000000000000	0.025427261859	0.000000000000	10000
3	2	0.300000000000	0.200000000000	2	0.000000000000	0.351940000000	0.000000000000	0.021020900986	30000
3	2	0.300000000000	0.200000000000	3	0.357080000000	0.000000000000	0.020883239924	0.000000000000	30000
3	2	0.300000000000	0.200000000000	4	0.221290000000	0.197070000000	0.044115553743	0.053805298160	30000
3	2	0.300000000000	0.200000000000	5	0.158670000000	0.255890000000	0.026755316237	0.023861627716	22000
3	3	0.300000000000	0.300000000000	1	0.000000000000	0.364230000000	0.000000000000	0.025180173572	16000
3	3	0.300000000000	0.300000000000	2	0.224250000000	0.202860000000	0.032764477884	0.047515030023	4000
3	3	0.300000000000	0.300000000000	3	0.203260000000	0.224020000000	0.062961389252	0.058826015504	30000
3	3	0.300000000000	0.300000000000	4	0.145970000000	0.266690000000	0.037030127333	0.036401496796	30000
3	3	0.300000000000	0.300000000000	5	0.202080000000	0.207720000000	0.044459534976	0.050996099872	30000
3	4	0.300000000000	0.400000000000	1	0.000000000000	0.360250000000	0.000000000000	0.024884870037	14000
3	4	0.300000000000	0.400000000000	2	0.155710000000	0.254450000000	0.033962469718	0.029478237167	30000
3	4	0.300000000000	0.400000000000	3	0.186240000000	0.230490000000	0.029177280780	0.026232576085	30000
3	4	0.300000000000	0.400000000000	4	0.222020000000	0.168680000000	0.032338295647	0.038594651795	30000
3	4	0.300000000000	0.400000000000	5	0.000000000000	0.365260000000	0.000000000000	0.025254111946	30000
3	5	0.300000000000	0.500000000000	1	0.210710000000	0.194700000000	0.029021339358	0.032905817005	30000
3	5	0.300000000000	0.500000000000	2	0.205150000000	0.200050000000	0.045328050169	0.044043584520	30000
3	5	0.300000000000	0.500000000000	3	0.206710000000	0.197060000000	0.034967107381	0.031615754869	30000
3	5	0.300000000000	0.500000000000	4	0.181460000000	0.212670000000	0.037505667239	0.034364982934	30000
3	5	0.300000000000	0.500000000000	5	0.195820000000	0.201220000000	0.030565697471	0.023440585766	30000
3	6	0.300000000000	0.600000000000	1	0.231550000000	0.192100000000	0.036830068612	0.033188725367	30000
3	6	0.300000000000	0.600000000000	2	0.000000000000	0.367050000000	0.000000000000	0.021745582778	30000
3	6	0.300000000000	0.600000000000	3	0.202070000000	0.216110000000	0.028394036721	0.026579585670	30000
3	6	0.300000000000	0.600000000000	4	0.202630000000	0.206110000000	0.039731117045	0.035727361284	30000
3	6	0.300000000000	0.600000000000	5	0.236370000000	0.175200000000	0.034033533190	0.039136832929	30000
3	7	0.300000000000	0.700000000000	1	0.210930000000	0.185580000000	0.038281857330	0.042178698921	30000
3	7	0.300000000000	0.700000000000	2	0.000000000000	0.362310000000	0.000000000000	0.021499444786	30000
3	7	0.300000000000	0.700000000000	3	0.166050000000	0.242730000000	0.053657960050	0.049188073418	30000
3	7	0.300000000000	0.700000000000	4	0.223420000000	0.197510000000	0.038946378784	0.037404531798	30000
3	7	0.300000000000	0.700000000000	5	0.244060000000	0.163020000000	0.024894500118	0.029222141152	24000
3	8	0.300000000000	0.800000000000	1	0.191890000000	0.219280000000	0.046567117115	0.043728638142	30000
3	8	0.300000000000	0.800000000000	2	0.203370000000	0.212670000000	0.030813837680	0.038081771510	16000
3	8	0.300000000000	0.800000000000	3	0.211060000000	0.200640000000	0.036471997568	0.035817220345	30000
3	8	0.300000000000	0.800000000000	4	0.365020000000	0.000000000000	0.027165005753	0.000000000000	22000
3	8	0.300000000000	0.800000000000	5	0.173800000000	0.243300000000	0.034420121219	0.026698741971	30000
3	9	0.300000000000	0.900000000000	1	0.201720000000	0.217300000000	0.042327688730	0.040894772067	30000
3	9	0.300000000000	0.900000000000	2	0.145820000000	0.242270000000	0.042146220517	0.034631581634	30000
3	9	0.300000000000	0.900000000000	3	0.230950000000	0.194580000000	0.042263266363	0.035604652664	30000
3	9	0.300000000000	0.900000000000	4	0.213420000000	0.208360000000	0.047522225979	0.041352393164	30000
3	9	0.300000000000	0.900000000000	5	0.171450000000	0.245980000000	0.027581846535	0.028246016311	30000
3	10	0.300000000000	1.000000000000	1	0.000000000000	1.000000000000	0.000000000000	0.000000000000	6000
3	10	0.300000000000	1.000000000000	2	0.000000000000	1.000000000000	0.000000000000	0.000000000000	6000
3	10	0.300000000000	1.000000000000	3	0.000000000000	1.000000000000	0.000000000000	0.000000000000	6000
3	10	0.300000000000	1.000000000000	4	0.000000000000	1.000000000000	0.000000000000	0.000000000000	6000
3	10	0.300000000000	1.000000000000	5	0.000000000000	1.000000000000	0.000000000000	0.000000000000	6000
4	0	0.400000000000	0.000000000000	1	0.354680000000	0.000000000000	0.029085108622	0.000000000000	4000
4	0	0.400000000000	0.000000000000	2	0.370110000000	0.000000000000	0.025130050128	0.000000000000	6000
4	0	0.400000000000	0.000000000000	3	0.358790000000	0.000000000000	0.018247434583	0.000000000000	24000
4	0	0.400000000000	0.000000000000	4	0.356790000000	0.000000000000	0.017975511648	0.000000000000	4000
4	0	0.400000000000	0.000000000000	5	0.359490000000	0.000000000000	0.020367983571	0.000000000000	6000
4	1	0.400000000000	0.100000000000	1	0.183960000000	0.241350000000	0.034887469606	0.033005558121	26000
4	1	0.400000000000	0.100000000000	2	0.156980000000	0.256890000000	0.032798709660	0.019380492860	30000
4	1	0.400000000000	0.100000000000	3	0.242670000000	0.165330000000	0.023420495717	0.026003216479	30000
4	1	0.400000000000	0.100000000000	4	0.365020000000	0.000000000000	0.025036501881	0.000000000000	30000
4	1	0.400000000000	0.100000000000	5	0.202700000000	0.199520000000	0.057929835714	0.057094915968	12000
4	2	0.400000000000	0.200000000000	1	0.242580000000	0.163920000000	0.036401492671	0.034222869617	30000
4	2	0.400000000000	0.200000000000	2	0.186320000000	0.221740000000	0.027147644365	0.025671607496	30000
4	2	0.400000000000	0.200000000000	3	0.151660000000	0.255460000000	0.040663225375	0.043780190784	8000
4	2	0.400000000000	0.200000000000	4	0.223010000000	0.207580000000	0.024638322730	0.026826540278	16000
4	2	0.400000000000	0.200000000000	5	0.234400000000	0.174820000000	0.024042005283	0.022455998572	30000
4	3	0.400000000000	0.300000000000	1	0.208170000000	0.209420000000	0.057071957285	0.049188241309	30000
4	3	0.400000000000	0.300000000000	2	0.193310000000	0.206940000000	0.055304633644	0.051812362626	8000
4	3	0.400000000000	0.300000000000	3	0.217850000000	0.184910000000	0.035018620815	0.039420119810	14000
4	3	0.400000000000	0.300000000000	4	0.208640000000	0.194360000000	0.039856479259	0.035148624807	30000
4	3	0.400000000000	0.300000000000	5	0.278540000000	0.125390000000	0.022899624294	0.024121146941	30000
4	4	0.400000000000	0.400000000000	1	0.218860000000	0.188860000000	0.029983318686	0.023333341913	30000
4	4	0.400000000000	0.400000000000	2	0.168130000000	0.231800000000	0.049433255474	0.038774520802	30000
4	4	0.400000000000	0.400000000000	3	0.176410000000	0.234890000000	0.047529685155	0.046114145492	30000
4	4	0.400000000000	0.400000000000	4	0.192570000000	0.229130000000	0.037068438990	0.036705454505	30000
4	4	0.400000000000	0.400000000000	5	0.218010000000	0.191320000000	0.041555586469	0.035762222198	30000
4	5	0.400000000000	0.500000000000	1	0.183530000000	0.222150000000	0.030423094265	0.028926012760	30000
4	5	0.400000000000	0.500000000000	2	0.214820000000	0.195700000000	0.045137622944	0.038509648051	30000
4	5	0.400000000000	0.500000000000	3	0.259010000000	0.129560000000	0.040963372638	0.048482542806	30000
4	5	0.400000000000	0.500000000000	4	0.250740000000	0.163510000000	0.028210782482	0.026519486857	30000
4	5	0.400000000000	0.500000000000	5	0.228170000000	0.193940000000	0.024750023508	0.029392862064	30000
4	6	0.400000000000	0.600000000000	1	0.284550000000	0.137300000000	0.054480874311	0.056388737259	30000
4	6	0.400000000000	0.600000000000	2	0.000000000000	0.345420000000	0.000000000000	0.021519449033	30000
4	6	0.400000000000	0.600000000000	3	0.221050000000	0.184320000000	0.036435216824	0.036202876243	14000
4	6	0.400000000000	0.600000000000	4	0.187250000000	0.228650000000	0.030070612593	0.030169316991	30000
4	6	0.400000000000	0.600000000000	5	0.182790000000	0.222760000000	0.046971504364	0.039262245528	30000
4	7	0.400000000000	0.700000000000	1	0.260850000000	0.140150000000	0.041753093548	0.053480254652	14000
4	7	0.400000000000	0.700000000000	2	0.184840000000	0.220920000000	0.043169874195	0.046509318601	26000
4	7	0.400000000000	0.700000000000	3	0.000000000000	0.361620000000	0.000000000000	0.022420487913	12000
4	7	0.400000000000	0.700000000000	4	0.358620000000	0.000000000000	0.023307484610	0.000000000000	10000
4	7	0.400000000000	0.700000000000	5	0.356110000000	0.000000000000	0.024086262642	0.000000000000	30000
4	8	0.400000000000	0.800000000000	1	0.233490000000	0.164700000000	0.038033754304	0.043192309218	30000
4	8	0.400000000000	0.800000000000	2	0.134640000000	0.273930000000	0.029899236853	0.033686642603	30000
4	8	0.400000000000	0.800000000000	3	0.142120000000	0.254680000000	0.033936076044	0.033184315554	26000
4	8	0.400000000000	0.800000000000	4	0.000000000000	0.356260000000	0.000000000000	0.025243804183	26000
4	8	0.400000000000	0.800000000000	5	0.159040000000	0.248070000000	0.037639010283	0.036779448444	30000
4	9	0.400000000000	0.900000000000	1	0.199330000000	0.217680000000	0.040423819527	0.033336600440	18000
4	9	0.400000000000	0.900000000000	2	0.178030000000	0.218400000000	0.041736807030	0.042195028385	26000
4	9	0.400000000000	0.900000000000	3	0.000000000000	0.366320000000	0.000000000000	0.023507662798	10000
4	9	0.400000000000	0.900000000000	4	0.238750000000	0.171760000000	0.029826617762	0.028015839935	30000
4	9	0.400000000000	0.900000000000	5	0.217830000000	0.194770000000	0.029418643010	0.026184589604	6000
4	10	0.400000000000	1.000000000000	1	0.000000000000	1.000000000000	0.000000000000	0.000000000000	6000
4	10	0.400000000000	1.000000000000	2	0.000000000000	1.000000000000	0.000000000000	0.000000000000	6000
4	10	0.400000000000	1.000000000000	3	0.000000000000	1.000000000000	0.000000000000	0.000000000000	6000
4	10	0.400000000000	1.000000000000	4	0.000000000000	1.000000000000	0.000000000000	0.000000000000	6000
4	10	0.400000000000	1.000000000000	5	0.000000000000	1.000000000000	0.000000000000	0.000000000000	6000
5	0	0.500000000000	0.000000000000	1	0.350730000000	0.000000000000	0.019176413503	0.000000000000	22000
5	0	0.500000000000	0.000000000000	2	0.381790000000	0.000000000000	0.022538941943	0.000000000000	10000
5	0	0.500000000000	0.000000000000	3	0.365900000000	0.000000000000	0.020732096368	0.000000000000	18000
5	0	0.500000000000	0.000000000000	4	0.365000000000	0.000000000000	0.019312508200	0.000000000000	6000
5	0	0.500000000000	0.000000000000	5	0.369460000000	0.000000000000	0.021036894993	0.000000000000	30000
5	1	0.500000000000	0.100000000000	1	0.197570000000	0.210380000000	0.042433426632	0.045903842571	30000
5	1	0.500000000000	0.100000000000	2	0.184820000000	0.235610000000	0.026666058552	0.028415406654	30000
5	1	0.500000000000	0.100000000000	3	0.194390000000	0.207250000000	0.053320455465	0.043111438112	30000
5	1	0.500000000000	0.100000000000	4	0.000000000000	0.363160000000	0.000000000000	0.019894979523	30000
5	1	0.500000000000	0.100000000000	5	0.158730000000	0.254130000000	0.021093412053	0.021125562463	30000
5	2	0.500000000000	0.200000000000	1	0.191480000000	0.211830000000	0.041799004256	0.041870087225	12000
5	2	0.500000000000	0.200000000000	2	0.175700000000	0.229250000000	0.041400773230	0.034019035771	30000
5	2	0.500000000000	0.200000000000	3	0.356710000000	0.000000000000	0.021083652919	0.000000000000	30000
5	2	0.500000000000	0.200000000000	4	0.204320000000	0.205350000000	0.038296268803	0.039378015797	30000
5	2	0.500000000000	0.200000000000	5	0.181530000000	0.225700000000	0.034625973749	0.031341542596	30000
5	3	0.500000000000	0.300000000000	1	0.199880000000	0.208360000000	0.026546003283	0.027045181490	30000
5	3	0.500000000000	0.300000000000	2	0.237320000000	0.187170000000	0.032956087506	0.040478755288	30000
5	3	0.500000000000	0.300000000000	3	0.178290000000	0.237420000000	0.029941148481	0.033625500357	30000
5	3	0.500000000000	0.300000000000	4	0.203390000000	0.200530000000	0.032190746250	0.034114262162	30000
5	3	0.500000000000	0.300000000000	5	0.248330000000	0.159240000000	0.037793378249	0.035367686852	30000
5	4	0.500000000000	0.400000000000	1	0.202960000000	0.197320000000	0.027017926796	0.024560554164	30000
5	4	0.500000000000	0.400000000000	2	0.000000000000	0.368140000000	0.000000000000	0.022459849618	10000
5	4	0.500000000000	0.400000000000	3	0.191520000000	0.213890000000	0.038169969171	0.041324031454	30000
5	4	0.500000000000	0.400000000000	4	0.183990000000	0.223930000000	0.023132553145	0.023774362669	30000
5	4	0.500000000000	0.400000000000	5	0.188240000000	0.194610000000	0.023217266020	0.021016412386	30000
5	5	0.500000000000	0.500000000000	1	0.198150000000	0.206640000000	0.057459368941	0.045344972892	22000
5	5	0.500000000000	0.500000000000	2	0.171110000000	0.236390000000	0.032098258492	0.024373386346	30000
5	5	0.500000000000	0.500000000000	3	0.182950000000	0.224880000000	0.029415349101	0.028110065382	30000
5	5	0.500000000000	0.500000000000	4	0.181530000000	0.219660000000	0.037934128408	0.037385586555	30000
5	5	0.500000000000	0.500000000000	5	0.266030000000	0.138590000000	0.022118506467	0.033619074082	30000
5	6	0.500000000000	0.600000000000	1	0.197590000000	0.234550000000	0.040874963763	0.036336177810	30000
5	6	0.500000000000	0.600000000000	2	0.188830000000	0.222410000000	0.030868818960	0.045976142788	8000
5	6	0.500000000000	0.600000000000	3	0.230980000000	0.199220000000	0.026056064909	0.029024714194	30000
5	6	0.500000000000	0.600000000000	4	0.233450000000	0.172670000000	0.028471180308	0.040922435726	30000
5	6	0.500000000000	0.600000000000	5	0.159130000000	0.245090000000	0.035802582657	0.037619238524	6000
5	7	0.500000000000	0.700000000000	1	0.133450000000	0.271500000000	0.035652048589	0.029954085652	30000
5	7	0.500000000000	0.700000000000	2	0.174550000000	0.237820000000	0.039952392841	0.045820815653	30000
5	7	0.500000000000	0.700000000000	3	0.196860000000	0.217100000000	0.036990657046	0.053898934081	30000
5	7	0.500000000000	0.700000000000	4	0.215920000000	0.194320000000	0.031227051233	0.033088252182	20000
5	7	0.500000000000	0.700000000000	5	0.225710000000	0.180870000000	0.044414733688	0.043025507484	30000
5	8	0.500000000000	0.800000000000	1	0.221060000000	0.203270000000	0.031829066739	0.028309159445	30000
5	8	0.500000000000	0.800000000000	2	0.220800000000	0.198610000000	0.024073627469	0.025079810543	30000
5	8	0.500000000000	0.800000000000	3	0.199350000000	0.209610000000	0.029822254557	0.034174783332	30000
5	8	0.500000000000	0.800000000000	4	0.159420000000	0.241560000000	0.032194721619	0.024131903132	30000
5	8	0.500000000000	0.800000000000	5	0.173020000000	0.239890000000	0.049092664316	0.048994779195	30000
5	9	0.500000000000	0.900000000000	1	0.215420000000	0.197560000000	0.026247142940	0.027451775899	30000
5	9	0.500000000000	0.900000000000	2	0.237610000000	0.179440000000	0.026916768239	0.029194840961	30000
5	9	0.500000000000	0.900000000000	3	0.227910000000	0.188940000000	0.046751658983	0.031427123064	30000
5	9	0.500000000000	0.900000000000	4	0.280220000000	0.131370000000	0.037069201849	0.042320374693	30000
5	9	0.500000000000	0.900000000000	5	0.359680000000	0.000000000000	0.022808283974	0.000000000000	30000
5	10	0.500000000000	1.000000000000	1	0.000000000000	1.000000000000	0.000000000000	0.000000000000	6000
5	10	0.500000000000	1.000000000000	2	0.000000000000	1.000000000000	0.000000000000	0.000000000000	6000
5	10	0.500000000000	1.000000000000	3	0.000000000000	1.000000000000	0.000000000000	0.000000000000	6000
5	10	0.500000000000	1.000000000000	4	0.000000000000	1.000000000000	0.000000000000	0.000000000000	6000
5	10	0.500000000000	1.000000000000	5	0.000000000000	1.000000000000	0.000000000000	0.000000000000	6000
6	0	0.600000000000	0.000000000000	1	0.359670000000	0.000000000000	0.023240723552	0.000000000000	28000
6	0	0.600000000000	0.000000000000	2	0.360110000000	0.000000000000	0.021752265654	0.000000000000	12000
6	0	0.600000000000	0.000000000000	3	0.362350000000	0.000000000000	0.020784838453	0.000000000000	26000
6	0	0.600000000000	0.000000000000	4	0.376850000000	0.000000000000	0.024628927790	0.000000000000	12000
6	0	0.600000000000	0.000000000000	5	0.360770000000	0.000000000000	0.022974658538	0.000000000000	12000
6	1	0.600000000000	0.100000000000	1	0.125820000000	0.281660000000	0.062836900593	0.061860092718	30000
6	1	0.600000000000	0.100000000000	2	0.212910000000	0.199460000000	0.022661541109	0.022040739420	22000
6	1	0.600000000000	0.100000000000	3	0.196440000000	0.191260000000	0.055193955944	0.051848825452	30000
6	1	0.600000000000	0.100000000000	4	0.209370000000	0.185690000000	0.037719037976	0.031306612784	30000
6	1	0.600000000000	0.100000000000	5	0.162060000000	0.240050000000	0.042757275224	0.039474748330	30000
6	2	0.600000000000	0.200000000000	1	0.239020000000	0.167760000000	0.025343280803	0.029598284722	30000
6	2	0.600000000000	0.200000000000	2	0.198490000000	0.203130000000	0.033276526670	0.036224512630	30000
6	2	0.600000000000	0.200000000000	3	0.236060000000	0.169840000000	0.048501843561	0.052267641101	4000
6	2	0.600000000000	0.200000000000	4	0.204350000000	0.192720000000	0.027585112623	0.026508570393	30000
6	2	0.600000000000	0.200000000000	5	0.207100000000	0.203050000000	0.037015674520	0.039653119296	30000
6	3	0.600000000000	0.300000000000	1	0.175100000000	0.227160000000	0.045497912700	0.041771752169	26000
6	3	0.600000000000	0.300000000000	2	0.223650000000	0.186620000000	0.042260660944	0.037645621164	30000
6	3	0.600000000000	0.300000000000	3	0.166450000000	0.242650000000	0.049123422220	0.055623479498	30000
6	3	0.600000000000	0.300000000000	4	0.357800000000	0.000000000000	0.019752218867	0.000000000000	12000
6	3	0.600000000000	0.300000000000	5	0.355820000000	0.000000000000	0.020672565273	0.000000000000	20000
6	4	0.600000000000	0.400000000000	1	0.276600000000	0.115150000000	0.037178249316	0.040625459110	6000
6	4	0.600000000000	0.400000000000	2	0.215270000000	0.211490000000	0.048137764223	0.045216417643	30000
6	4	0.600000000000	0.400000000000	3	0.206330000000	0.206900000000	0.035279962809	0.031508455735	30000
6	4	0.600000000000	0.400000000000	4	0.298140000000	0.099160000000	0.037873140545	0.050053968872	8000
6	4	0.600000000000	0.400000000000	5	0.230470000000	0.164840000000	0.025798151962	0.030293433151	30000
6	5	0.600000000000	0.500000000000	1	0.159140000000	0.250200000000	0.056471669441	0.049695368292	30000
6	5	0.600000000000	0.500000000000	2	0.189660000000	0.232910000000	0.031206702137	0.024682810641	14000
6	5	0.600000000000	0.500000000000	3	0.208140000000	0.197200000000	0.029887014465	0.032084098700	30000
6	5	0.600000000000	0.500000000000	4	0.262180000000	0.139260000000	0.024683128992	0.030039220275	16000
6	5	0.600000000000	0.500000000000	5	0.198060000000	0.205790000000	0.030629635561	0.033963648647	30000
6	6	0.600000000000	0.600000000000	1	0.228740000000	0.193870000000	0.047365133335	0.041502355904	10000
6	6	0.600000000000	0.600000000000	2	0.216170000000	0.205440000000	0.036641147276	0.046220587867	30000
6	6	0.600000000000	0.600000000000	3	0.219090000000	0.179690000000	0.059386856279	0.052662864309	30000
6	6	0.600000000000	0.600000000000	4	0.239910000000	0.154410000000	0.064462759384	0.071262404045	30000
6	6	0.600000000000	0.600000000000	5	0.349080000000	0.000000000000	0.020639272748	0.000000000000	30000
6	7	0.600000000000	0.700000000000	1	0.194810000000	0.211410000000	0.029319337024	0.036133329732	30000
6	7	0.600000000000	0.700000000000	2	0.214970000000	0.196330000000	0.033173778796	0.031486862697	30000
6	7	0.600000000000	0.700000000000	3	0.000000000000	0.356550000000	0.000000000000	0.020737105090	30000
6	7	0.600000000000	0.700000000000	4	0.229870000000	0.181450000000	0.030019731582	0.032773031162	30000
6	7	0.600000000000	0.700000000000	5	0.215650000000	0.212520000000	0.030723304207	0.031426696251	30000
6	8	0.600000000000	0.800000000000	1	0.230200000000	0.182540000000	0.026665915905	0.031456921940	24000
6	8	0.600000000000	0.800000000000	2	0.208680000000	0.192510000000	0.029545397789	0.032003501748	30000
6	8	0.600000000000	0.800000000000	3	0.143260000000	0.261850000000	0.034585669989	0.032322163019	30000
6	8	0.600000000000	0.800000000000	4	0.033150000000	0.332130000000	0.045257327868	0.033750588176	30000
6	8	0.600000000000	0.800000000000	5	0.257810000000	0.152550000000	0.025907046823	0.022092659088	30000
6	9	0.600000000000	0.900000000000	1	0.235350000000	0.188810000000	0.033153833514	0.031369857634	30000
6	9	0.600000000000	0.900000000000	2	0.000000000000	0.350560000000	0.000000000000	0.023930295841	30000
6	9	0.600000000000	0.900000000000	3	0.218970000000	0.185160000000	0.023883247466	0.024543365229	22000
6	9	0.600000000000	0.900000000000	4	0.199990000000	0.214240000000	0.029953248523	0.025212260074	30000
6	9	0.600000000000	0.900000000000	5	0.189820000000	0.221180000000	0.026238446144	0.030720536313	30000
6	10	0.600000000000	1.000000000000	1	0.000000000000	1.000000000000	0.000000000000	0.000000000000	6000
6	10	0.600000000000	1.000000000000	2	0.000000000000	1.000000000000	0.000000000000	0.000000000000	6000
6	10	0.600000000000	1.000000000000	3	0.000000000000	1.000000000000	0.000000000000	0.000000000000	6000
6	10	0.600000000000	1.000000000000	4	0.000000000000	1.000000000000	0.000000000000	0.000000000000	6000
6	10	0.600000000000	1.000000000000	5	0.000000000000	1.000000000000	0.000000000000	0.000000000000	6000
7	0	0.700000000000	0.000000000000	1	0.372970000000	0.000000000000	0.023117385525	0.000000000000	8000
7	0	0.700000000000	0.000000000000	2	0.357330000000	0.000000000000	0.021175918387	0.000000000000	8000
7	0	0.700000000000	0.000000000000	3	0.372260000000	0.000000000000	0.022378409085	0.000000000000	18000
7	0	0.700000000000	0.000000000000	4	0.355760000000	0.000000000000	0.023566454502	0.000000000000	28000
7	0	0.700000000000	0.000000000000	5	0.355700000000	0.000000000000	0.020754294513	0.000000000000	30000
7	1	0.700000000000	0.100000000000	1	0.204540000000	0.211280000000	0.036836739070	0.033735733276	30000
7	1	0.700000000000	0.100000000000	2	0.244310000000	0.167170000000	0.049902045190	0.054920919579	30000
7	1	0.700000000000	0.100000000000	3	0.198800000000	0.210340000000	0.032741900251	0.026407987083	30000
7	1	0.700000000000	0.100000000000	4	0.355380000000	0.000000000000	0.017899049583	0.000000000000	12000
7	1	0.700000000000	0.100000000000	5	0.201200000000	0.200220000000	0.029506450661	0.021744526309	30000
7	2	0.700000000000	0.200000000000	1	0.172370000000	0.219250000000	0.024885787157	0.028041466150	30000
7	2	0.700000000000	0.200000000000	2	0.211420000000	0.207460000000	0.027668558856	0.025853758273	30000
7	2	0.700000000000	0.200000000000	3	0.174650000000	0.236210000000	0.040148342299	0.037063588731	30000
7	2	0.700000000000	0.200000000000	4	0.142170000000	0.255710000000	0.044772711507	0.046076229435	30000
7	2	0.700000000000	0.200000000000	5	0.259790000000	0.159680000000	0.030893531852	0.031222947850	30000
7	3	0.700000000000	0.300000000000	1	0.248830000000	0.157940000000	0.061340800401	0.053580101038	30000
7	3	0.700000000000	0.300000000000	2	0.000000000000	0.348200000000	0.000000000000	0.018992649123	30000
7	3	0.700000000000	0.300000000000	3	0.236320000000	0.178230000000	0.044441339231	0.038828787964	12000
7	3	0.700000000000	0.300000000000	4	0.217940000000	0.190720000000	0.033006754549	0.030258836680	30000
7	3	0.700000000000	0.300000000000	5	0.237100000000	0.166240000000	0.025955031567	0.034952597673	30000
7	4	0.700000000000	0.400000000000	1	0.000000000000	0.358590000000	0.000000000000	0.022419065871	30000
7	4	0.700000000000	0.400000000000	2	0.181700000000	0.243440000000	0.021958875021	0.033602016242	30000
7	4	0.700000000000	0.400000000000	3	0.128540000000	0.258340000000	0.033695753498	0.033528623124	30000
7	4	0.700000000000	0.400000000000	4	0.160080000000	0.234860000000	0.031275737749	0.034443675280	30000
7	4	0.700000000000	0.400000000000	5	0.000000000000	0.354410000000	0.000000000000	0.024711587617	30000
7	5	0.700000000000	0.500000000000	1	0.182480000000	0.230420000000	0.028640353871	0.031301811504	30000
7	5	0.700000000000	0.500000000000	2	0.162090000000	0.245810000000	0.027926901221	0.039432205097	30000
7	5	0.700000000000	0.500000000000	3	0.226400000000	0.190330000000	0.051841368882	0.042883914585	30000
7	5	0.700000000000	0.500000000000	4	0.172170000000	0.233600000000	0.045024641235	0.048271836201	12000
7	5	0.700000000000	0.500000000000	5	0.269040000000	0.128650000000	0.041759097479	0.042744644163	30000
7	6	0.700000000000	0.600000000000	1	0.202660000000	0.207360000000	0.029144017804	0.032022739668	30000
7	6	0.700000000000	0.600000000000	2	0.211410000000	0.209060000000	0.052620155651	0.046437838805	30000
7	6	0.700000000000	0.600000000000	3	0.185770000000	0.237970000000	0.035669025490	0.029114029723	12000
7	6	0.700000000000	0.600000000000	4	0.187630000000	0.207350000000	0.028759523818	0.030897121745	30000
7	6	0.700000000000	0.600000000000	5	0.359660000000	0.000000000000	0.020476906595	0.000000000000	30000
7	7	0.700000000000	0.700000000000	1	0.200140000000	0.208080000000	0.032305170237	0.034847208323	30000
7	7	0.700000000000	0.700000000000	2	0.208330000000	0.203070000000	0.039968845475	0.037135618403	30000
7	7	0.700000000000	0.700000000000	3	0.282280000000	0.116450000000	0.061717182458	0.073373572771	30000
7	7	0.700000000000	0.700000000000	4	0.176630000000	0.235860000000	0.038012998936	0.040899060296	30000
7	7	0.700000000000	0.700000000000	5	0.186210000000	0.221370000000	0.027119575428	0.028716680653	30000
7	8	0.700000000000	0.800000000000	1	0.127940000000	0.264200000000	0.048597511440	0.036236350162	30000
7	8	0.700000000000	0.800000000000	2	0.203960000000	0.215980000000	0.058166155982	0.040212642995	8000
7	8	0.700000000000	0.800000000000	3	0.072650000000	0.291470000000	0.025552503408	0.027325551884	30000
7	8	0.700000000000	0.800000000000	4	0.370450000000	0.000000000000	0.022067724950	0.000000000000	30000
7	8	0.700000000000	0.800000000000	5	0.222890000000	0.170880000000	0.022397534452	0.026136348420	30000
7	9	0.700000000000	0.900000000000	1	0.255110000000	0.167360000000	0.032419730704	0.035075071784	30000
7	9	0.700000000000	0.900000000000	2	0.239090000000	0.166920000000	0.024402200052	0.031207170450	14000
7	9	0.700000000000	0.900000000000	3	0.143610000000	0.256210000000	0.038399771385	0.040173994696	30000
7	9	0.700000000000	0.900000000000	4	0.218730000000	0.200170000000	0.037054826408	0.040309998710	30000
7	9	0.700000000000	0.900000000000	5	0.223470000000	0.188600000000	0.026270691830	0.029046233554	30000
7	10	0.700000000000	1.000000000000	1	0.000000000000	1.000000000000	0.000000000000	0.000000000000	6000
7	10	0.700000000000	1.000000000000	2	0.000000000000	1.000000000000	0.000000000000	0.000000000000	6000
7	10	0.700000000000	1.000000000000	3	0.000000000000	1.000000000000	0.000000000000	0.000000000000	6000
7	10	0.700000000000	1.000000000000	4	0.000000000000	1.000000000000	0.000000000000	0.000000000000	6000
7	10	0.700000000000	1.000000000000	5	0.000000000000	1.000000000000	0.000000000000	0.000000000000	6000
8	0	0.800000000000	0.000000000000	1	0.350790000000	0.000000000000	0.018368813607	0.000000000000	4000
8	0	0.800000000000	0.000000000000	2	0.361010000000	0.000000000000	0.021673708719	0.000000000000	6000
8	0	0.800000000000	0.000000000000	3	0.357150000000	0.000000000000	0.019471945374	0.000000000000	6000
8	0	0.800000000000	0.000000000000	4	0.354490000000	0.000000000000	0.017732860862	0.000000000000	6000
8	0	0.800000000000	0.000000000000	5	0.354970000000	0.000000000000	0.021462985807	0.000000000000	30000
8	1	0.800000000000	0.100000000000	1	0.188730000000	0.225230000000	0.050382789974	0.048434419507	24000
8	1	0.800000000000	0.100000000000	2	0.171150000000	0.227020000000	0.023819001760	0.029580307547	30000
8	1	0.800000000000	0.100000000000	3	0.202860000000	0.208240000000	0.026569274102	0.042691040335	30000
8	1	0.800000000000	0.100000000000	4	0.184900000000	0.231370000000	0.040356147222	0.029619257256	30000
8	1	0.800000000000	0.100000000000	5	0.354300000000	0.000000000000	0.019475350813	0.000000000000	30000
8	2	0.800000000000	0.200000000000	1	0.000000000000	0.357880000000	0.000000000000	0.024829863514	30000
8	2	0.800000000000	0.200000000000	2	0.000000000000	0.364060000000	0.000000000000	0.017251493095	30000
8	2	0.800000000000	0.200000000000	3	0.237380000000	0.175540000000	0.037367525098	0.047872750080	30000
8	2	0.800000000000	0.200000000000	4	0.000000000000	0.347100000000	0.000000000000	0.021846447475	30000
8	2	0.800000000000	0.200000000000	5	0.230550000000	0.181830000000	0.035654856174	0.035233400240	30000
8	3	0.800000000000	0.300000000000	1	0.181250000000	0.225480000000	0.032285908379	0.033569279058	30000
8	3	0.800000000000	0.300000000000	2	0.147910000000	0.250080000000	0.050355412495	0.044321078032	30000
8	3	0.800000000000	0.300000000000	3	0.181660000000	0.224830000000	0.044907249538	0.030778538276	30000
8	3	0.800000000000	0.300000000000	4	0.175810000000	0.231810000000	0.026889904555	0.024601405023	30000
8	3	0.800000000000	0.300000000000	5	0.218610000000	0.175520000000	0.026443660245	0.032588212464	20000
8	4	0.800000000000	0.400000000000	1	0.163100000000	0.245940000000	0.042893237577	0.048000212712	28000
8	4	0.800000000000	0.400000000000	2	0.364570000000	0.000000000000	0.019004638283	0.000000000000	30000
8	4	0.800000000000	0.400000000000	3	0.000000000000	0.362840000000	0.000000000000	0.024806244169	30000
8	4	0.800000000000	0.400000000000	4	0.194490000000	0.213160000000	0.040917161609	0.043672894588	6000
8	4	0.800000000000	0.400000000000	5	0.172700000000	0.230550000000	0.040322895927	0.047127683144	30000
8	5	0.800000000000	0.500000000000	1	0.291430000000	0.134760000000	0.072493519782	0.084700156532	30000
8	5	0.800000000000	0.500000000000	2	0.238570000000	0.177860000000	0.033150475925	0.034762462928	30000
8	5	0.800000000000	0.500000000000	3	0.196180000000	0.213490000000	0.024795612967	0.024014508044	26000
8	5	0.800000000000	0.500000000000	4	0.230800000000	0.174370000000	0.043598863068	0.054480925756	30000
8	5	0.800000000000	0.500000000000	5	0.112750000000	0.282720000000	0.030444447184	0.026043806939	14000
8	6	0.800000000000	0.600000000000	1	0.359120000000	0.000000000000	0.017450791676	0.000000000000	30000
8	6	0.800000000000	0.600000000000	2	0.252840000000	0.144060000000	0.025214483341	0.029464972163	30000
8	6	0.800000000000	0.600000000000	3	0.184060000000	0.227100000000	0.033761757304	0.030356408080	18000
8	6	0.800000000000	0.600000000000	4	0.194000000000	0.217390000000	0.034632346143	0.050587023504	30000
8	6	0.800000000000	0.600000000000	5	0.161040000000	0.243350000000	0.056307094481	0.047830589221	30000
8	7	0.800000000000	0.700000000000	1	0.228320000000	0.181320000000	0.042886091181	0.048066287229	30000
8	7	0.800000000000	0.700000000000	2	0.172290000000	0.231720000000	0.036553961373	0.036616695405	30000
8	7	0.800000000000	0.700000000000	3	0.226690000000	0.186610000000	0.043125441490	0.041178921836	30000
8	7	0.800000000000	0.700000000000	4	0.199920000000	0.191990000000	0.029203534828	0.035847244314	30000
8	7	0.800000000000	0.700000000000	5	0.167860000000	0.235400000000	0.033243428306	0.035926741165	26000
8	8	0.800000000000	0.800000000000	1	0.265100000000	0.121520000000	0.030081470956	0.040478736741	10000
8	8	0.800000000000	0.800000000000	2	0.183160000000	0.231640000000	0.028646728173	0.034763758700	30000
8	8	0.800000000000	0.800000000000	3	0.199870000000	0.206540000000	0.042417948823	0.048323530123	30000
8	8	0.800000000000	0.800000000000	4	0.106170000000	0.287090000000	0.038464407062	0.033110847592	30000
8	8	0.800000000000	0.800000000000	5	0.179450000000	0.236490000000	0.022273158590	0.027873945843	30000
8	9	0.800000000000	0.900000000000	1	0.226780000000	0.189320000000	0.022510849347	0.027977139245	12000
8	9	0.800000000000	0.900000000000	2	0.207620000000	0.223530000000	0.032146056818	0.036085194211	30000
8	9	0.800000000000	0.900000000000	3	0.173890000000	0.236150000000	0.033070554298	0.035433501563	30000
8	9	0.800000000000	0.900000000000	4	0.212340000000	0.215390000000	0.034227122226	0.032429918279	30000
8	9	0.800000000000	0.900000000000	5	0.362890000000	0.000000000000	0.019842924221	0.000000000000	16000
8	10	0.800000000000	1.000000000000	1	0.000000000000	1.000000000000	0.000000000000	0.000000000000	6000
8	10	0.800000000000	1.000000000000	2	0.000000000000	1.000000000000	0.000000000000	0.000000000000	6000
8	10	0.800000000000	1.000000000000	3	0.000000000000	1.000000000000	0.000000000000	0.000000000000	6000
8	10	0.800000000000	1.000000000000	4	0.000000000000	1.000000000000	0.000000000000	0.000000000000	6000
8	10	0.800000000000	1.000000000000	5	0.000000000000	1.000000000000	0.000000000000	0.000000000000	6000
9	0	0.900000000000	0.000000000000	1	0.358340000000	0.000000000000	0.024004595823	0.000000000000	8000
9	0	0.900000000000	0.000000000000	2	0.357680000000	0.000000000000	0.024368245965	0.000000000000	20000
9	0	0.900000000000	0.000000000000	3	0.355360000000	0.000000000000	0.021107247947	0.000000000000	12000
9	0	0.900000000000	0.000000000000	4	0.356200000000	0.000000000000	0.022308241922	0.000000000000	14000
9	0	0.900000000000	0.000000000000	5	0.363100000000	0.000000000000	0.025939600283	0.000000000000	8000
9	1	0.900000000000	0.100000000000	1	0.217440000000	0.180010000000	0.076277550201	0.078327741798	30000
9	1	0.900000000000	0.100000000000	2	0.201980000000	0.209660000000	0.037670926438	0.038457292720	12000
9	1	0.900000000000	0.100000000000	3	0.230190000000	0.166910000000	0.028811351825	0.027211989865	30000
9	1	0.900000000000	0.100000000000	4	0.185600000000	0.228650000000	0.027921669356	0.023996944667	30000
9	1	0.900000000000	0.100000000000	5	0.213000000000	0.189270000000	0.031695498176	0.030732907634	30000
9	2	0.900000000000	0.200000000000	1	0.208460000000	0.212460000000	0.030337250184	0.025760667926	30000
9	2	0.900000000000	0.200000000000	2	0.177810000000	0.241010000000	0.038830551267	0.039084619833	10000
9	2	0.900000000000	0.200000000000	3	0.181140000000	0.218640000000	0.037838236377	0.039843919711	30000
9	2	0.900000000000	0.200000000000	4	0.192340000000	0.227940000000	0.027840608821	0.029482632610	20000
9	2	0.900000000000	0.200000000000	5	0.000000000000	0.362760000000	0.000000000000	0.020440161452	30000
9	3	0.900000000000	0.300000000000	1	0.225350000000	0.196280000000	0.045978163203	0.038073760140	24000
9	3	0.900000000000	0.300000000000	2	0.237880000000	0.153290000000	0.030913771385	0.035812825335	30000
9	3	0.900000000000	0.300000000000	3	0.262350000000	0.151470000000	0.039974685433	0.048989172672	20000
9	3	0.900000000000	0.300000000000	4	0.180910000000	0.234010000000	0.036116149799	0.028918093923	30000
9	3	0.900000000000	0.300000000000	5	0.000000000000	0.367170000000	0.000000000000	0.027915414566	24000
9	4	0.900000000000	0.400000000000	1	0.254790000000	0.158320000000	0.033848214157	0.024951957843	30000
9	4	0.900000000000	0.400000000000	2	0.201870000000	0.213220000000	0.029255067236	0.025641550052	30000
9	4	0.900000000000	0.400000000000	3	0.221990000000	0.184400000000	0.030319286917	0.023443327187	30000
9	4	0.900000000000	0.400000000000	4	0.218520000000	0.183700000000	0.034773823759	0.029769047620	30000
9	4	0.900000000000	0.400000000000	5	0.277890000000	0.128020000000	0.021788130315	0.028804675129	30000
9	5	0.900000000000	0.500000000000	1	0.352100000000	0.000000000000	0.018982896258	0.000000000000	12000
9	5	0.900000000000	0.500000000000	2	0.201480000000	0.210040000000	0.023966309353	0.025974469640	30000
9	5	0.900000000000	0.500000000000	3	0.181080000000	0.223160000000	0.036520779939	0.028611763892	20000
9	5	0.900000000000	0.500000000000	4	0.360400000000	0.000000000000	0.021082800679	0.000000000000	28000
9	5	0.900000000000	0.500000000000	5	0.356380000000	0.000000000000	0.022167250325	0.000000000000	22000
9	6	0.900000000000	0.600000000000	1	0.229480000000	0.173780000000	0.027015911228	0.036653172510	30000
9	6	0.900000000000	0.600000000000	2	0.000000000000	0.366460000000	0.000000000000	0.019931524419	30000
9	6	0.900000000000	0.600000000000	3	0.223380000000	0.175870000000	0.045385409940	0.035379298958	30000
9	6	0.900000000000	0.600000000000	4	0.217360000000	0.199910000000	0.047053633701	0.042460508650	30000
9	6	0.900000000000	0.600000000000	5	0.207840000000	0.195650000000	0.029161357732	0.028639093870	30000
9	7	0.900000000000	0.700000000000	1	0.267100000000	0.148920000000	0.045213208626	0.056386283909	30000
9	7	0.900000000000	0.700000000000	2	0.213940000000	0.201680000000	0.026769254622	0.024903770755	30000
9	7	0.900000000000	0.700000000000	3	0.256470000000	0.147040000000	0.044846965899	0.058812390678	30000
9	7	0.900000000000	0.700000000000	4	0.180770000000	0.233980000000	0.028030212143	0.033365744003	30000
9	7	0.900000000000	0.700000000000	5	0.150100000000	0.258530000000	0.050232592142	0.036770792638	30000
9	8	0.900000000000	0.800000000000	1	0.222290000000	0.190480000000	0.051112311319	0.048690248925	30000
9	8	0.900000000000	0.800000000000	2	0.243800000000	0.157540000000	0.034663548023	0.025071437473	10000
9	8	0.900000000000	0.800000000000	3	0.170860000000	0.257820000000	0.040503097424	0.027731148851	24000
9	8	0.900000000000	0.800000000000	4	0.135890000000	0.281060000000	0.032910347780	0.031180901986	30000
9	8	0.900000000000	0.800000000000	5	0.181730000000	0.234670000000	0.028878037347	0.025983961712	30000
9	9	0.900000000000	0.900000000000	1	0.000000000000	0.348560000000	0.000000000000	0.020296264147	16000
9	9	0.900000000000	0.900000000000	2	0.190670000000	0.216640000000	0.039486837178	0.052736054948	30000
9	9	0.900000000000	0.900000000000	3	0.233290000000	0.191870000000	0.029562642809	0.027176122638	30000
9	9	0.900000000000	0.900000000000	4	0.126260000000	0.277510000000	0.036520489402	0.045582646673	22000
9	9	0.900000000000	0.900000000000	5	0.238950000000	0.174320000000	0.032361161054	0.040266101859	16000
9	10	0.900000000000	1.000000000000	1	0.000000000000	1.000000000000	0.000000000000	0.000000000000	6000
9	10	0.900000000000	1.000000000000	2	0.000000000000	1.000000000000	0.000000000000	0.000000000000	6000
9	10	0.900000000000	1.000000000000	3	0.000000000000	1.000000000000	0.000000000000	0.000000000000	6000
9	10	0.900000000000	1.000000000000	4	0.000000000000	1.000000000000	0.000000000000	0.000000000000	6000
9	10	0.900000000000	1.000000000000	5	0.000000000000	1.000000000000	0.000000000000	0.000000000000	6000
10	0	1.000000000000	0.000000000000	1	1.000000000000	0.000000000000	0.000000000000	0.000000000000	4000
10	0	1.000000000000	0.000000000000	2	1.000000000000	0.000000000000	0.000000000000	0.000000000000	4000
10	0	1.000000000000	0.000000000000	3	1.000000000000	0.000000000000	0.000000000000	0.000000000000	4000
10	0	1.000000000000	0.000000000000	4	1.000000000000	0.000000000000	0.000000000000	0.000000000000	4000
10	0	1.000000000000	0.000000000000	5	1.000000000000	0.000000000000	0.000000000000	0.000000000000	4000
10	1	1.000000000000	0.100000000000	1	1.000000000000	0.000000000000	0.000000000000	0.000000000000	6000
10	1	1.000000000000	0.100000000000	2	1.000000000000	0.000000000000	0.000000000000	0.000000000000	6000
10	1	1.000000000000	0.100000000000	3	1.000000000000	0.000000000000	0.000000000000	0.000000000000	6000
10	1	1.000000000000	0.100000000000	4	1.000000000000	0.000000000000	0.000000000000	0.000000000000	6000
10	1	1.000000000000	0.100000000000	5	1.000000000000	0.000000000000	0.000000000000	0.000000000000	6000
10	2	1.000000000000	0.200000000000	1	1.000000000000	0.000000000000	0.000000000000	0.000000000000	6000
10	2	1.000000000000	0.200000000000	2	1.000000000000	0.000000000000	0.000000000000	0.000000000000	6000
10	2	1.000000000000	0.200000000000	3	1.000000000000	0.000000000000	0.000000000000	0.000000000000	6000
10	2	1.000000000000	0.200000000000	4	1.000000000000	0.000000000000	0.000000000000	0.000000000000	6000
10	2	1.000000000000	0.200000000000	5	1.000000000000	0.000000000000	0.000000000000	0.000000000000	6000
10	3	1.000000000000	0.300000000000	1	1.000000000000	0.000000000000	0.000000000000	0.000000000000	6000
10	3	1.000000000000	0.300000000000	2	1.000000000000	0.000000000000	0.000000000000	0.000000000000	6000
10	3	1.000000000000	0.300000000000	3	1.000000000000	0.000000000000	0.000000000000	0.000000000000	6000
10	3	1.000000000000	0.300000000000	4	1.000000000000	0.000000000000	0.000000000000	0.000000000000	6000
10	3	1.000000000000	0.300000000000	5	1.000000000000	0.000000000000	0.000000000000	0.000000000000	6000
10	4	1.000000000000	0.400000000000	1	1.000000000000	0.000000000000	0.000000000000	0.000000000000	6000
10	4	1.000000000000	0.400000000000	2	1.000000000000	0.000000000000	0.000000000000	0.000000000000	6000
10	4	1.000000000000	0.400000000000	3	1.000000000000	0.000000000000	0.000000000000	0.000000000000	6000
10	4	1.000000000000	0.400000000000	4	1.000000000000	0.000000000000	0.000000000000	0.000000000000	6000
10	4	1.000000000000	0.400000000000	5	1.000000000000	0.000000000000	0.000000000000	0.000000000000	6000
10	5	1.000000000000	0.500000000000	1	1.000000000000	0.000000000000	0.000000000000	0.000000000000	6000
10	5	1.000000000000	0.500000000000	2	1.000000000000	0.000000000000	0.000000000000	0.000000000000	6000
10	5	1.000000000000	0.500000000000	3	1.000000000000	0.000000000000	0.000000000000	0.000000000000	6000
10	5	1.000000000000	0.500000000000	4	1.000000000000	0.000000000000	0.000000000000	0.000000000000	6000
10	5	1.000000000000	0.500000000000	5	1.000000000000	0.000000000000	0.000000000000	0.000000000000	6000
10	6	1.000000000000	0.600000000000	1	1.000000000000	0.000000000000	0.000000000000	0.000000000000	6000
10	6	1.000000000000	0.600000000000	2	1.000000000000	0.000000000000	0.000000000000	0.000000000000	6000
10	6	1.000000000000	0.600000000000	3	1.000000000000	0.000000000000	0.000000000000	0.000000000000	6000
10	6	1.000000000000	0.600000000000	4	1.000000000000	0.000000000000	0.000000000000	0.000000000000	6000
10	6	1.000000000000	0.600000000000	5	1.000000000000	0.000000000000	0.000000000000	0.000000000000	6000
10	7	1.000000000000	0.700000000000	1	1.000000000000	0.000000000000	0.000000000000	0.000000000000	6000
10	7	1.000000000000	0.700000000000	2	1.000000000000	0.000000000000	0.000000000000	0.000000000000	6000
10	7	1.000000000000	0.700000000000	3	1.000000000000	0.000000000000	0.000000000000	0.000000000000	6000
10	7	1.000000000000	0.700000000000	4	1.000000000000	0.000000000000	0.000000000000	0.000000000000	6000
10	7	1.000000000000	0.700000000000	5	1.000000000000	0.000000000000	0.000000000000	0.000000000000	6000
10	8	1.000000000000	0.800000000000	1	1.000000000000	0.000000000000	0.000000000000	0.000000000000	6000
10	8	1.000000000000	0.800000000000	2	1.000000000000	0.000000000000	0.000000000000	0.000000000000	6000
10	8	1.000000000000	0.800000000000	3	1.000000000000	0.000000000000	0.000000000000	0.000000000000	6000
10	8	1.000000000000	0.800000000000	4	1.000000000000	0.000000000000	0.000000000000	0.000000000000	6000
10	8	1.000000000000	0.800000000000	5	1.000000000000	0.000000000000	0.000000000000	0.000000000000	6000
10	9	1.000000000000	0.900000000000	1	1.000000000000	0.000000000000	0.000000000000	0.000000000000	6000
10	9	1.000000000000	0.900000000000	2	1.000000000000	0.000000000000	0.000000000000	0.000000000000	6000
10	9	1.000000000000	0.900000000000	3	1.000000000000	0.000000000000	0.000000000000	0.000000000000	6000
10	9	1.000000000000	0.900000000000	4	1.000000000000	0.000000000000	0.000000000000	0.000000000000	6000
10	9	1.000000000000	0.900000000000	5	1.000000000000	0.000000000000	0.000000000000	0.000000000000	6000
10	10	1.000000000000	1.000000000000	1	1.000000000000	1.000000000000	0.000000000000	0.000000000000	4000
10	10	1.000000000000	1.000000000000	2	1.000000000000	1.000000000000	0.000000000000	0.000000000000	4000
10	10	1.000000000000	1.000000000000	3	1.000000000000	1.000000000000	0.000000000000	0.000000000000	4000
10	10	1.000000000000	1.000000000000	4	1.000000000000	1.000000000000	0.000000000000	0.000000000000	4000
10	10	1.000000000000	1.000000000000	5	1.000000000000	1.000000000000	0.000000000000	0.000000000000	4000
