# scan initial plane
# b 1.3
# r 0
# e -0.4
# p12 0.1
# ndiv 10
# n_reps 5
# A:(0,1),	A':(0,0.133),	B:(1,0),	B'=(0.133,0),	C:(1,1),	D:(0,0),	E:(0.108,0.108) 
# columns: ix iy x1_0 x2_0 rep x1_inf x2_inf sigma_1 sigma_2 t_relax
0	0	0.000000000000	0.000000000000	1	0.000000000000	0.000000000000	0.000000000000	0.000000000000	4000
0	0	0.000000000000	0.000000000000	2	0.000000000000	0.000000000000	0.000000000000	0.000000000000	4000
0	0	0.000000000000	0.000000000000	3	0.000000000000	0.000000000000	0.000000000000	0.000000000000	4000
0	0	0.000000000000	0.000000000000	4	0.000000000000	0.000000000000	0.000000000000	0.000000000000	4000
0	0	0.000000000000	0.000000000000	5	0.000000000000	0.000000000000	0.000000000000	0.000000000000	4000
0	1	0.000000000000	0.100000000000	1	0.000000000000	0.120455000000	0.000000000000	0.011076581858	12000
0	1	0.000000000000	0.100000000000	2	0.000000000000	0.123430000000	0.000000000000	0.010754103903	4000
0	1	0.000000000000	0.100000000000	3	0.000000000000	0.127800000000	0.000000000000	0.008079311559	14000
0	1	0.000000000000	0.100000000000	4	0.000000000000	0.116370000000	0.000000000000	0.008363195743	10000
0	1	0.000000000000	0.100000000000	5	0.000000000000	0.123880000000	0.000000000000	0.009611867040	14000
0	2	0.000000000000	0.200000000000	1	0.000000000000	0.121995000000	0.000000000000	0.007500081748	24000
0	2	0.000000000000	0.200000000000	2	0.000000000000	0.127750000000	0.000000000000	0.013979732935	30000
0	2	0.000000000000	0.200000000000	3	0.000000000000	0.126435000000	0.000000000000	0.014376106825	6000
0	2	0.000000000000	0.200000000000	4	0.000000000000	0.121260000000	0.000000000000	0.011350825575	10000
0	2	0.000000000000	0.200000000000	5	0.000000000000	0.121025000000	0.000000000000	0.009752922357	16000
0	3	0.000000000000	0.300000000000	1	0.000000000000	0.114495000000	0.000000000000	0.010179567702	8000
0	3	0.000000000000	0.300000000000	2	0.000000000000	0.125230000000	0.000000000000	0.011221542809	4000
0	3	0.000000000000	0.300000000000	3	0.000000000000	0.123065000000	0.000000000000	0.009236670996	26000
0	3	0.000000000000	0.300000000000	4	0.000000000000	0.119840000000	0.000000000000	0.009930912497	20000
0	3	0.000000000000	0.300000000000	5	0.000000000000	0.118395000000	0.000000000000	0.008864398037	20000
0	4	0.000000000000	0.400000000000	1	0.000000000000	0.120305000000	0.000000000000	0.010287750620	8000
0	4	0.000000000000	0.400000000000	2	0.000000000000	0.117530000000	0.000000000000	0.010042407577	10000
0	4	0.000000000000	0.400000000000	3	0.000000000000	0.113850000000	0.000000000000	0.008071099221	10000
0	4	0.000000000000	0.400000000000	4	0.000000000000	0.120360000000	0.000000000000	0.009482104741	8000
0	4	0.000000000000	0.400000000000	5	0.000000000000	0.118555000000	0.000000000000	0.008399853126	16000
0	5	0.000000000000	0.500000000000	1	0.000000000000	0.119550000000	0.000000000000	0.012101402561	26000
0	5	0.000000000000	0.500000000000	2	0.000000000000	0.120250000000	0.000000000000	0.009152664709	24000
0	5	0.000000000000	0.500000000000	3	0.000000000000	0.114545000000	0.000000000000	0.008794618827	30000
0	5	0.000000000000	0.500000000000	4	0.000000000000	0.118300000000	0.000000000000	0.009861909412	24000
0	5	0.000000000000	0.500000000000	5	0.000000000000	0.112835000000	0.000000000000	0.010103952933	10000
0	6	0.000000000000	0.600000000000	1	0.000000000000	0.121695000000	0.000000000000	0.014496969930	6000
0	6	0.000000000000	0.600000000000	2	0.000000000000	0.121920000000	0.000000000000	0.011087674983	6000
0	6	0.000000000000	0.600000000000	3	0.000000000000	0.124840000000	0.000000000000	0.010974736664	18000
0	6	0.000000000000	0.600000000000	4	0.000000000000	0.121340000000	0.000000000000	0.010151721896	6000
0	6	0.000000000000	0.600000000000	5	0.000000000000	0.120940000000	0.000000000000	0.012885357288	8000
0	7	0.000000000000	0.700000000000	1	0.000000000000	0.121580000000	0.000000000000	0.009065637638	24000
0	7	0.000000000000	0.700000000000	2	0.000000000000	0.119575000000	0.000000000000	0.008973566732	18000
0	7	0.000000000000	0.700000000000	3	0.000000000000	0.121335000000	0.000000000000	0.009076075702	6000
0	7	0.000000000000	0.700000000000	4	0.000000000000	0.127085000000	0.000000000000	0.010667312997	14000
0	7	0.000000000000	0.700000000000	5	0.000000000000	0.119475000000	0.000000000000	0.009131415978	16000
0	8	0.000000000000	0.800000000000	1	0.000000000000	0.125580000000	0.000000000000	0.011715410827	16000
0	8	0.000000000000	0.800000000000	2	0.000000000000	0.118395000000	0.000000000000	0.009795147774	18000
0	8	0.000000000000	0.800000000000	3	0.000000000000	0.113145000000	0.000000000000	0.007452483782	8000
0	8	0.000000000000	0.800000000000	4	0.000000000000	0.122445000000	0.000000000000	0.008872750459	8000
0	8	0.000000000000	0.800000000000	5	0.000000000000	0.119360000000	0.000000000000	0.009799818184	14000
0	9	0.000000000000	0.900000000000	1	0.000000000000	0.122105000000	0.000000000000	0.011553244239	30000
0	9	0.000000000000	0.900000000000	2	0.000000000000	0.116320000000	0.000000000000	0.010395463706	14000
0	9	0.000000000000	0.900000000000	3	0.000000000000	0.118915000000	0.000000000000	0.007994478512	30000
0	9	0.000000000000	0.900000000000	4	0.000000000000	0.123160000000	0.000000000000	0.009126757239	14000
0	9	0.000000000000	0.900000000000	5	0.000000000000	0.122175000000	0.000000000000	0.012288017349	8000
0	10	0.000000000000	1.000000000000	1	0.000000000000	1.000000000000	0.000000000000	0.000000000000	4000
0	10	0.000000000000	1.000000000000	2	0.000000000000	1.000000000000	0.000000000000	0.000000000000	4000
0	10	0.000000000000	1.000000000000	3	0.000000000000	1.000000000000	0.000000000000	0.000000000000	4000
0	10	0.000000000000	1.000000000000	4	0.000000000000	1.000000000000	0.000000000000	0.000000000000	4000
0	10	0.000000000000	1.000000000000	5	0.000000000000	1.000000000000	0.000000000000	0.000000000000	4000
1	0	0.100000000000	0.000000000000	1	0.121585000000	0.000000000000	0.008380513589	0.000000000000	30000
1	0	0.100000000000	0.000000000000	2	0.123830000000	0.000000000000	0.008018440958	0.000000000000	8000
1	0	0.100000000000	0.000000000000	3	0.119615000000	0.000000000000	0.007306172401	0.000000000000	6000
1	0	0.100000000000	0.000000000000	4	0.126355000000	0.000000000000	0.011594110505	0.000000000000	8000
1	0	0.100000000000	0.000000000000	5	0.120600000000	0.000000000000	0.009291196173	0.000000000000	14000
1	1	0.100000000000	0.100000000000	1	0.084800000000	0.093095000000	0.012562556182	0.009015389745	30000
1	1	0.100000000000	0.100000000000	2	0.094510000000	0.090675000000	0.009230118910	0.010572660789	22000
1	1	0.100000000000	0.100000000000	3	0.093560000000	0.088345000000	0.008248905651	0.012024165483	30000
1	1	0.100000000000	0.100000000000	4	0.094880000000	0.079810000000	0.011351848504	0.018330300049	20000
1	1	0.100000000000	0.100000000000	5	0.093865000000	0.089290000000	0.014972005074	0.009232070793	30000
1	2	0.100000000000	0.200000000000	1	0.098850000000	0.094565000000	0.010558834642	0.011744092076	30000
1	2	0.100000000000	0.200000000000	2	0.094820000000	0.089410000000	0.009872439671	0.008418596841	30000
1	2	0.100000000000	0.200000000000	3	0.093535000000	0.098475000000	0.011841410135	0.009917042035	30000
1	2	0.100000000000	0.200000000000	4	0.095425000000	0.095550000000	0.009183066138	0.009601546213	30000
1	2	0.100000000000	0.200000000000	5	0.087335000000	0.103345000000	0.010718566260	0.010761123398	30000
1	3	0.100000000000	0.300000000000	1	0.105880000000	0.085100000000	0.011260657281	0.009250706761	30000
1	3	0.100000000000	0.300000000000	2	0.092580000000	0.086295000000	0.007389059358	0.010014902559	8000
1	3	0.100000000000	0.300000000000	3	0.097850000000	0.081475000000	0.008792315099	0.011661276103	30000
1	3	0.100000000000	0.300000000000	4	0.095360000000	0.097100000000	0.009505827726	0.008423832914	30000
1	3	0.100000000000	0.300000000000	5	0.084440000000	0.097085000000	0.009317898005	0.011122116547	30000
1	4	0.100000000000	0.400000000000	1	0.104630000000	0.078545000000	0.011755904955	0.009960280226	30000
1	4	0.100000000000	0.400000000000	2	0.091505000000	0.091345000000	0.010072806780	0.013110601163	30000
1	4	0.100000000000	0.400000000000	3	0.089350000000	0.088255000000	0.010890183474	0.012067543271	30000
1	4	0.100000000000	0.400000000000	4	0.085890000000	0.095435000000	0.006367766363	0.009482916255	30000
1	4	0.100000000000	0.400000000000	5	0.100840000000	0.091185000000	0.013029357780	0.013614555855	30000
1	5	0.100000000000	0.500000000000	1	0.094305000000	0.092845000000	0.009398420362	0.013507902814	30000
1	5	0.100000000000	0.500000000000	2	0.098720000000	0.089440000000	0.012530707028	0.012563607931	30000
1	5	0.100000000000	0.500000000000	3	0.091245000000	0.083630000000	0.012837046575	0.012906962838	30000
1	5	0.100000000000	0.500000000000	4	0.097265000000	0.084965000000	0.009073428354	0.008381170504	30000
1	5	0.100000000000	0.500000000000	5	0.089935000000	0.084115000000	0.011847410525	0.010401921696	30000
1	6	0.100000000000	0.600000000000	1	0.084245000000	0.094335000000	0.013915768884	0.011367145068	30000
1	6	0.100000000000	0.600000000000	2	0.091760000000	0.090785000000	0.011909838128	0.014542016547	30000
1	6	0.100000000000	0.600000000000	3	0.100815000000	0.087375000000	0.009463103367	0.011814141905	30000
1	6	0.100000000000	0.600000000000	4	0.082650000000	0.097535000000	0.013424146442	0.009465112961	30000
1	6	0.100000000000	0.600000000000	5	0.089395000000	0.095720000000	0.011028626642	0.013215757877	30000
1	7	0.100000000000	0.700000000000	1	0.097100000000	0.086200000000	0.010319713974	0.010390763589	30000
1	7	0.100000000000	0.700000000000	2	0.089055000000	0.090890000000	0.010658122282	0.012112167626	30000
1	7	0.100000000000	0.700000000000	3	0.093710000000	0.089290000000	0.010026785947	0.011814630146	30000
1	7	0.100000000000	0.700000000000	4	0.089080000000	0.093600000000	0.014424342677	0.010268663275	30000
1	7	0.100000000000	0.700000000000	5	0.093885000000	0.085975000000	0.009424467921	0.009389490803	14000
1	8	0.100000000000	0.800000000000	1	0.093625000000	0.090010000000	0.008727000374	0.015235879759	30000
1	8	0.100000000000	0.800000000000	2	0.092420000000	0.099475000000	0.010339269824	0.011007749341	30000
1	8	0.100000000000	0.800000000000	3	0.085920000000	0.087620000000	0.009246030991	0.008967497757	30000
1	8	0.100000000000	0.800000000000	4	0.092710000000	0.083310000000	0.009335043816	0.009748791666	30000
1	8	0.100000000000	0.800000000000	5	0.090035000000	0.097315000000	0.012315658750	0.010976623400	30000
1	9	0.100000000000	0.900000000000	1	0.087935000000	0.094485000000	0.008893248274	0.010978629482	30000
1	9	0.100000000000	0.900000000000	2	0.098175000000	0.092945000000	0.012357065674	0.010687197537	10000
1	9	0.100000000000	0.900000000000	3	0.103365000000	0.084070000000	0.009632993801	0.007680761297	26000
1	9	0.100000000000	0.900000000000	4	0.090120000000	0.094875000000	0.012413286821	0.013199757900	30000
1	9	0.100000000000	0.900000000000	5	0.089995000000	0.094965000000	0.009629002684	0.010333467741	30000
1	10	0.100000000000	1.000000000000	1	0.000000000000	1.000000000000	0.000000000000	0.000000000000	6000
1	10	0.100000000000	1.000000000000	2	0.000000000000	1.000000000000	0.000000000000	0.000000000000	6000
1	10	0.100000000000	1.000000000000	3	0.000000000000	1.000000000000	0.000000000000	0.000000000000	6000
1	10	0.100000000000	1.000000000000	4	0.000000000000	1.000000000000	0.000000000000	0.000000000000	6000
1	10	0.100000000000	1.000000000000	5	0.000000000000	1.000000000000	0.000000000000	0.000000000000	6000
2	0	0.200000000000	0.000000000000	1	0.120645000000	0.000000000000	0.009544635932	0.000000000000	6000
2	0	0.200000000000	0.000000000000	2	0.117570000000	0.000000000000	0.007788180516	0.000000000000	20000
2	0	0.200000000000	0.000000000000	3	0.122155000000	0.000000000000	0.008837934379	0.000000000000	4000
2	0	0.200000000000	0.000000000000	4	0.121640000000	0.000000000000	0.011021881957	0.000000000000	28000
2	0	0.200000000000	0.000000000000	5	0.115255000000	0.000000000000	0.008425019641	0.000000000000	12000
2	1	0.200000000000	0.100000000000	1	0.097525000000	0.093200000000	0.008621119341	0.010887080808	30000
2	1	0.200000000000	0.100000000000	2	0.081775000000	0.096210000000	0.014320595464	0.010788989865	30000
2	1	0.200000000000	0.100000000000	3	0.094040000000	0.097060000000	0.008763857895	0.009109851228	30000
2	1	0.200000000000	0.100000000000	4	0.087315000000	0.099410000000	0.007995605337	0.007662284947	30000
2	1	0.200000000000	0.100000000000	5	0.086550000000	0.092975000000	0.010166162051	0.012032004993	30000
2	2	0.200000000000	0.200000000000	1	0.093565000000	0.089905000000	0.014557736867	0.009633731561	30000
2	2	0.200000000000	0.200000000000	2	0.087625000000	0.091515000000	0.014827482228	0.010758509215	30000
2	2	0.200000000000	0.200000000000	3	0.099480000000	0.091405000000	0.009704317275	0.008301800702	30000
2	2	0.200000000000	0.200000000000	4	0.093295000000	0.087165000000	0.008645387077	0.012187547387	30000
2	2	0.200000000000	0.200000000000	5	0.087395000000	0.099990000000	0.011247910494	0.017112648619	30000
2	3	0.200000000000	0.300000000000	1	0.096385000000	0.090695000000	0.010900715600	0.014596404695	30000
2	3	0.200000000000	0.300000000000	2	0.097785000000	0.083990000000	0.010018440205	0.010566056102	16000
2	3	0.200000000000	0.300000000000	3	0.090290000000	0.094425000000	0.010510774300	0.013639296368	30000
2	3	0.200000000000	0.300000000000	4	0.096800000000	0.091160000000	0.012707142538	0.012966206944	30000
2	3	0.200000000000	0.300000000000	5	0.086100000000	0.094105000000	0.010187923920	0.010520677719	30000
2	4	0.200000000000	0.400000000000	1	0.094850000000	0.078110000000	0.012636739579	0.011832916712	30000
2	4	0.200000000000	0.400000000000	2	0.087820000000	0.088470000000	0.008155618561	0.008259983494	30000
2	4	0.200000000000	0.400000000000	3	0.085745000000	0.090445000000	0.014068329428	0.008558634542	30000
2	4	0.200000000000	0.400000000000	4	0.091995000000	0.102540000000	0.009007002892	0.007516974452	30000
2	4	0.200000000000	0.400000000000	5	0.095820000000	0.091720000000	0.011504779874	0.013965551784	30000
2	5	0.200000000000	0.500000000000	1	0.081015000000	0.098230000000	0.007372185844	0.009877482709	24000
2	5	0.200000000000	0.500000000000	2	0.090690000000	0.090725000000	0.013124257927	0.010024962587	20000
2	5	0.200000000000	0.500000000000	3	0.095475000000	0.080875000000	0.015191450068	0.012822784362	30000
2	5	0.200000000000	0.500000000000	4	0.091905000000	0.089125000000	0.012867071793	0.008915652745	6000
2	5	0.200000000000	0.500000000000	5	0.095145000000	0.092550000000	0.011064646465	0.008406436116	30000
2	6	0.200000000000	0.600000000000	1	0.089200000000	0.090760000000	0.012809140255	0.013249450855	30000
2	6	0.200000000000	0.600000000000	2	0.097640000000	0.085065000000	0.009395140694	0.010240881341	30000
2	6	0.200000000000	0.600000000000	3	0.088930000000	0.094775000000	0.009243405246	0.012279053308	30000
2	6	0.200000000000	0.600000000000	4	0.095205000000	0.088470000000	0.009865612262	0.008693945289	30000
2	6	0.200000000000	0.600000000000	5	0.094240000000	0.088595000000	0.012350098175	0.013254306910	30000
2	7	0.200000000000	0.700000000000	1	0.101185000000	0.086860000000	0.012485057134	0.008127512317	30000
2	7	0.200000000000	0.700000000000	2	0.091760000000	0.097360000000	0.011880384823	0.009522135846	30000
2	7	0.200000000000	0.700000000000	3	0.096135000000	0.099305000000	0.010128640796	0.010620959457	24000
2	7	0.200000000000	0.700000000000	4	0.103425000000	0.078305000000	0.011147584655	0.009112354800	30000
2	7	0.200000000000	0.700000000000	5	0.101535000000	0.096935000000	0.009074752125	0.009039495975	30000
2	8	0.200000000000	0.800000000000	1	0.100150000000	0.094740000000	0.010990827917	0.012583351729	30000
2	8	0.200000000000	0.800000000000	2	0.094350000000	0.085185000000	0.010624988960	0.009291237921	30000
2	8	0.200000000000	0.800000000000	3	0.090980000000	0.092985000000	0.011699422057	0.007760476789	30000
2	8	0.200000000000	0.800000000000	4	0.101120000000	0.087555000000	0.012472014719	0.012704659908	8000
2	8	0.200000000000	0.800000000000	5	0.095575000000	0.086595000000	0.011928397280	0.008692326014	30000
2	9	0.200000000000	0.900000000000	1	0.097250000000	0.093745000000	0.010625460009	0.010932497176	28000
2	9	0.200000000000	0.900000000000	2	0.083900000000	0.095310000000	0.014343839993	0.009967610208	30000
2	9	0.200000000000	0.900000000000	3	0.093950000000	0.092865000000	0.010517038942	0.009176108978	22000
2	9	0.200000000000	0.900000000000	4	0.096040000000	0.098660000000	0.014628136668	0.011477636348	30000
2	9	0.200000000000	0.900000000000	5	0.087205000000	0.094905000000	0.008949473061	0.007708787220	30000
2	10	0.200000000000	1.000000000000	1	0.000000000000	1.000000000000	0.000000000000	0.000000000000	6000
2	10	0.200000000000	1.000000000000	2	0.000000000000	1.000000000000	0.000000000000	0.000000000000	6000
2	10	0.200000000000	1.000000000000	3	0.000000000000	1.000000000000	0.000000000000	0.000000000000	6000
2	10	0.200000000000	1.000000000000	4	0.000000000000	1.000000000000	0.000000000000	0.000000000000	6000
2	10	0.200000000000	1.000000000000	5	0.000000000000	1.000000000000	0.000000000000	0.000000000000	6000
3	0	0.300000000000	0.000000000000	1	0.124385000000	0.000000000000	0.009528250761	0.000000000000	28000
3	0	0.300000000000	0.000000000000	2	0.119245000000	0.000000000000	0.011512493757	0.000000000000	30000
3	0	0.300000000000	0.000000000000	3	0.129570000000	0.000000000000	0.009513443415	0.000000000000	30000
3	0	0.300000000000	0.000000000000	4	0.110040000000	0.000000000000	0.011301598388	0.000000000000	20000
3	0	0.300000000000	0.000000000000	5	0.122250000000	0.000000000000	0.011283386673	0.000000000000	18000
3	1	0.300000000000	0.100000000000	1	0.084360000000	0.103025000000	0.013059898964	0.010737302485	30000
3	1	0.300000000000	0.100000000000	2	0.086280000000	0.094510000000	0.011260035008	0.009484189467	30000
3	1	0.300000000000	0.100000000000	3	0.099415000000	0.074005000000	0.015238601970	0.012778821279	30000
3	1	0.300000000000	0.100000000000	4	0.085440000000	0.087490000000	0.010107351708	0.009004497819	30000
3	1	0.300000000000	0.100000000000	5	0.087600000000	0.093275000000	0.014461989806	0.009884182924	30000
3	2	0.300000000000	0.200000000000	1	0.084375000000	0.093935000000	0.010716773032	0.011095669826	30000
3	2	0.300000000000	0.200000000000	2	0.088400000000	0.094020000000	0.014312401785	0.011620009665	30000
3	2	0.300000000000	0.200000000000	3	0.094365000000	0.088615000000	0.010702163861	0.008802514371	30000
3	2	0.300000000000	0.200000000000	4	0.084020000000	0.087080000000	0.008663986650	0.010046119874	30000
3	2	0.300000000000	0.200000000000	5	0.099500000000	0.087110000000	0.012500250248	0.011712603685	30000
3	3	0.300000000000	0.300000000000	1	0.082560000000	0.101360000000	0.009329171101	0.010673064898	30000
3	3	0.300000000000	0.300000000000	2	0.097670000000	0.094900000000	0.008348101029	0.012261335178	30000
3	3	0.300000000000	0.300000000000	3	0.095700000000	0.099465000000	0.010484270119	0.010024433364	30000
3	3	0.300000000000	0.300000000000	4	0.091020000000	0.097565000000	0.011532241438	0.012486059293	30000
3	3	0.300000000000	0.300000000000	5	0.092560000000	0.088885000000	0.009942094611	0.015245136575	30000
3	4	0.300000000000	0.400000000000	1	0.093105000000	0.096955000000	0.010113667053	0.009790241255	30000
3	4	0.300000000000	0.400000000000	2	0.089165000000	0.091865000000	0.010048818525	0.010927771557	30000
3	4	0.300000000000	0.400000000000	3	0.092985000000	0.099665000000	0.010673738975	0.011655411774	30000
3	4	0.300000000000	0.400000000000	4	0.094085000000	0.104255000000	0.012063718677	0.010553736606	30000
3	4	0.300000000000	0.400000000000	5	0.087905000000	0.103150000000	0.009730398535	0.013293013361	30000
3	5	0.300000000000	0.500000000000	1	0.096690000000	0.091455000000	0.011303613213	0.010750513874	30000
3	5	0.300000000000	0.500000000000	2	0.077290000000	0.105270000000	0.009866775221	0.008792292329	30000
3	5	0.300000000000	0.500000000000	3	0.096060000000	0.084900000000	0.010192167595	0.009961889341	30000
3	5	0.300000000000	0.500000000000	4	0.083535000000	0.092480000000	0.011701097841	0.009509996848	30000
3	5	0.300000000000	0.500000000000	5	0.095290000000	0.088430000000	0.011280210244	0.008732775124	16000
3	6	0.300000000000	0.600000000000	1	0.088535000000	0.095615000000	0.008826476176	0.010382898419	30000
3	6	0.300000000000	0.600000000000	2	0.088730000000	0.095135000000	0.010177951203	0.010380970067	30000
3	6	0.300000000000	0.600000000000	3	0.095420000000	0.083600000000	0.009005815049	0.011274622704	14000
3	6	0.300000000000	0.600000000000	4	0.095160000000	0.091840000000	0.011322658813	0.011646890145	30000
3	6	0.300000000000	0.600000000000	5	0.098795000000	0.083905000000	0.008709123023	0.012725482816	24000
3	7	0.300000000000	0.700000000000	1	0.087725000000	0.092070000000	0.012603897541	0.012280713168	30000
3	7	0.300000000000	0.700000000000	2	0.107595000000	0.089680000000	0.012177407945	0.009472979327	12000
3	7	0.300000000000	0.700000000000	3	0.092020000000	0.089690000000	0.012436811258	0.009588839651	30000
3	7	0.300000000000	0.700000000000	4	0.088300000000	0.093885000000	0.011197561582	0.016465202030	30000
3	7	0.300000000000	0.700000000000	5	0.096055000000	0.088840000000	0.008762919820	0.014021447892	30000
3	8	0.300000000000	0.800000000000	1	0.094650000000	0.086530000000	0.009860259871	0.013843798278	30000
3	8	0.300000000000	0.800000000000	2	0.093850000000	0.100975000000	0.012599056958	0.012497221914	30000
3	8	0.300000000000	0.800000000000	3	0.089270000000	0.097230000000	0.010725303359	0.009993846956	30000
3	8	0.300000000000	0.800000000000	4	0.099320000000	0.083280000000	0.018584482317	0.012645216546	30000
3	8	0.300000000000	0.800000000000	5	0.104080000000	0.090150000000	0.010141817217	0.009266248613	30000
3	9	0.300000000000	0.900000000000	1	0.088205000000	0.081600000000	0.009281115995	0.013615262589	30000
3	9	0.300000000000	0.900000000000	2	0.088365000000	0.083495000000	0.012582133566	0.013047229790	30000
3	9	0.300000000000	0.900000000000	3	0.092815000000	0.091565000000	0.009401551157	0.011543787681	30000
3	9	0.300000000000	0.900000000000	4	0.100065000000	0.086210000000	0.009044477739	0.011196484326	30000
3	9	0.300000000000	0.900000000000	5	0.096400000000	0.086585000000	0.007027758490	0.009995633431	6000
3	10	0.300000000000	1.000000000000	1	0.000000000000	1.000000000000	0.000000000000	0.000000000000	6000
3	10	0.300000000000	1.000000000000	2	0.000000000000	1.000000000000	0.000000000000	0.000000000000	6000
3	10	0.300000000000	1.000000000000	3	0.000000000000	1.000000000000	0.000000000000	0.000000000000	6000
3	10	0.300000000000	1.000000000000	4	0.000000000000	1.000000000000	0.000000000000	0.000000000000	6000
3	10	0.300000000000	1.000000000000	5	0.000000000000	1.000000000000	0.000000000000	0.000000000000	6000
4	0	0.400000000000	0.000000000000	1	0.113780000000	0.000000000000	0.010799454997	0.000000000000	20000
4	0	0.400000000000	0.000000000000	2	0.118535000000	0.000000000000	0.008200367127	0.000000000000	18000
4	0	0.400000000000	0.000000000000	3	0.117980000000	0.000000000000	0.010848377173	0.000000000000	30000
4	0	0.400000000000	0.000000000000	4	0.114850000000	0.000000000000	0.008908246565	0.000000000000	30000
4	0	0.400000000000	0.000000000000	5	0.120280000000	0.000000000000	0.008848723066	0.000000000000	14000
4	1	0.400000000000	0.100000000000	1	0.085620000000	0.092670000000	0.007682748507	0.011092526500	30000
4	1	0.400000000000	0.100000000000	2	0.078080000000	0.094000000000	0.009940443270	0.010467070247	30000
4	1	0.400000000000	0.100000000000	3	0.099595000000	0.076745000000	0.010586455878	0.010899485023	30000
4	1	0.400000000000	0.100000000000	4	0.099610000000	0.086935000000	0.008474651599	0.010608643566	30000
4	1	0.400000000000	0.100000000000	5	0.096555000000	0.084300000000	0.010614595830	0.012339459561	30000
4	2	0.400000000000	0.200000000000	1	0.091745000000	0.089660000000	0.012364580780	0.010679346818	30000
4	2	0.400000000000	0.200000000000	2	0.100320000000	0.088605000000	0.007906333544	0.010150468315	30000
4	2	0.400000000000	0.200000000000	3	0.106645000000	0.098895000000	0.011747637294	0.011359269695	30000
4	2	0.400000000000	0.200000000000	4	0.093240000000	0.094780000000	0.009858985729	0.010557606881	30000
4	2	0.400000000000	0.200000000000	5	0.090715000000	0.083320000000	0.012223468746	0.009878014739	30000
4	3	0.400000000000	0.300000000000	1	0.090720000000	0.091395000000	0.010427863652	0.011283008521	30000
4	3	0.400000000000	0.300000000000	2	0.089815000000	0.084895000000	0.011330010774	0.013127692536	28000
4	3	0.400000000000	0.300000000000	3	0.094370000000	0.097400000000	0.012031119975	0.011292365453	30000
4	3	0.400000000000	0.300000000000	4	0.100865000000	0.087430000000	0.015466608904	0.011729564471	30000
4	3	0.400000000000	0.300000000000	5	0.091190000000	0.091260000000	0.012715958304	0.011017430907	30000
4	4	0.400000000000	0.400000000000	1	0.077845000000	0.107020000000	0.013914905663	0.008481835977	30000
4	4	0.400000000000	0.400000000000	2	0.083400000000	0.096580000000	0.014261605569	0.013056572064	30000
4	4	0.400000000000	0.400000000000	3	0.090570000000	0.091855000000	0.010674223112	0.009456394577	30000
4	4	0.400000000000	0.400000000000	4	0.088820000000	0.096070000000	0.017064548010	0.011680819387	30000
4	4	0.400000000000	0.400000000000	5	0.089665000000	0.097445000000	0.009958008683	0.009997345744	30000
4	5	0.400000000000	0.500000000000	1	0.102870000000	0.094350000000	0.013722295777	0.008697882107	30000
4	5	0.400000000000	0.500000000000	2	0.101610000000	0.091325000000	0.015689297437	0.008845768628	30000
4	5	0.400000000000	0.500000000000	3	0.085375000000	0.099585000000	0.011701337372	0.012486339883	30000
4	5	0.400000000000	0.500000000000	4	0.091115000000	0.094415000000	0.012650763488	0.010111132974	30000
4	5	0.400000000000	0.500000000000	5	0.094185000000	0.086315000000	0.011998113590	0.010129085515	16000
4	6	0.400000000000	0.600000000000	1	0.095140000000	0.087815000000	0.009285290336	0.012282167017	30000
4	6	0.400000000000	0.600000000000	2	0.097310000000	0.088970000000	0.008454903038	0.016589584513	30000
4	6	0.400000000000	0.600000000000	3	0.084150000000	0.093025000000	0.009069716631	0.009542821409	30000
4	6	0.400000000000	0.600000000000	4	0.087540000000	0.102515000000	0.011512207909	0.010780352081	24000
4	6	0.400000000000	0.600000000000	5	0.094185000000	0.084350000000	0.012128803852	0.008657508444	30000
4	7	0.400000000000	0.700000000000	1	0.098665000000	0.096005000000	0.011555358121	0.011148509509	30000
4	7	0.400000000000	0.700000000000	2	0.090460000000	0.094625000000	0.009843032322	0.013498762595	30000
4	7	0.400000000000	0.700000000000	3	0.089695000000	0.085675000000	0.015169445840	0.013500060245	10000
4	7	0.400000000000	0.700000000000	4	0.084285000000	0.098880000000	0.010154648782	0.009653434041	30000
4	7	0.400000000000	0.700000000000	5	0.085675000000	0.092525000000	0.015243087834	0.014303984724	30000
4	8	0.400000000000	0.800000000000	1	0.090155000000	0.086020000000	0.009422832099	0.015719628072	8000
4	8	0.400000000000	0.800000000000	2	0.104315000000	0.090880000000	0.011747074903	0.010048710195	30000
4	8	0.400000000000	0.800000000000	3	0.103395000000	0.087195000000	0.010761728011	0.008830909351	30000
4	8	0.400000000000	0.800000000000	4	0.098995000000	0.087715000000	0.008251245849	0.008088213288	30000
4	8	0.400000000000	0.800000000000	5	0.097705000000	0.092420000000	0.012306885651	0.010418836411	14000
4	9	0.400000000000	0.900000000000	1	0.098330000000	0.089690000000	0.008054562432	0.009892004435	30000
4	9	0.400000000000	0.900000000000	2	0.089270000000	0.094765000000	0.012776162582	0.011988056076	30000
4	9	0.400000000000	0.900000000000	3	0.090390000000	0.106725000000	0.008462831649	0.009054355657	30000
4	9	0.400000000000	0.900000000000	4	0.095265000000	0.090800000000	0.012145051555	0.010536651319	30000
4	9	0.400000000000	0.900000000000	5	0.097480000000	0.087090000000	0.010946205709	0.008285562778	30000
4	10	0.400000000000	1.000000000000	1	0.000000000000	1.000000000000	0.000000000000	0.000000000000	6000
4	10	0.400000000000	1.000000000000	2	0.000000000000	1.000000000000	0.000000000000	0.000000000000	6000
4	10	0.400000000000	1.000000000000	3	0.000000000000	1.000000000000	0.000000000000	0.000000000000	8000
4	10	0.400000000000	1.000000000000	4	0.000000000000	1.000000000000	0.000000000000	0.000000000000	6000
4	10	0.400000000000	1.000000000000	5	0.000000000000	1.000000000000	0.000000000000	0.000000000000	6000
5	0	0.500000000000	0.000000000000	1	0.125770000000	0.000000000000	0.009731485077	0.000000000000	6000
5	0	0.500000000000	0.000000000000	2	0.120120000000	0.000000000000	0.009119691265	0.000000000000	6000
5	0	0.500000000000	0.000000000000	3	0.129225000000	0.000000000000	0.010041175240	0.000000000000	6000
5	0	0.500000000000	0.000000000000	4	0.125775000000	0.000000000000	0.009758052808	0.000000000000	12000
5	0	0.500000000000	0.000000000000	5	0.122365000000	0.000000000000	0.008721114197	0.000000000000	30000
5	1	0.500000000000	0.100000000000	1	0.095445000000	0.092610000000	0.007860582915	0.014886554655	10000
5	1	0.500000000000	0.100000000000	2	0.093090000000	0.089145000000	0.010616713927	0.012934886404	28000
5	1	0.500000000000	0.100000000000	3	0.087210000000	0.095075000000	0.012887279852	0.014847215726	16000
5	1	0.500000000000	0.100000000000	4	0.084585000000	0.095785000000	0.009960018925	0.010020438323	30000
5	1	0.500000000000	0.100000000000	5	0.090485000000	0.090850000000	0.006521679792	0.015969738023	30000
5	2	0.500000000000	0.200000000000	1	0.090510000000	0.090830000000	0.011680168078	0.010543826263	10000
5	2	0.500000000000	0.200000000000	2	0.101545000000	0.084930000000	0.010380063618	0.009393259995	30000
5	2	0.500000000000	0.200000000000	3	0.102025000000	0.093225000000	0.013728176785	0.010765234102	30000
5	2	0.500000000000	0.200000000000	4	0.093970000000	0.101210000000	0.011932371159	0.007519470888	30000
5	2	0.500000000000	0.200000000000	5	0.090675000000	0.090350000000	0.014007697548	0.011617334568	30000
5	3	0.500000000000	0.300000000000	1	0.092365000000	0.098695000000	0.010253629207	0.010388931846	30000
5	3	0.500000000000	0.300000000000	2	0.090750000000	0.085250000000	0.007697190835	0.008602994334	30000
5	3	0.500000000000	0.300000000000	3	0.088125000000	0.093905000000	0.009573454237	0.011696699867	30000
5	3	0.500000000000	0.300000000000	4	0.089830000000	0.094600000000	0.007970861599	0.013547085425	30000
5	3	0.500000000000	0.300000000000	5	0.097905000000	0.094360000000	0.010832974122	0.014544825607	30000
5	4	0.500000000000	0.400000000000	1	0.078950000000	0.083045000000	0.011991300651	0.009864090190	30000
5	4	0.500000000000	0.400000000000	2	0.091555000000	0.091365000000	0.010586266766	0.012524721300	30000
5	4	0.500000000000	0.400000000000	3	0.096260000000	0.085210000000	0.013820398091	0.011697980285	30000
5	4	0.500000000000	0.400000000000	4	0.099350000000	0.086290000000	0.009386991830	0.013909686531	30000
5	4	0.500000000000	0.400000000000	5	0.093205000000	0.090060000000	0.013745614461	0.011896971797	30000
5	5	0.500000000000	0.500000000000	1	0.093120000000	0.091285000000	0.010560640470	0.010671816278	30000
5	5	0.500000000000	0.500000000000	2	0.098705000000	0.088360000000	0.010984928022	0.017166977169	30000
5	5	0.500000000000	0.500000000000	3	0.084055000000	0.088640000000	0.014284117439	0.013449211177	30000
5	5	0.500000000000	0.500000000000	4	0.091940000000	0.085335000000	0.009860711619	0.014818311556	30000
5	5	0.500000000000	0.500000000000	5	0.094075000000	0.089135000000	0.016566345971	0.011539494570	16000
5	6	0.500000000000	0.600000000000	1	0.088505000000	0.092425000000	0.008603138322	0.014717709944	28000
5	6	0.500000000000	0.600000000000	2	0.094050000000	0.088845000000	0.009710396068	0.013304810897	30000
5	6	0.500000000000	0.600000000000	3	0.091445000000	0.088450000000	0.013265102259	0.014069308634	30000
5	6	0.500000000000	0.600000000000	4	0.091610000000	0.090380000000	0.012120429234	0.009104311533	30000
5	6	0.500000000000	0.600000000000	5	0.098400000000	0.082390000000	0.009575055179	0.008663888444	28000
5	7	0.500000000000	0.700000000000	1	0.097260000000	0.103355000000	0.010545311925	0.011401709257	30000
5	7	0.500000000000	0.700000000000	2	0.084095000000	0.093745000000	0.009990284319	0.011188170098	30000
5	7	0.500000000000	0.700000000000	3	0.095365000000	0.090450000000	0.010037057214	0.012062047629	30000
5	7	0.500000000000	0.700000000000	4	0.089380000000	0.090630000000	0.011359781892	0.013939060133	30000
5	7	0.500000000000	0.700000000000	5	0.096610000000	0.092400000000	0.008430835011	0.013057967319	30000
5	8	0.500000000000	0.800000000000	1	0.092815000000	0.097715000000	0.009032295243	0.011974855831	10000
5	8	0.500000000000	0.800000000000	2	0.100880000000	0.089575000000	0.014899583806	0.008761914525	30000
5	8	0.500000000000	0.800000000000	3	0.085235000000	0.091545000000	0.011173388905	0.008640754460	30000
5	8	0.500000000000	0.800000000000	4	0.096785000000	0.088070000000	0.010749619962	0.010299571893	30000
5	8	0.500000000000	0.800000000000	5	0.102105000000	0.086705000000	0.012820231407	0.008723191450	30000
5	9	0.500000000000	0.900000000000	1	0.093225000000	0.091815000000	0.011775527081	0.010053947327	30000
5	9	0.500000000000	0.900000000000	2	0.091260000000	0.098525000000	0.007121314002	0.012820442221	30000
5	9	0.500000000000	0.900000000000	3	0.090135000000	0.090270000000	0.008963097239	0.011054379191	30000
5	9	0.500000000000	0.900000000000	4	0.088750000000	0.099360000000	0.014081398574	0.009130924037	30000
5	9	0.500000000000	0.900000000000	5	0.088145000000	0.095535000000	0.007999873310	0.010665482996	12000
5	10	0.500000000000	1.000000000000	1	0.000000000000	1.000000000000	0.000000000000	0.000000000000	6000
5	10	0.500000000000	1.000000000000	2	0.000000000000	1.000000000000	0.000000000000	0.000000000000	6000
5	10	0.500000000000	1.000000000000	3	0.000000000000	1.000000000000	0.000000000000	0.000000000000	6000
5	10	0.500000000000	1.000000000000	4	0.000000000000	1.000000000000	0.000000000000	0.000000000000	6000
5	10	0.500000000000	1.000000000000	5	0.000000000000	1.000000000000	0.000000000000	0.000000000000	6000
6	0	0.600000000000	0.000000000000	1	0.125255000000	0.000000000000	0.009273401262	0.000000000000	8000
6	0	0.600000000000	0.000000000000	2	0.119550000000	0.000000000000	0.008334684575	0.000000000000	10000
6	0	0.600000000000	0.000000000000	3	0.116775000000	0.000000000000	0.008431813000	0.000000000000	20000
6	0	0.600000000000	0.000000000000	4	0.114865000000	0.000000000000	0.011447174883	0.000000000000	26000
6	0	0.600000000000	0.000000000000	5	0.125345000000	0.000000000000	0.009004835482	0.000000000000	16000
6	1	0.600000000000	0.100000000000	1	0.096695000000	0.089575000000	0.009281062068	0.011136354583	30000
6	1	0.600000000000	0.100000000000	2	0.094495000000	0.088780000000	0.011675028106	0.014870532362	30000
6	1	0.600000000000	0.100000000000	3	0.096495000000	0.088185000000	0.009582891359	0.008209639040	30000
6	1	0.600000000000	0.100000000000	4	0.093900000000	0.088580000000	0.008744510648	0.012399086149	30000
6	1	0.600000000000	0.100000000000	5	0.089430000000	0.088440000000	0.007468659912	0.008639504676	20000
6	2	0.600000000000	0.200000000000	1	0.095005000000	0.087355000000	0.011851811694	0.008446912177	30000
6	2	0.600000000000	0.200000000000	2	0.091730000000	0.085095000000	0.009251631893	0.015135886828	30000
6	2	0.600000000000	0.200000000000	3	0.082130000000	0.095910000000	0.012243896970	0.007983460129	30000
6	2	0.600000000000	0.200000000000	4	0.090105000000	0.085275000000	0.012272513581	0.010017470974	30000
6	2	0.600000000000	0.200000000000	5	0.081265000000	0.097860000000	0.009402828733	0.008808972585	30000
6	3	0.600000000000	0.300000000000	1	0.092340000000	0.093880000000	0.011260603945	0.011808261304	30000
6	3	0.600000000000	0.300000000000	2	0.080690000000	0.091610000000	0.012788175688	0.011412192521	30000
6	3	0.600000000000	0.300000000000	3	0.088155000000	0.087445000000	0.009809036252	0.009106585798	30000
6	3	0.600000000000	0.300000000000	4	0.090820000000	0.091090000000	0.011322800263	0.012290767387	30000
6	3	0.600000000000	0.300000000000	5	0.089515000000	0.102235000000	0.009522628600	0.011410958986	30000
6	4	0.600000000000	0.400000000000	1	0.089905000000	0.088150000000	0.009497693466	0.008599502977	30000
6	4	0.600000000000	0.400000000000	2	0.090355000000	0.087765000000	0.012679106228	0.011595871646	30000
6	4	0.600000000000	0.400000000000	3	0.095390000000	0.092645000000	0.010099499983	0.010573115235	30000
6	4	0.600000000000	0.400000000000	4	0.101190000000	0.083755000000	0.013900616070	0.017853395159	30000
6	4	0.600000000000	0.400000000000	5	0.098920000000	0.094380000000	0.011428657586	0.014383061999	30000
6	5	0.600000000000	0.500000000000	1	0.086150000000	0.095905000000	0.011491716998	0.009780164959	30000
6	5	0.600000000000	0.500000000000	2	0.089790000000	0.096280000000	0.011742818818	0.014619347637	30000
6	5	0.600000000000	0.500000000000	3	0.100540000000	0.088985000000	0.010460297215	0.010278639279	30000
6	5	0.600000000000	0.500000000000	4	0.099825000000	0.090325000000	0.009288738109	0.008002087753	30000
6	5	0.600000000000	0.500000000000	5	0.090745000000	0.082950000000	0.008569913560	0.010740710538	30000
6	6	0.600000000000	0.600000000000	1	0.085645000000	0.088230000000	0.011633757747	0.014523361458	30000
6	6	0.600000000000	0.600000000000	2	0.092745000000	0.083255000000	0.008191891240	0.010683825116	30000
6	6	0.600000000000	0.600000000000	3	0.097435000000	0.087830000000	0.007658617984	0.009992043882	30000
6	6	0.600000000000	0.600000000000	4	0.086765000000	0.091985000000	0.011787651323	0.009464372634	30000
6	6	0.600000000000	0.600000000000	5	0.107810000000	0.077085000000	0.009539124430	0.010194690123	30000
6	7	0.600000000000	0.700000000000	1	0.089035000000	0.089590000000	0.011411573029	0.008369704412	30000
6	7	0.600000000000	0.700000000000	2	0.088545000000	0.091845000000	0.011306449965	0.009271296130	30000
6	7	0.600000000000	0.700000000000	3	0.097665000000	0.094735000000	0.010534882949	0.013382221746	30000
6	7	0.600000000000	0.700000000000	4	0.091760000000	0.097390000000	0.010074914585	0.008145812068	30000
6	7	0.600000000000	0.700000000000	5	0.091950000000	0.082875000000	0.008821866318	0.010395549165	30000
6	8	0.600000000000	0.800000000000	1	0.090545000000	0.094130000000	0.010511349269	0.010339245620	30000
6	8	0.600000000000	0.800000000000	2	0.100050000000	0.086920000000	0.008262309953	0.007043664757	26000
6	8	0.600000000000	0.800000000000	3	0.073525000000	0.106190000000	0.010621308167	0.008706877150	30000
6	8	0.600000000000	0.800000000000	4	0.085055000000	0.087050000000	0.007525197911	0.009139531226	30000
6	8	0.600000000000	0.800000000000	5	0.089135000000	0.087930000000	0.010377112289	0.009633686102	30000
6	9	0.600000000000	0.900000000000	1	0.090205000000	0.089295000000	0.007275706901	0.011750150682	30000
6	9	0.600000000000	0.900000000000	2	0.090760000000	0.090340000000	0.011355674852	0.012887998312	30000
6	9	0.600000000000	0.900000000000	3	0.096905000000	0.090155000000	0.009751464816	0.009583465856	30000
6	9	0.600000000000	0.900000000000	4	0.090705000000	0.092975000000	0.011072514420	0.011655909884	30000
6	9	0.600000000000	0.900000000000	5	0.089845000000	0.088995000000	0.011374548578	0.008269423097	30000
6	10	0.600000000000	1.000000000000	1	0.000000000000	1.000000000000	0.000000000000	0.000000000000	6000
6	10	0.600000000000	1.000000000000	2	0.000000000000	1.000000000000	0.000000000000	0.000000000000	6000
6	10	0.600000000000	1.000000000000	3	0.000000000000	1.000000000000	0.000000000000	0.000000000000	6000
6	10	0.600000000000	1.000000000000	4	0.000000000000	1.000000000000	0.000000000000	0.000000000000	6000
6	10	0.600000000000	1.000000000000	5	0.000000000000	1.000000000000	0.000000000000	0.000000000000	6000
7	0	0.700000000000	0.000000000000	1	0.117795000000	0.000000000000	0.009232996438	0.000000000000	20000
7	0	0.700000000000	0.000000000000	2	0.118865000000	0.000000000000	0.010970739817	0.000000000000	6000
7	0	0.700000000000	0.000000000000	3	0.117750000000	0.000000000000	0.010714583627	0.000000000000	8000
7	0	0.700000000000	0.000000000000	4	0.123150000000	0.000000000000	0.010214295464	0.000000000000	8000
7	0	0.700000000000	0.000000000000	5	0.117770000000	0.000000000000	0.007725722412	0.000000000000	6000
7	1	0.700000000000	0.100000000000	1	0.088040000000	0.100305000000	0.011863774659	0.013732099095	30000
7	1	0.700000000000	0.100000000000	2	0.089805000000	0.084010000000	0.009976798660	0.008389892150	18000
7	1	0.700000000000	0.100000000000	3	0.081150000000	0.097715000000	0.005555030005	0.008533850339	28000
7	1	0.700000000000	0.100000000000	4	0.101085000000	0.088940000000	0.009286226845	0.010377094202	30000
7	1	0.700000000000	0.100000000000	5	0.092640000000	0.091205000000	0.014222611669	0.016148800536	30000
7	2	0.700000000000	0.200000000000	1	0.092490000000	0.096100000000	0.012859442650	0.011265740851	30000
7	2	0.700000000000	0.200000000000	2	0.092650000000	0.092305000000	0.009247324641	0.010586503155	30000
7	2	0.700000000000	0.200000000000	3	0.089080000000	0.088720000000	0.008394883803	0.011055941110	22000
7	2	0.700000000000	0.200000000000	4	0.099635000000	0.090135000000	0.009951925232	0.009823608211	30000
7	2	0.700000000000	0.200000000000	5	0.099870000000	0.088735000000	0.009034086269	0.009513952401	30000
7	3	0.700000000000	0.300000000000	1	0.099490000000	0.088970000000	0.011873537000	0.009668639128	30000
7	3	0.700000000000	0.300000000000	2	0.087605000000	0.085030000000	0.009320721584	0.011409613459	30000
7	3	0.700000000000	0.300000000000	3	0.097675000000	0.088910000000	0.007578047361	0.009332684448	30000
7	3	0.700000000000	0.300000000000	4	0.097170000000	0.092490000000	0.007781494179	0.009949819039	30000
7	3	0.700000000000	0.300000000000	5	0.081555000000	0.097365000000	0.011700165335	0.009160550785	30000
7	4	0.700000000000	0.400000000000	1	0.091590000000	0.097585000000	0.010211570701	0.012399456501	30000
7	4	0.700000000000	0.400000000000	2	0.092110000000	0.090965000000	0.012387548238	0.012647281476	30000
7	4	0.700000000000	0.400000000000	3	0.092690000000	0.094285000000	0.013529484356	0.011425599298	30000
7	4	0.700000000000	0.400000000000	4	0.085535000000	0.100245000000	0.014458486187	0.012196874138	30000
7	4	0.700000000000	0.400000000000	5	0.103610000000	0.085485000000	0.008534678713	0.010034463885	30000
7	5	0.700000000000	0.500000000000	1	0.097155000000	0.092785000000	0.010984153432	0.007914000657	30000
7	5	0.700000000000	0.500000000000	2	0.091715000000	0.093545000000	0.009626860934	0.010935152150	30000
7	5	0.700000000000	0.500000000000	3	0.091400000000	0.094640000000	0.008942593023	0.010767373697	30000
7	5	0.700000000000	0.500000000000	4	0.096185000000	0.074675000000	0.012689830842	0.012168296612	30000
7	5	0.700000000000	0.500000000000	5	0.094695000000	0.097865000000	0.014075869604	0.009442241838	30000
7	6	0.700000000000	0.600000000000	1	0.097980000000	0.086575000000	0.011528334767	0.013653966669	18000
7	6	0.700000000000	0.600000000000	2	0.087325000000	0.094905000000	0.010690353533	0.009063560179	30000
7	6	0.700000000000	0.600000000000	3	0.087800000000	0.089445000000	0.008777074515	0.009579077917	30000
7	6	0.700000000000	0.600000000000	4	0.089280000000	0.084830000000	0.010601603369	0.010829976380	30000
7	6	0.700000000000	0.600000000000	5	0.100380000000	0.096225000000	0.008816650914	0.009890510462	30000
7	7	0.700000000000	0.700000000000	1	0.093305000000	0.094530000000	0.008492590835	0.011243020302	18000
7	7	0.700000000000	0.700000000000	2	0.084705000000	0.091845000000	0.012511775235	0.012370286941	30000
7	7	0.700000000000	0.700000000000	3	0.095565000000	0.100130000000	0.009345754015	0.011430825157	30000
7	7	0.700000000000	0.700000000000	4	0.088500000000	0.091720000000	0.010524293837	0.008666990061	10000
7	7	0.700000000000	0.700000000000	5	0.097105000000	0.088785000000	0.009684408230	0.009237646297	30000
7	8	0.700000000000	0.800000000000	1	0.097820000000	0.086140000000	0.009018255315	0.009194288169	30000
7	8	0.700000000000	0.800000000000	2	0.082250000000	0.099160000000	0.008741505243	0.010943681472	30000
7	8	0.700000000000	0.800000000000	3	0.096660000000	0.083190000000	0.012835854438	0.010769860254	30000
7	8	0.700000000000	0.800000000000	4	0.089085000000	0.098870000000	0.011970006519	0.014628297477	30000
7	8	0.700000000000	0.800000000000	5	0.086230000000	0.096825000000	0.010246564892	0.009012524652	30000
7	9	0.700000000000	0.900000000000	1	0.096670000000	0.089485000000	0.011488824705	0.008904440694	30000
7	9	0.700000000000	0.900000000000	2	0.094635000000	0.083260000000	0.012694602315	0.011866474338	30000
7	9	0.700000000000	0.900000000000	3	0.094970000000	0.082955000000	0.010840508135	0.010034623494	30000
7	9	0.700000000000	0.900000000000	4	0.091940000000	0.085575000000	0.008471018720	0.008629533234	30000
7	9	0.700000000000	0.900000000000	5	0.091965000000	0.098985000000	0.010593677407	0.010404471540	30000
7	10	0.700000000000	1.000000000000	1	0.000000000000	1.000000000000	0.000000000000	0.000000000000	6000
7	10	0.700000000000	1.000000000000	2	0.000000000000	1.000000000000	0.000000000000	0.000000000000	6000
7	10	0.700000000000	1.000000000000	3	0.000000000000	1.000000000000	0.000000000000	0.000000000000	6000
7	10	0.700000000000	1.000000000000	4	0.000000000000	1.000000000000	0.000000000000	0.000000000000	6000
7	10	0.700000000000	1.000000000000	5	0.000000000000	1.000000000000	0.000000000000	0.000000000000	6000
8	0	0.800000000000	0.000000000000	1	0.125305000000	0.000000000000	0.009047863772	0.000000000000	16000
8	0	0.800000000000	0.000000000000	2	0.122840000000	0.000000000000	0.008801242064	0.000000000000	20000
8	0	0.800000000000	0.000000000000	3	0.124195000000	0.000000000000	0.010118268348	0.000000000000	6000
8	0	0.800000000000	0.000000000000	4	0.122950000000	0.000000000000	0.010176003688	0.000000000000	6000
8	0	0.800000000000	0.000000000000	5	0.117840000000	0.000000000000	0.008285713793	0.000000000000	14000
8	1	0.800000000000	0.100000000000	1	0.094070000000	0.092080000000	0.012567539260	0.013706256289	30000
8	1	0.800000000000	0.100000000000	2	0.092590000000	0.086545000000	0.010370605067	0.008579719493	30000
8	1	0.800000000000	0.100000000000	3	0.089300000000	0.082395000000	0.013718534842	0.012336578382	30000
8	1	0.800000000000	0.100000000000	4	0.095025000000	0.085635000000	0.011881310557	0.007818753603	30000
8	1	0.800000000000	0.100000000000	5	0.093545000000	0.085380000000	0.008627421829	0.009664315754	30000
8	2	0.800000000000	0.200000000000	1	0.095475000000	0.096755000000	0.009856293498	0.012536033150	30000
8	2	0.800000000000	0.200000000000	2	0.091640000000	0.088040000000	0.009505301192	0.009826238088	30000
8	2	0.800000000000	0.200000000000	3	0.090630000000	0.092915000000	0.008745260407	0.008622767950	30000
8	2	0.800000000000	0.200000000000	4	0.093815000000	0.093770000000	0.010191891368	0.010728569439	30000
8	2	0.800000000000	0.200000000000	5	0.091405000000	0.089420000000	0.012316764091	0.010939985525	30000
8	3	0.800000000000	0.300000000000	1	0.087920000000	0.096820000000	0.010534922144	0.011795199308	30000
8	3	0.800000000000	0.300000000000	2	0.078835000000	0.102225000000	0.010003391567	0.014036431042	30000
8	3	0.800000000000	0.300000000000	3	0.087770000000	0.095310000000	0.007901869370	0.011888870646	30000
8	3	0.800000000000	0.300000000000	4	0.087730000000	0.091220000000	0.009472952910	0.009723998980	30000
8	3	0.800000000000	0.300000000000	5	0.092165000000	0.087475000000	0.008666769172	0.012142768293	30000
8	4	0.800000000000	0.400000000000	1	0.094965000000	0.093665000000	0.011482840704	0.012115674334	30000
8	4	0.800000000000	0.400000000000	2	0.091095000000	0.090845000000	0.010627272177	0.010778550559	30000
8	4	0.800000000000	0.400000000000	3	0.090045000000	0.090635000000	0.008902372000	0.011177956957	30000
8	4	0.800000000000	0.400000000000	4	0.094580000000	0.085410000000	0.014475259346	0.009190558545	30000
8	4	0.800000000000	0.400000000000	5	0.092495000000	0.087350000000	0.015064093132	0.012844940346	30000
8	5	0.800000000000	0.500000000000	1	0.096325000000	0.077285000000	0.012584822317	0.013159671423	30000
8	5	0.800000000000	0.500000000000	2	0.091265000000	0.087605000000	0.007188633490	0.008361153263	30000
8	5	0.800000000000	0.500000000000	3	0.097890000000	0.086180000000	0.008762115879	0.008822439313	26000
8	5	0.800000000000	0.500000000000	4	0.099495000000	0.093900000000	0.011567358332	0.011540068162	30000
8	5	0.800000000000	0.500000000000	5	0.089285000000	0.095590000000	0.010472509176	0.012440122855	30000
8	6	0.800000000000	0.600000000000	1	0.092635000000	0.092990000000	0.009931284177	0.012355669248	30000
8	6	0.800000000000	0.600000000000	2	0.099375000000	0.081255000000	0.011084098170	0.016026753627	30000
8	6	0.800000000000	0.600000000000	3	0.089445000000	0.085430000000	0.013892803352	0.017271751892	30000
8	6	0.800000000000	0.600000000000	4	0.098305000000	0.089860000000	0.012383671924	0.012642794005	30000
8	6	0.800000000000	0.600000000000	5	0.099375000000	0.091990000000	0.009906185316	0.008477131694	30000
8	7	0.800000000000	0.700000000000	1	0.090605000000	0.092620000000	0.010208486087	0.010585256145	30000
8	7	0.800000000000	0.700000000000	2	0.093685000000	0.092040000000	0.016958282884	0.010564090117	30000
8	7	0.800000000000	0.700000000000	3	0.099690000000	0.087920000000	0.011014773045	0.009693686996	30000
8	7	0.800000000000	0.700000000000	4	0.093345000000	0.098025000000	0.011267783186	0.012844818580	30000
8	7	0.800000000000	0.700000000000	5	0.093385000000	0.084730000000	0.007734765775	0.009168487398	30000
8	8	0.800000000000	0.800000000000	1	0.086115000000	0.086010000000	0.012285467338	0.010396537308	30000
8	8	0.800000000000	0.800000000000	2	0.096765000000	0.089185000000	0.013020341943	0.008805584212	30000
8	8	0.800000000000	0.800000000000	3	0.097555000000	0.082795000000	0.010696325836	0.009211287794	30000
8	8	0.800000000000	0.800000000000	4	0.106925000000	0.083750000000	0.008275739415	0.012773043907	30000
8	8	0.800000000000	0.800000000000	5	0.099065000000	0.094785000000	0.009772219363	0.010596747900	30000
8	9	0.800000000000	0.900000000000	1	0.086420000000	0.094085000000	0.009761090046	0.015253538784	30000
8	9	0.800000000000	0.900000000000	2	0.093595000000	0.093005000000	0.012286249506	0.012794869428	30000
8	9	0.800000000000	0.900000000000	3	0.087415000000	0.098800000000	0.011424679352	0.013976958015	30000
8	9	0.800000000000	0.900000000000	4	0.102335000000	0.082815000000	0.011218227294	0.009997535983	30000
8	9	0.800000000000	0.900000000000	5	0.096820000000	0.089490000000	0.011894497849	0.009771662366	30000
8	10	0.800000000000	1.000000000000	1	0.000000000000	1.000000000000	0.000000000000	0.000000000000	6000
8	10	0.800000000000	1.000000000000	2	0.000000000000	1.000000000000	0.000000000000	0.000000000000	6000
8	10	0.800000000000	1.000000000000	3	0.000000000000	1.000000000000	0.000000000000	0.000000000000	6000
8	10	0.800000000000	1.000000000000	4	0.000000000000	1.000000000000	0.000000000000	0.000000000000	6000
8	10	0.800000000000	1.000000000000	5	0.000000000000	1.000000000000	0.000000000000	0.000000000000	6000
9	0	0.900000000000	0.000000000000	1	0.124080000000	0.000000000000	0.008116000830	0.000000000000	30000
9	0	0.900000000000	0.000000000000	2	0.122020000000	0.000000000000	0.007995844767	0.000000000000	8000
9	0	0.900000000000	0.000000000000	3	0.113615000000	0.000000000000	0.010545994168	0.000000000000	14000
9	0	0.900000000000	0.000000000000	4	0.112555000000	0.000000000000	0.009218565884	0.000000000000	14000
9	0	0.900000000000	0.000000000000	5	0.117960000000	0.000000000000	0.007931034063	0.000000000000	12000
9	1	0.900000000000	0.100000000000	1	0.088520000000	0.089595000000	0.013039541005	0.015100960698	30000
9	1	0.900000000000	0.100000000000	2	0.103980000000	0.085425000000	0.010052893149	0.013595190481	30000
9	1	0.900000000000	0.100000000000	3	0.095230000000	0.089515000000	0.013288102712	0.014303648813	30000
9	1	0.900000000000	0.100000000000	4	0.091990000000	0.088085000000	0.010970882383	0.010467442015	30000
9	1	0.900000000000	0.100000000000	5	0.088455000000	0.092745000000	0.011568137136	0.010382570625	20000
9	2	0.900000000000	0.200000000000	1	0.097065000000	0.084135000000	0.011768571463	0.013086176792	30000
9	2	0.900000000000	0.200000000000	2	0.094180000000	0.090165000000	0.014786691525	0.008382603596	30000
9	2	0.900000000000	0.200000000000	3	0.096220000000	0.094730000000	0.015406133485	0.008843376352	30000
9	2	0.900000000000	0.200000000000	4	0.088745000000	0.088895000000	0.010426345653	0.010097322959	30000
9	2	0.900000000000	0.200000000000	5	0.097710000000	0.088965000000	0.009718557010	0.008483852353	24000
9	3	0.900000000000	0.300000000000	1	0.100885000000	0.087865000000	0.009580373613	0.010997168395	30000
9	3	0.900000000000	0.300000000000	2	0.092010000000	0.093055000000	0.011943724400	0.010454725069	30000
9	3	0.900000000000	0.300000000000	3	0.084330000000	0.095580000000	0.008861694512	0.008999699695	30000
9	3	0.900000000000	0.300000000000	4	0.099090000000	0.087380000000	0.011024674301	0.010079046938	30000
9	3	0.900000000000	0.300000000000	5	0.089775000000	0.091880000000	0.012588997492	0.014512967520	30000
9	4	0.900000000000	0.400000000000	1	0.093510000000	0.087385000000	0.009918582473	0.012831657197	30000
9	4	0.900000000000	0.400000000000	2	0.081205000000	0.104980000000	0.008575926861	0.012003903269	30000
9	4	0.900000000000	0.400000000000	3	0.103825000000	0.085980000000	0.008515685051	0.011437675482	30000
9	4	0.900000000000	0.400000000000	4	0.086090000000	0.093160000000	0.009526418669	0.008098146700	30000
9	4	0.900000000000	0.400000000000	5	0.099740000000	0.089755000000	0.012032338807	0.009340890066	30000
9	5	0.900000000000	0.500000000000	1	0.093085000000	0.095925000000	0.009452360664	0.012329695714	30000
9	5	0.900000000000	0.500000000000	2	0.100160000000	0.088320000000	0.012112849422	0.007751624842	30000
9	5	0.900000000000	0.500000000000	3	0.091990000000	0.087910000000	0.012401358542	0.009306907033	30000
9	5	0.900000000000	0.500000000000	4	0.104420000000	0.081860000000	0.012323370702	0.013027283297	30000
9	5	0.900000000000	0.500000000000	5	0.098265000000	0.093330000000	0.014703093415	0.008410221866	30000
9	6	0.900000000000	0.600000000000	1	0.086565000000	0.097710000000	0.009448017784	0.007852870021	30000
9	6	0.900000000000	0.600000000000	2	0.087385000000	0.097425000000	0.010646601576	0.009779571310	30000
9	6	0.900000000000	0.600000000000	3	0.084250000000	0.092795000000	0.011086496760	0.012256148995	30000
9	6	0.900000000000	0.600000000000	4	0.091340000000	0.085035000000	0.009772405021	0.014112864626	30000
9	6	0.900000000000	0.600000000000	5	0.094490000000	0.076770000000	0.011628633846	0.010643325626	18000
9	7	0.900000000000	0.700000000000	1	0.096895000000	0.097650000000	0.008462008070	0.011563356399	30000
9	7	0.900000000000	0.700000000000	2	0.085390000000	0.095000000000	0.011871766458	0.009813067629	30000
9	7	0.900000000000	0.700000000000	3	0.082280000000	0.093440000000	0.010057472483	0.008682844683	30000
9	7	0.900000000000	0.700000000000	4	0.093225000000	0.086170000000	0.009737514785	0.008649040751	30000
9	7	0.900000000000	0.700000000000	5	0.099465000000	0.088970000000	0.013300965780	0.012477772028	30000
9	8	0.900000000000	0.800000000000	1	0.084915000000	0.092635000000	0.012991788236	0.011805555732	30000
9	8	0.900000000000	0.800000000000	2	0.092160000000	0.096300000000	0.010059104612	0.009713616955	30000
9	8	0.900000000000	0.800000000000	3	0.089725000000	0.087215000000	0.009034987881	0.010501383435	30000
9	8	0.900000000000	0.800000000000	4	0.088645000000	0.086740000000	0.011803741072	0.012604811830	30000
9	8	0.900000000000	0.800000000000	5	0.092835000000	0.092455000000	0.010249039849	0.011774404937	30000
9	9	0.900000000000	0.900000000000	1	0.096645000000	0.093610000000	0.011565151436	0.012260433036	30000
9	9	0.900000000000	0.900000000000	2	0.095695000000	0.089960000000	0.010146177601	0.009048772308	30000
9	9	0.900000000000	0.900000000000	3	0.092030000000	0.098100000000	0.011756586125	0.008849763744	30000
9	9	0.900000000000	0.900000000000	4	0.092645000000	0.088745000000	0.010542301225	0.010239864737	30000
9	9	0.900000000000	0.900000000000	5	0.093460000000	0.094260000000	0.013565117486	0.009412278735	30000
9	10	0.900000000000	1.000000000000	1	0.000000000000	1.000000000000	0.000000000000	0.000000000000	6000
9	10	0.900000000000	1.000000000000	2	0.000000000000	1.000000000000	0.000000000000	0.000000000000	6000
9	10	0.900000000000	1.000000000000	3	0.000000000000	1.000000000000	0.000000000000	0.000000000000	6000
9	10	0.900000000000	1.000000000000	4	0.000000000000	1.000000000000	0.000000000000	0.000000000000	6000
9	10	0.900000000000	1.000000000000	5	0.000000000000	1.000000000000	0.000000000000	0.000000000000	6000
10	0	1.000000000000	0.000000000000	1	1.000000000000	0.000000000000	0.000000000000	0.000000000000	4000
10	0	1.000000000000	0.000000000000	2	1.000000000000	0.000000000000	0.000000000000	0.000000000000	4000
10	0	1.000000000000	0.000000000000	3	1.000000000000	0.000000000000	0.000000000000	0.000000000000	4000
10	0	1.000000000000	0.000000000000	4	1.000000000000	0.000000000000	0.000000000000	0.000000000000	4000
10	0	1.000000000000	0.000000000000	5	1.000000000000	0.000000000000	0.000000000000	0.000000000000	4000
10	1	1.000000000000	0.100000000000	1	1.000000000000	0.000000000000	0.000000000000	0.000000000000	6000
10	1	1.000000000000	0.100000000000	2	1.000000000000	0.000000000000	0.000000000000	0.000000000000	6000
10	1	1.000000000000	0.100000000000	3	1.000000000000	0.000000000000	0.000000000000	0.000000000000	6000
10	1	1.000000000000	0.100000000000	4	1.000000000000	0.000000000000	0.000000000000	0.000000000000	6000
10	1	1.000000000000	0.100000000000	5	1.000000000000	0.000000000000	0.000000000000	0.000000000000	6000
10	2	1.000000000000	0.200000000000	1	1.000000000000	0.000000000000	0.000000000000	0.000000000000	6000
10	2	1.000000000000	0.200000000000	2	1.000000000000	0.000000000000	0.000000000000	0.000000000000	6000
10	2	1.000000000000	0.200000000000	3	1.000000000000	0.000000000000	0.000000000000	0.000000000000	6000
10	2	1.000000000000	0.200000000000	4	1.000000000000	0.000000000000	0.000000000000	0.000000000000	6000
10	2	1.000000000000	0.200000000000	5	1.000000000000	0.000000000000	0.000000000000	0.000000000000	6000
10	3	1.000000000000	0.300000000000	1	1.000000000000	0.000000000000	0.000000000000	0.000000000000	6000
10	3	1.000000000000	0.300000000000	2	1.000000000000	0.000000000000	0.000000000000	0.000000000000	6000
10	3	1.000000000000	0.300000000000	3	1.000000000000	0.000000000000	0.000000000000	0.000000000000	6000
10	3	1.000000000000	0.300000000000	4	1.000000000000	0.000000000000	0.000000000000	0.000000000000	6000
10	3	1.000000000000	0.300000000000	5	1.000000000000	0.000000000000	0.000000000000	0.000000000000	6000
10	4	1.000000000000	0.400000000000	1	1.000000000000	0.000000000000	0.000000000000	0.000000000000	6000
10	4	1.000000000000	0.400000000000	2	1.000000000000	0.000000000000	0.000000000000	0.000000000000	6000
10	4	1.000000000000	0.400000000000	3	1.000000000000	0.000000000000	0.000000000000	0.000000000000	6000
10	4	1.000000000000	0.400000000000	4	1.000000000000	0.000000000000	0.000000000000	0.000000000000	6000
10	4	1.000000000000	0.400000000000	5	1.000000000000	0.000000000000	0.000000000000	0.000000000000	6000
10	5	1.000000000000	0.500000000000	1	1.000000000000	0.000000000000	0.000000000000	0.000000000000	6000
10	5	1.000000000000	0.500000000000	2	1.000000000000	0.000000000000	0.000000000000	0.000000000000	6000
10	5	1.000000000000	0.500000000000	3	1.000000000000	0.000000000000	0.000000000000	0.000000000000	6000
10	5	1.000000000000	0.500000000000	4	1.000000000000	0.000000000000	0.000000000000	0.000000000000	6000
10	5	1.000000000000	0.500000000000	5	1.000000000000	0.000000000000	0.000000000000	0.000000000000	6000
10	6	1.000000000000	0.600000000000	1	1.000000000000	0.000000000000	0.000000000000	0.000000000000	6000
10	6	1.000000000000	0.600000000000	2	1.000000000000	0.000000000000	0.000000000000	0.000000000000	6000
10	6	1.000000000000	0.600000000000	3	1.000000000000	0.000000000000	0.000000000000	0.000000000000	6000
10	6	1.000000000000	0.600000000000	4	1.000000000000	0.000000000000	0.000000000000	0.000000000000	8000
10	6	1.000000000000	0.600000000000	5	1.000000000000	0.000000000000	0.000000000000	0.000000000000	6000
10	7	1.000000000000	0.700000000000	1	1.000000000000	0.000000000000	0.000000000000	0.000000000000	6000
10	7	1.000000000000	0.700000000000	2	1.000000000000	0.000000000000	0.000000000000	0.000000000000	6000
10	7	1.000000000000	0.700000000000	3	1.000000000000	0.000000000000	0.000000000000	0.000000000000	6000
10	7	1.000000000000	0.700000000000	4	1.000000000000	0.000000000000	0.000000000000	0.000000000000	6000
10	7	1.000000000000	0.700000000000	5	1.000000000000	0.000000000000	0.000000000000	0.000000000000	6000
10	8	1.000000000000	0.800000000000	1	1.000000000000	0.000000000000	0.000000000000	0.000000000000	6000
10	8	1.000000000000	0.800000000000	2	1.000000000000	0.000000000000	0.000000000000	0.000000000000	6000
10	8	1.000000000000	0.800000000000	3	1.000000000000	0.000000000000	0.000000000000	0.000000000000	6000
10	8	1.000000000000	0.800000000000	4	1.000000000000	0.000000000000	0.000000000000	0.000000000000	6000
10	8	1.000000000000	0.800000000000	5	1.000000000000	0.000000000000	0.000000000000	0.000000000000	6000
10	9	1.000000000000	0.900000000000	1	1.000000000000	0.000000000000	0.000000000000	0.000000000000	6000
10	9	1.000000000000	0.900000000000	2	1.000000000000	0.000000000000	0.000000000000	0.000000000000	6000
10	9	1.000000000000	0.900000000000	3	1.000000000000	0.000000000000	0.000000000000	0.000000000000	6000
10	9	1.000000000000	0.900000000000	4	1.000000000000	0.000000000000	0.000000000000	0.000000000000	6000
10	9	1.000000000000	0.900000000000	5	1.000000000000	0.000000000000	0.000000000000	0.000000000000	6000
10	10	1.000000000000	1.000000000000	1	1.000000000000	1.000000000000	0.000000000000	0.000000000000	4000
10	10	1.000000000000	1.000000000000	2	1.000000000000	1.000000000000	0.000000000000	0.000000000000	4000
10	10	1.000000000000	1.000000000000	3	1.000000000000	1.000000000000	0.000000000000	0.000000000000	4000
10	10	1.000000000000	1.000000000000	4	1.000000000000	1.000000000000	0.000000000000	0.000000000000	4000
10	10	1.000000000000	1.000000000000	5	1.000000000000	1.000000000000	0.000000000000	0.000000000000	4000
