# scan initial plane
# b 1.15
# r 0
# e -0.4
# p12 0.23
# ndiv 8
# n_reps 3
# A:(0,1),	A':(0,0.613),	B:(1,0),	B'=(0.613,0),	C:(1,1),	D:(0,0),	E:(0.333,0.333) 
# columns: ix iy x1_0 x2_0 rep x1_inf x2_inf sigma_1 sigma_2 t_relax
5	0	0.624000000000	0.000000000000	1	0.820708000000	0.000000000000	0.010054642303	0.000000000000	88000
5	0	0.624000000000	0.000000000000	2	0.845480000000	0.000000000000	0.008251405073	0.000000000000	28000
5	0	0.624000000000	0.000000000000	3	0.788942000000	0.000000000000	0.012055786079	0.000000000000	24000
5	1	0.624000000000	0.124000000000	1	0.799470000000	0.000000000000	0.015060076557	0.000000000000	10000
5	1	0.624000000000	0.124000000000	2	0.823708000000	0.000000000000	0.010927861371	0.000000000000	10000
5	1	0.624000000000	0.124000000000	3	0.832062000000	0.000000000000	0.011160856630	0.000000000000	18000
5	2	0.624000000000	0.250000000000	1	0.818230000000	0.000000000000	0.010353467742	0.000000000000	28000
5	2	0.624000000000	0.250000000000	2	0.834604000000	0.000000000000	0.010795542030	0.000000000000	30000
5	2	0.624000000000	0.250000000000	3	0.790308000000	0.000000000000	0.015910193911	0.000000000000	6000
5	3	0.624000000000	0.374000000000	1	0.803474000000	0.000000000000	0.013228693145	0.000000000000	20000
5	3	0.624000000000	0.374000000000	2	0.807984000000	0.000000000000	0.008863312152	0.000000000000	58000
5	3	0.624000000000	0.374000000000	3	0.797438000000	0.000000000000	0.011463837733	0.000000000000	74000
5	4	0.624000000000	0.500000000000	1	0.791958000000	0.000000000000	0.013959552468	0.000000000000	14000
5	4	0.624000000000	0.500000000000	2	0.794472000000	0.000000000000	0.013481801622	0.000000000000	10000
5	4	0.624000000000	0.500000000000	3	0.805096000000	0.000000000000	0.012195224783	0.000000000000	64000
5	5	0.624000000000	0.624000000000	1	0.811432000000	0.000000000000	0.009664925597	0.000000000000	28000
5	5	0.624000000000	0.624000000000	2	0.820218000000	0.000000000000	0.014274741477	0.000000000000	30000
5	5	0.624000000000	0.624000000000	3	0.815430000000	0.000000000000	0.010301126793	0.000000000000	38000
5	6	0.624000000000	0.750000000000	1	0.000000000000	0.777644000000	0.000000000000	0.013381043170	24000
5	6	0.624000000000	0.750000000000	2	0.000000000000	0.790222000000	0.000000000000	0.010036306265	30000
5	6	0.624000000000	0.750000000000	3	0.000000000000	0.807904000000	0.000000000000	0.008466786313	50000
5	7	0.624000000000	0.874000000000	1	0.000000000000	0.788056000000	0.000000000000	0.011892278600	64000
5	7	0.624000000000	0.874000000000	2	0.000000000000	0.795944000000	0.000000000000	0.014770749441	80000
5	7	0.624000000000	0.874000000000	3	0.000000000000	0.807010000000	0.000000000000	0.017358952538	10000
5	8	0.624000000000	1.000000000000	1	0.000000000000	1.000000000000	0.000000000000	0.000000000000	6000
5	8	0.624000000000	1.000000000000	2	0.000000000000	1.000000000000	0.000000000000	0.000000000000	6000
5	8	0.624000000000	1.000000000000	3	0.000000000000	1.000000000000	0.000000000000	0.000000000000	6000
