# scan initial plane
# b 1.174
# r 0
# e -0.4
# p12 0.3
# ndiv 10
# n_reps 5
# A:(0,1),	A':(0,0.690),	B:(1,0),	B'=(0.690,0),	C:(1,1),	D:(0,0),	E:(0.347,0.347) 
# columns: ix iy x1_0 x2_0 rep x1_inf x2_inf sigma_1 sigma_2 t_relax
2	0	0.200000000000	0.000000000000	1	0.701942500000	0.000000000000	0.010237199031	0.000000000000	6000
2	0	0.200000000000	0.000000000000	2	0.694440000000	0.000000000000	0.013665582613	0.000000000000	30000
2	0	0.200000000000	0.000000000000	3	0.703340000000	0.000000000000	0.012511032169	0.000000000000	14000
2	0	0.200000000000	0.000000000000	4	0.702380000000	0.000000000000	0.012011656001	0.000000000000	16000
2	0	0.200000000000	0.000000000000	5	0.704380000000	0.000000000000	0.011007350352	0.000000000000	30000
2	1	0.200000000000	0.100000000000	1	0.702347500000	0.000000000000	0.008468601476	0.000000000000	20000
2	1	0.200000000000	0.100000000000	2	0.684287500000	0.000000000000	0.012267297189	0.000000000000	10000
2	1	0.200000000000	0.100000000000	3	0.692980000000	0.000000000000	0.011344527240	0.000000000000	16000
2	1	0.200000000000	0.100000000000	4	0.684275000000	0.000000000000	0.009888612626	0.000000000000	30000
2	1	0.200000000000	0.100000000000	5	0.687172500000	0.000000000000	0.010585889420	0.000000000000	30000
2	2	0.200000000000	0.200000000000	1	0.000000000000	0.698292500000	0.000000000000	0.011717636142	12000
2	2	0.200000000000	0.200000000000	2	0.696462500000	0.000000000000	0.007998832732	0.000000000000	22000
2	2	0.200000000000	0.200000000000	3	0.691632500000	0.000000000000	0.010643283010	0.000000000000	30000
2	2	0.200000000000	0.200000000000	4	0.696637500000	0.000000000000	0.011592960816	0.000000000000	20000
2	2	0.200000000000	0.200000000000	5	0.697492500000	0.000000000000	0.009684393695	0.000000000000	20000
2	3	0.200000000000	0.300000000000	1	0.000000000000	0.702165000000	0.000000000000	0.010041843138	22000
2	3	0.200000000000	0.300000000000	2	0.000000000000	0.695087500000	0.000000000000	0.009971736523	18000
2	3	0.200000000000	0.300000000000	3	0.000000000000	0.695105000000	0.000000000000	0.009447392668	14000
2	3	0.200000000000	0.300000000000	4	0.000000000000	0.700625000000	0.000000000000	0.010167362010	28000
2	3	0.200000000000	0.300000000000	5	0.000000000000	0.695710000000	0.000000000000	0.010851896777	22000
2	4	0.200000000000	0.400000000000	1	0.000000000000	0.699457500000	0.000000000000	0.010467641342	30000
2	4	0.200000000000	0.400000000000	2	0.000000000000	0.694615000000	0.000000000000	0.009616743563	24000
2	4	0.200000000000	0.400000000000	3	0.000000000000	0.703345000000	0.000000000000	0.011747296454	30000
2	4	0.200000000000	0.400000000000	4	0.000000000000	0.702300000000	0.000000000000	0.010602944045	22000
2	4	0.200000000000	0.400000000000	5	0.000000000000	0.705717500000	0.000000000000	0.009588189460	28000
2	5	0.200000000000	0.500000000000	1	0.000000000000	0.702060000000	0.000000000000	0.012609139161	8000
2	5	0.200000000000	0.500000000000	2	0.000000000000	0.705650000000	0.000000000000	0.012586636700	30000
2	5	0.200000000000	0.500000000000	3	0.000000000000	0.697835000000	0.000000000000	0.012738722465	6000
2	5	0.200000000000	0.500000000000	4	0.000000000000	0.699202500000	0.000000000000	0.010267090966	30000
2	5	0.200000000000	0.500000000000	5	0.000000000000	0.697682500000	0.000000000000	0.009400069418	18000
2	6	0.200000000000	0.600000000000	1	0.000000000000	0.699062500000	0.000000000000	0.008915959740	24000
2	6	0.200000000000	0.600000000000	2	0.000000000000	0.702975000000	0.000000000000	0.007964000270	30000
2	6	0.200000000000	0.600000000000	3	0.000000000000	0.689817500000	0.000000000000	0.011699244252	22000
2	6	0.200000000000	0.600000000000	4	0.000000000000	0.697987500000	0.000000000000	0.011134072090	20000
2	6	0.200000000000	0.600000000000	5	0.000000000000	0.703420000000	0.000000000000	0.012515899798	30000
2	7	0.200000000000	0.700000000000	1	0.000000000000	0.695745000000	0.000000000000	0.009861781266	30000
2	7	0.200000000000	0.700000000000	2	0.000000000000	0.695830000000	0.000000000000	0.012305487598	30000
2	7	0.200000000000	0.700000000000	3	0.000000000000	0.696875000000	0.000000000000	0.009936453498	30000
2	7	0.200000000000	0.700000000000	4	0.000000000000	0.689075000000	0.000000000000	0.008636780012	8000
2	7	0.200000000000	0.700000000000	5	0.000000000000	0.683090000000	0.000000000000	0.012061192825	18000
2	8	0.200000000000	0.800000000000	1	0.000000000000	0.694690000000	0.000000000000	0.011024424608	26000
2	8	0.200000000000	0.800000000000	2	0.000000000000	0.694822500000	0.000000000000	0.011783509445	24000
2	8	0.200000000000	0.800000000000	3	0.000000000000	0.703410000000	0.000000000000	0.012836926684	26000
2	8	0.200000000000	0.800000000000	4	0.000000000000	0.700927500000	0.000000000000	0.009200170481	10000
2	8	0.200000000000	0.800000000000	5	0.000000000000	0.694260000000	0.000000000000	0.011600084567	30000
2	9	0.200000000000	0.900000000000	1	0.000000000000	0.694670000000	0.000000000000	0.012496890504	12000
2	9	0.200000000000	0.900000000000	2	0.000000000000	0.698040000000	0.000000000000	0.012038618207	26000
2	9	0.200000000000	0.900000000000	3	0.000000000000	0.688557500000	0.000000000000	0.009188845337	10000
2	9	0.200000000000	0.900000000000	4	0.000000000000	0.696277500000	0.000000000000	0.010080345089	14000
2	9	0.200000000000	0.900000000000	5	0.000000000000	0.692640000000	0.000000000000	0.010525145067	8000
2	10	0.200000000000	1.000000000000	1	0.000000000000	1.000000000000	0.000000000000	0.000000000000	6000
2	10	0.200000000000	1.000000000000	2	0.000000000000	1.000000000000	0.000000000000	0.000000000000	6000
2	10	0.200000000000	1.000000000000	3	0.000000000000	1.000000000000	0.000000000000	0.000000000000	6000
2	10	0.200000000000	1.000000000000	4	0.000000000000	1.000000000000	0.000000000000	0.000000000000	6000
2	10	0.200000000000	1.000000000000	5	0.000000000000	1.000000000000	0.000000000000	0.000000000000	6000
