# scan initial plane
# b 1.174
# r 0
# e -0.4
# p12 0.3
# ndiv 10
# n_reps 5
# A:(0,1),	A':(0,0.690),	B:(1,0),	B'=(0.690,0),	C:(1,1),	D:(0,0),	E:(0.347,0.347) 
# columns: ix iy x1_0 x2_0 rep x1_inf x2_inf sigma_1 sigma_2 t_relax
7	0	0.700000000000	0.000000000000	1	0.703710000000	0.000000000000	0.010583497078	0.000000000000	30000
7	0	0.700000000000	0.000000000000	2	0.699152500000	0.000000000000	0.009301183030	0.000000000000	6000
7	0	0.700000000000	0.000000000000	3	0.701865000000	0.000000000000	0.009273363482	0.000000000000	8000
7	0	0.700000000000	0.000000000000	4	0.690410000000	0.000000000000	0.008307431216	0.000000000000	28000
7	0	0.700000000000	0.000000000000	5	0.699257500000	0.000000000000	0.011323456381	0.000000000000	16000
7	1	0.700000000000	0.100000000000	1	0.701352500000	0.000000000000	0.008477107709	0.000000000000	26000
7	1	0.700000000000	0.100000000000	2	0.691800000000	0.000000000000	0.008798432384	0.000000000000	6000
7	1	0.700000000000	0.100000000000	3	0.704237500000	0.000000000000	0.011475257090	0.000000000000	30000
7	1	0.700000000000	0.100000000000	4	0.692247500000	0.000000000000	0.010739894743	0.000000000000	30000
7	1	0.700000000000	0.100000000000	5	0.699662500000	0.000000000000	0.011541796082	0.000000000000	24000
7	2	0.700000000000	0.200000000000	1	0.704837500000	0.000000000000	0.009966402206	0.000000000000	8000
7	2	0.700000000000	0.200000000000	2	0.704077500000	0.000000000000	0.011409334629	0.000000000000	12000
7	2	0.700000000000	0.200000000000	3	0.702347500000	0.000000000000	0.012745899407	0.000000000000	8000
7	2	0.700000000000	0.200000000000	4	0.695327500000	0.000000000000	0.009209169482	0.000000000000	16000
7	2	0.700000000000	0.200000000000	5	0.691070000000	0.000000000000	0.009313530042	0.000000000000	12000
7	3	0.700000000000	0.300000000000	1	0.703832500000	0.000000000000	0.008890851534	0.000000000000	20000
7	3	0.700000000000	0.300000000000	2	0.691685000000	0.000000000000	0.007169356643	0.000000000000	12000
7	3	0.700000000000	0.300000000000	3	0.699260000000	0.000000000000	0.013092892111	0.000000000000	10000
7	3	0.700000000000	0.300000000000	4	0.694100000000	0.000000000000	0.011362508817	0.000000000000	12000
7	3	0.700000000000	0.300000000000	5	0.690960000000	0.000000000000	0.012295001711	0.000000000000	14000
7	4	0.700000000000	0.400000000000	1	0.688530000000	0.000000000000	0.011006713758	0.000000000000	22000
7	4	0.700000000000	0.400000000000	2	0.691772500000	0.000000000000	0.009646634195	0.000000000000	30000
7	4	0.700000000000	0.400000000000	3	0.708667500000	0.000000000000	0.009831828854	0.000000000000	18000
7	4	0.700000000000	0.400000000000	4	0.697940000000	0.000000000000	0.008493588231	0.000000000000	20000
7	4	0.700000000000	0.400000000000	5	0.684345000000	0.000000000000	0.007841075019	0.000000000000	30000
7	5	0.700000000000	0.500000000000	1	0.693697500000	0.000000000000	0.009570205462	0.000000000000	26000
7	5	0.700000000000	0.500000000000	2	0.694145000000	0.000000000000	0.010678623882	0.000000000000	30000
7	5	0.700000000000	0.500000000000	3	0.696537500000	0.000000000000	0.010012746818	0.000000000000	18000
7	5	0.700000000000	0.500000000000	4	0.696077500000	0.000000000000	0.009639147105	0.000000000000	12000
7	5	0.700000000000	0.500000000000	5	0.701345000000	0.000000000000	0.011750704407	0.000000000000	10000
7	6	0.700000000000	0.600000000000	1	0.686895000000	0.000000000000	0.009745714646	0.000000000000	28000
7	6	0.700000000000	0.600000000000	2	0.695865000000	0.000000000000	0.010978834629	0.000000000000	30000
7	6	0.700000000000	0.600000000000	3	0.699890000000	0.000000000000	0.008531452730	0.000000000000	8000
7	6	0.700000000000	0.600000000000	4	0.698250000000	0.000000000000	0.008725028718	0.000000000000	30000
7	6	0.700000000000	0.600000000000	5	0.689832500000	0.000000000000	0.009342268018	0.000000000000	10000
7	7	0.700000000000	0.700000000000	1	0.693600000000	0.000000000000	0.009771667487	0.000000000000	30000
7	7	0.700000000000	0.700000000000	2	0.691255000000	0.000000000000	0.010071067540	0.000000000000	28000
7	7	0.700000000000	0.700000000000	3	0.000000000000	0.702205000000	0.000000000000	0.010190894432	18000
7	7	0.700000000000	0.700000000000	4	0.000000000000	0.698027500000	0.000000000000	0.009454092956	12000
7	7	0.700000000000	0.700000000000	5	0.000000000000	0.686600000000	0.000000000000	0.010636758935	16000
7	8	0.700000000000	0.800000000000	1	0.000000000000	0.697135000000	0.000000000000	0.009042872804	22000
7	8	0.700000000000	0.800000000000	2	0.000000000000	0.689155000000	0.000000000000	0.009667183118	30000
7	8	0.700000000000	0.800000000000	3	0.000000000000	0.696825000000	0.000000000000	0.009351166736	14000
7	8	0.700000000000	0.800000000000	4	0.000000000000	0.691177500000	0.000000000000	0.007664266745	20000
7	8	0.700000000000	0.800000000000	5	0.000000000000	0.688955000000	0.000000000000	0.009437135929	14000
7	9	0.700000000000	0.900000000000	1	0.000000000000	0.692662500000	0.000000000000	0.008547098727	24000
7	9	0.700000000000	0.900000000000	2	0.000000000000	0.692260000000	0.000000000000	0.011061295234	28000
7	9	0.700000000000	0.900000000000	3	0.000000000000	0.684875000000	0.000000000000	0.011728573419	30000
7	9	0.700000000000	0.900000000000	4	0.000000000000	0.701575000000	0.000000000000	0.012148228449	22000
7	9	0.700000000000	0.900000000000	5	0.000000000000	0.699635000000	0.000000000000	0.010172032503	24000
7	10	0.700000000000	1.000000000000	1	0.000000000000	1.000000000000	0.000000000000	0.000000000000	6000
7	10	0.700000000000	1.000000000000	2	0.000000000000	1.000000000000	0.000000000000	0.000000000000	6000
7	10	0.700000000000	1.000000000000	3	0.000000000000	1.000000000000	0.000000000000	0.000000000000	6000
7	10	0.700000000000	1.000000000000	4	0.000000000000	1.000000000000	0.000000000000	0.000000000000	6000
7	10	0.700000000000	1.000000000000	5	0.000000000000	1.000000000000	0.000000000000	0.000000000000	6000
