# scan initial plane
# b 1.15
# r 0
# e -0.4
# p12 0.22
# ndiv 8
# n_reps 3
# A:(0,1),	A':(0,0.587),	B:(1,0),	B'=(0.587,0),	C:(1,1),	D:(0,0),	E:(0.325,0.325) 
# columns: ix iy x1_0 x2_0 rep x1_inf x2_inf sigma_1 sigma_2 t_relax
0	0	0.000000000000	0.000000000000	1	0.000000000000	0.000000000000	0.000000000000	0.000000000000	4000
0	0	0.000000000000	0.000000000000	2	0.000000000000	0.000000000000	0.000000000000	0.000000000000	4000
0	0	0.000000000000	0.000000000000	3	0.000000000000	0.000000000000	0.000000000000	0.000000000000	4000
0	1	0.000000000000	0.124000000000	1	0.000000000000	0.626356000000	0.000000000000	0.011692475272	10000
0	1	0.000000000000	0.124000000000	2	0.000000000000	0.651008000000	0.000000000000	0.011204529329	10000
0	1	0.000000000000	0.124000000000	3	0.000000000000	0.639910000000	0.000000000000	0.007962116257	22000
0	2	0.000000000000	0.250000000000	1	0.000000000000	0.631454000000	0.000000000000	0.007779357454	22000
0	2	0.000000000000	0.250000000000	2	0.000000000000	0.633638000000	0.000000000000	0.011692462088	6000
0	2	0.000000000000	0.250000000000	3	0.000000000000	0.631184000000	0.000000000000	0.009657505445	12000
0	3	0.000000000000	0.374000000000	1	0.000000000000	0.640184000000	0.000000000000	0.009557064480	28000
0	3	0.000000000000	0.374000000000	2	0.000000000000	0.620620000000	0.000000000000	0.009283845636	20000
0	3	0.000000000000	0.374000000000	3	0.000000000000	0.633850000000	0.000000000000	0.010034849187	8000
0	4	0.000000000000	0.500000000000	1	0.000000000000	0.641616000000	0.000000000000	0.009848732992	12000
0	4	0.000000000000	0.500000000000	2	0.000000000000	0.629250000000	0.000000000000	0.008958222466	18000
0	4	0.000000000000	0.500000000000	3	0.000000000000	0.639270000000	0.000000000000	0.008225981204	16000
0	5	0.000000000000	0.624000000000	1	0.000000000000	0.639396000000	0.000000000000	0.010566116923	22000
0	5	0.000000000000	0.624000000000	2	0.000000000000	0.631160000000	0.000000000000	0.010934988522	32000
0	5	0.000000000000	0.624000000000	3	0.000000000000	0.641598000000	0.000000000000	0.009026842188	18000
0	6	0.000000000000	0.750000000000	1	0.000000000000	0.629976000000	0.000000000000	0.009945971363	54000
0	6	0.000000000000	0.750000000000	2	0.000000000000	0.633120000000	0.000000000000	0.010580432200	28000
0	6	0.000000000000	0.750000000000	3	0.000000000000	0.656692000000	0.000000000000	0.010691840415	12000
0	7	0.000000000000	0.874000000000	1	0.000000000000	0.629680000000	0.000000000000	0.014023346757	22000
0	7	0.000000000000	0.874000000000	2	0.000000000000	0.632412000000	0.000000000000	0.008178088844	16000
0	7	0.000000000000	0.874000000000	3	0.000000000000	0.636190000000	0.000000000000	0.010303108951	6000
0	8	0.000000000000	1.000000000000	1	0.000000000000	1.000000000000	0.000000000000	0.000000000000	4000
0	8	0.000000000000	1.000000000000	2	0.000000000000	1.000000000000	0.000000000000	0.000000000000	4000
0	8	0.000000000000	1.000000000000	3	0.000000000000	1.000000000000	0.000000000000	0.000000000000	4000
1	0	0.124000000000	0.000000000000	1	0.636466000000	0.000000000000	0.011317018994	0.000000000000	76000
1	0	0.124000000000	0.000000000000	2	0.639414000000	0.000000000000	0.012643277125	0.000000000000	8000
1	0	0.124000000000	0.000000000000	3	0.627808000000	0.000000000000	0.009552716388	0.000000000000	20000
1	1	0.124000000000	0.124000000000	1	0.254742000000	0.399820000000	0.030787030992	0.027891100973	352000
1	1	0.124000000000	0.124000000000	2	0.417246000000	0.257044000000	0.014237351797	0.018475372889	150000
1	1	0.124000000000	0.124000000000	3	0.310802000000	0.356184000000	0.020726562339	0.022114592449	26000
1	2	0.124000000000	0.250000000000	1	0.318462000000	0.352926000000	0.013465952914	0.016480841670	400000
1	2	0.124000000000	0.250000000000	2	0.377576000000	0.286520000000	0.008920302450	0.015523484743	400000
1	2	0.124000000000	0.250000000000	3	0.362698000000	0.307748000000	0.021521616481	0.020627990935	104000
1	3	0.124000000000	0.374000000000	1	0.355650000000	0.321780000000	0.019350657559	0.020685538221	26000
1	3	0.124000000000	0.374000000000	2	0.296202000000	0.365858000000	0.013153562719	0.014174651910	36000
1	3	0.124000000000	0.374000000000	3	0.326500000000	0.347760000000	0.023285966509	0.016828118896	388000
1	4	0.124000000000	0.500000000000	1	0.348548000000	0.318612000000	0.013773939793	0.015318881295	114000
1	4	0.124000000000	0.500000000000	2	0.323828000000	0.343264000000	0.019314851267	0.019572669552	156000
1	4	0.124000000000	0.500000000000	3	0.333090000000	0.328820000000	0.022146294461	0.021637092313	138000
1	5	0.124000000000	0.624000000000	1	0.432450000000	0.237370000000	0.015827444772	0.017439014285	276000
1	5	0.124000000000	0.624000000000	2	0.316266000000	0.350792000000	0.017038061496	0.015532353009	54000
1	5	0.124000000000	0.624000000000	3	0.320340000000	0.344258000000	0.022373040762	0.028530113975	400000
1	6	0.124000000000	0.750000000000	1	0.309680000000	0.353780000000	0.014271274269	0.015318297890	400000
1	6	0.124000000000	0.750000000000	2	0.307958000000	0.355452000000	0.020885172406	0.021113822238	56000
1	6	0.124000000000	0.750000000000	3	0.272504000000	0.399234000000	0.023229584533	0.021044622119	400000
1	7	0.124000000000	0.874000000000	1	0.345528000000	0.328552000000	0.016574556764	0.016587780154	400000
1	7	0.124000000000	0.874000000000	2	0.401758000000	0.259378000000	0.024985309718	0.029082622215	138000
1	7	0.124000000000	0.874000000000	3	0.368476000000	0.296478000000	0.030627037719	0.027737499615	80000
1	8	0.124000000000	1.000000000000	1	0.000000000000	1.000000000000	0.000000000000	0.000000000000	6000
1	8	0.124000000000	1.000000000000	2	0.000000000000	1.000000000000	0.000000000000	0.000000000000	6000
1	8	0.124000000000	1.000000000000	3	0.000000000000	1.000000000000	0.000000000000	0.000000000000	6000
2	0	0.250000000000	0.000000000000	1	0.629972000000	0.000000000000	0.007909347241	0.000000000000	18000
2	0	0.250000000000	0.000000000000	2	0.642618000000	0.000000000000	0.014301419741	0.000000000000	6000
2	0	0.250000000000	0.000000000000	3	0.632792000000	0.000000000000	0.009223980584	0.000000000000	32000
2	1	0.250000000000	0.124000000000	1	0.344840000000	0.327114000000	0.017140717727	0.019102667770	216000
2	1	0.250000000000	0.124000000000	2	0.411174000000	0.258396000000	0.020992246149	0.018847982132	10000
2	1	0.250000000000	0.124000000000	3	0.289514000000	0.371384000000	0.012080137985	0.013038348919	400000
2	2	0.250000000000	0.250000000000	1	0.329142000000	0.335660000000	0.018134958305	0.016160493853	400000
2	2	0.250000000000	0.250000000000	2	0.317100000000	0.352266000000	0.021322585506	0.018598902203	46000
2	2	0.250000000000	0.250000000000	3	0.463968000000	0.201496000000	0.016564823252	0.013564437990	162000
2	3	0.250000000000	0.374000000000	1	0.363206000000	0.304872000000	0.016882730543	0.018845550424	290000
2	3	0.250000000000	0.374000000000	2	0.416524000000	0.257520000000	0.020192998321	0.014859286605	400000
2	3	0.250000000000	0.374000000000	3	0.323204000000	0.341998000000	0.021528907958	0.021619606921	198000
2	4	0.250000000000	0.500000000000	1	0.385904000000	0.280192000000	0.014376002694	0.011759482192	214000
2	4	0.250000000000	0.500000000000	2	0.296468000000	0.375624000000	0.018054443745	0.012823691788	400000
2	4	0.250000000000	0.500000000000	3	0.371456000000	0.305358000000	0.021705464547	0.018804080127	126000
2	5	0.250000000000	0.624000000000	1	0.266880000000	0.403090000000	0.022561352234	0.018902624400	38000
2	5	0.250000000000	0.624000000000	2	0.312580000000	0.354604000000	0.014740178862	0.017610488730	270000
2	5	0.250000000000	0.624000000000	3	0.365272000000	0.305962000000	0.027745266548	0.029892074068	56000
2	6	0.250000000000	0.750000000000	1	0.327638000000	0.341164000000	0.025127681078	0.022056009874	70000
2	6	0.250000000000	0.750000000000	2	0.329446000000	0.338170000000	0.017038879288	0.022655515275	16000
2	6	0.250000000000	0.750000000000	3	0.315416000000	0.350970000000	0.018340428439	0.019763747259	400000
2	7	0.250000000000	0.874000000000	1	0.336082000000	0.329410000000	0.017918212476	0.021038500862	122000
2	7	0.250000000000	0.874000000000	2	0.328788000000	0.348254000000	0.019696878510	0.019738518007	244000
2	7	0.250000000000	0.874000000000	3	0.330670000000	0.344680000000	0.017423279561	0.012769207205	94000
2	8	0.250000000000	1.000000000000	1	0.000000000000	1.000000000000	0.000000000000	0.000000000000	6000
2	8	0.250000000000	1.000000000000	2	0.000000000000	1.000000000000	0.000000000000	0.000000000000	6000
2	8	0.250000000000	1.000000000000	3	0.000000000000	1.000000000000	0.000000000000	0.000000000000	6000
3	0	0.374000000000	0.000000000000	1	0.641380000000	0.000000000000	0.010750403303	0.000000000000	12000
3	0	0.374000000000	0.000000000000	2	0.641742000000	0.000000000000	0.011149428046	0.000000000000	20000
3	0	0.374000000000	0.000000000000	3	0.645318000000	0.000000000000	0.010441834509	0.000000000000	20000
3	1	0.374000000000	0.124000000000	1	0.286164000000	0.381582000000	0.011003917038	0.013047893452	42000
3	1	0.374000000000	0.124000000000	2	0.378794000000	0.292242000000	0.021668111848	0.019098224477	400000
3	1	0.374000000000	0.124000000000	3	0.390744000000	0.280120000000	0.027463443060	0.029664146062	400000
3	2	0.374000000000	0.250000000000	1	0.386626000000	0.271182000000	0.014109401093	0.010867795774	400000
3	2	0.374000000000	0.250000000000	2	0.376732000000	0.294618000000	0.010924079435	0.013671612523	400000
3	2	0.374000000000	0.250000000000	3	0.382618000000	0.282648000000	0.020861862172	0.018474886127	400000
3	3	0.374000000000	0.374000000000	1	0.305652000000	0.368452000000	0.019411122783	0.017252633114	222000
3	3	0.374000000000	0.374000000000	2	0.385022000000	0.291932000000	0.020188092408	0.023769905014	14000
3	3	0.374000000000	0.374000000000	3	0.402598000000	0.256382000000	0.011614701774	0.013228191904	58000
3	4	0.374000000000	0.500000000000	1	0.351136000000	0.316806000000	0.014228701977	0.014083206336	172000
3	4	0.374000000000	0.500000000000	2	0.298958000000	0.371260000000	0.016796438800	0.014682642132	84000
3	4	0.374000000000	0.500000000000	3	0.360776000000	0.310228000000	0.011840017315	0.009831616178	200000
3	5	0.374000000000	0.624000000000	1	0.327864000000	0.349874000000	0.014879344707	0.011735665718	80000
3	5	0.374000000000	0.624000000000	2	0.327922000000	0.335526000000	0.015643613350	0.012343568677	60000
3	5	0.374000000000	0.624000000000	3	0.338180000000	0.335252000000	0.018427456991	0.020516857397	58000
3	6	0.374000000000	0.750000000000	1	0.262280000000	0.406666000000	0.011518605744	0.014646739261	400000
3	6	0.374000000000	0.750000000000	2	0.409464000000	0.259560000000	0.011840477224	0.010373524474	330000
3	6	0.374000000000	0.750000000000	3	0.398324000000	0.270158000000	0.011823824543	0.011323747757	246000
3	7	0.374000000000	0.874000000000	1	0.387712000000	0.288306000000	0.023640726299	0.023573588570	60000
3	7	0.374000000000	0.874000000000	2	0.346604000000	0.324694000000	0.018435157690	0.026233462573	400000
3	7	0.374000000000	0.874000000000	3	0.362344000000	0.307536000000	0.022773499869	0.027462754904	286000
3	8	0.374000000000	1.000000000000	1	0.000000000000	1.000000000000	0.000000000000	0.000000000000	6000
3	8	0.374000000000	1.000000000000	2	0.000000000000	1.000000000000	0.000000000000	0.000000000000	6000
3	8	0.374000000000	1.000000000000	3	0.000000000000	1.000000000000	0.000000000000	0.000000000000	6000
4	0	0.500000000000	0.000000000000	1	0.629082000000	0.000000000000	0.010169793543	0.000000000000	26000
4	0	0.500000000000	0.000000000000	2	0.634862000000	0.000000000000	0.011060166512	0.000000000000	14000
4	0	0.500000000000	0.000000000000	3	0.643598000000	0.000000000000	0.012352610371	0.000000000000	14000
4	1	0.500000000000	0.124000000000	1	0.344780000000	0.329666000000	0.016414537369	0.016843757186	146000
4	1	0.500000000000	0.124000000000	2	0.345238000000	0.321438000000	0.017176681705	0.019014144569	170000
4	1	0.500000000000	0.124000000000	3	0.284856000000	0.388310000000	0.010618663759	0.012423133028	400000
4	2	0.500000000000	0.250000000000	1	0.295182000000	0.365194000000	0.011619892336	0.012062000491	194000
4	2	0.500000000000	0.250000000000	2	0.324952000000	0.349346000000	0.018982888243	0.020534993790	240000
4	2	0.500000000000	0.250000000000	3	0.330110000000	0.332740000000	0.022651114166	0.017654803655	224000
4	3	0.500000000000	0.374000000000	1	0.275160000000	0.392988000000	0.013498318584	0.021446207026	238000
4	3	0.500000000000	0.374000000000	2	0.298950000000	0.372088000000	0.015850070180	0.013482656935	342000
4	3	0.500000000000	0.374000000000	3	0.368330000000	0.303014000000	0.027241387505	0.029006088277	158000
4	4	0.500000000000	0.500000000000	1	0.391540000000	0.284752000000	0.013038650483	0.011699717064	400000
4	4	0.500000000000	0.500000000000	2	0.372338000000	0.288034000000	0.027471666285	0.027163738931	282000
4	4	0.500000000000	0.500000000000	3	0.419650000000	0.247720000000	0.032303266104	0.031873398211	306000
4	5	0.500000000000	0.624000000000	1	0.384510000000	0.288948000000	0.022690146380	0.022986205900	88000
4	5	0.500000000000	0.624000000000	2	0.344874000000	0.325316000000	0.037601995081	0.034068824882	400000
4	5	0.500000000000	0.624000000000	3	0.362706000000	0.295132000000	0.016342234628	0.012755598037	218000
4	6	0.500000000000	0.750000000000	1	0.330762000000	0.332658000000	0.025207673093	0.033105452829	304000
4	6	0.500000000000	0.750000000000	2	0.311656000000	0.353718000000	0.019515494319	0.021452661669	214000
4	6	0.500000000000	0.750000000000	3	0.356828000000	0.305194000000	0.013741005467	0.011426150748	400000
4	7	0.500000000000	0.874000000000	1	0.297398000000	0.369472000000	0.013492799993	0.016811062662	106000
4	7	0.500000000000	0.874000000000	2	0.354688000000	0.311244000000	0.011619882860	0.010321579288	84000
4	7	0.500000000000	0.874000000000	3	0.419098000000	0.262454000000	0.015125183211	0.019037865540	118000
4	8	0.500000000000	1.000000000000	1	0.000000000000	1.000000000000	0.000000000000	0.000000000000	6000
4	8	0.500000000000	1.000000000000	2	0.000000000000	1.000000000000	0.000000000000	0.000000000000	6000
4	8	0.500000000000	1.000000000000	3	0.000000000000	1.000000000000	0.000000000000	0.000000000000	6000
5	0	0.624000000000	0.000000000000	1	0.642208000000	0.000000000000	0.010624387682	0.000000000000	18000
5	0	0.624000000000	0.000000000000	2	0.632226000000	0.000000000000	0.010864942290	0.000000000000	86000
5	0	0.624000000000	0.000000000000	3	0.639194000000	0.000000000000	0.012744127148	0.000000000000	6000
5	1	0.624000000000	0.124000000000	1	0.311484000000	0.361634000000	0.021681970663	0.020997117015	190000
5	1	0.624000000000	0.124000000000	2	0.346988000000	0.322004000000	0.012369351513	0.013369020709	142000
5	1	0.624000000000	0.124000000000	3	0.386054000000	0.282242000000	0.018663477956	0.018677641454	164000
5	2	0.624000000000	0.250000000000	1	0.366850000000	0.303194000000	0.014209412634	0.018908196209	118000
5	2	0.624000000000	0.250000000000	2	0.290852000000	0.375090000000	0.012101427211	0.014894218265	400000
5	2	0.624000000000	0.250000000000	3	0.324604000000	0.351310000000	0.012846174847	0.010420195799	26000
5	3	0.624000000000	0.374000000000	1	0.347778000000	0.319346000000	0.034208023984	0.033448094999	94000
5	3	0.624000000000	0.374000000000	2	0.324656000000	0.345826000000	0.016905604499	0.013794056691	400000
5	3	0.624000000000	0.374000000000	3	0.260426000000	0.408752000000	0.012302759117	0.013404408759	42000
5	4	0.624000000000	0.500000000000	1	0.282238000000	0.384538000000	0.012119333077	0.011380864646	122000
5	4	0.624000000000	0.500000000000	2	0.308440000000	0.355422000000	0.010378926829	0.010695059621	82000
5	4	0.624000000000	0.500000000000	3	0.385506000000	0.283332000000	0.021277328044	0.017119078212	400000
5	5	0.624000000000	0.624000000000	1	0.339248000000	0.331426000000	0.029987159347	0.033690496784	362000
5	5	0.624000000000	0.624000000000	2	0.361294000000	0.311674000000	0.011982702080	0.013683163119	140000
5	5	0.624000000000	0.624000000000	3	0.284204000000	0.395874000000	0.018348816394	0.020915678081	58000
5	6	0.624000000000	0.750000000000	1	0.320594000000	0.342864000000	0.012261545967	0.013607596065	126000
5	6	0.624000000000	0.750000000000	2	0.312460000000	0.352666000000	0.011683017285	0.011103681179	38000
5	6	0.624000000000	0.750000000000	3	0.254254000000	0.416674000000	0.014068169653	0.016985589016	194000
5	7	0.624000000000	0.874000000000	1	0.342936000000	0.318136000000	0.026342699973	0.028236905405	40000
5	7	0.624000000000	0.874000000000	2	0.357858000000	0.310646000000	0.016107988804	0.016014091767	358000
5	7	0.624000000000	0.874000000000	3	0.311322000000	0.357420000000	0.011756297314	0.012375813539	82000
5	8	0.624000000000	1.000000000000	1	0.000000000000	1.000000000000	0.000000000000	0.000000000000	6000
5	8	0.624000000000	1.000000000000	2	0.000000000000	1.000000000000	0.000000000000	0.000000000000	6000
5	8	0.624000000000	1.000000000000	3	0.000000000000	1.000000000000	0.000000000000	0.000000000000	6000
6	0	0.750000000000	0.000000000000	1	0.632874000000	0.000000000000	0.010591331375	0.000000000000	10000
6	0	0.750000000000	0.000000000000	2	0.647238000000	0.000000000000	0.011248728368	0.000000000000	44000
6	0	0.750000000000	0.000000000000	3	0.645672000000	0.000000000000	0.010096055980	0.000000000000	8000
6	1	0.750000000000	0.124000000000	1	0.347508000000	0.314998000000	0.014584740335	0.016956872693	114000
6	1	0.750000000000	0.124000000000	2	0.335854000000	0.331460000000	0.012149827254	0.015123528726	94000
6	1	0.750000000000	0.124000000000	3	0.362842000000	0.310836000000	0.014245348924	0.016707969962	76000
6	2	0.750000000000	0.250000000000	1	0.417190000000	0.244728000000	0.025705420998	0.027361042426	394000
6	2	0.750000000000	0.250000000000	2	0.298722000000	0.369406000000	0.015767159520	0.017279981532	400000
6	2	0.750000000000	0.250000000000	3	0.337576000000	0.331450000000	0.017004628234	0.020799955244	62000
6	3	0.750000000000	0.374000000000	1	0.361164000000	0.314762000000	0.011642536350	0.011973918771	256000
6	3	0.750000000000	0.374000000000	2	0.348520000000	0.325846000000	0.022998141545	0.019903578483	400000
6	3	0.750000000000	0.374000000000	3	0.367378000000	0.296624000000	0.019823069139	0.021316496359	190000
6	4	0.750000000000	0.500000000000	1	0.327764000000	0.337696000000	0.014303737305	0.015463334010	248000
6	4	0.750000000000	0.500000000000	2	0.334222000000	0.337196000000	0.009133133642	0.010644570959	400000
6	4	0.750000000000	0.500000000000	3	0.360034000000	0.308262000000	0.026056741888	0.031099815989	318000
6	5	0.750000000000	0.624000000000	1	0.437860000000	0.231774000000	0.012943412685	0.016129882117	64000
6	5	0.750000000000	0.624000000000	2	0.235162000000	0.437842000000	0.016781876754	0.017864887075	366000
6	5	0.750000000000	0.624000000000	3	0.414070000000	0.253358000000	0.014193821352	0.015466578518	188000
6	6	0.750000000000	0.750000000000	1	0.321070000000	0.349964000000	0.026617731000	0.024370486754	218000
6	6	0.750000000000	0.750000000000	2	0.402126000000	0.270218000000	0.012479096596	0.011530196070	130000
6	6	0.750000000000	0.750000000000	3	0.333366000000	0.340300000000	0.015111002164	0.013328452560	170000
6	7	0.750000000000	0.874000000000	1	0.384710000000	0.288710000000	0.014440652078	0.012766788590	400000
6	7	0.750000000000	0.874000000000	2	0.402040000000	0.265566000000	0.015860704964	0.013822543424	86000
6	7	0.750000000000	0.874000000000	3	0.395914000000	0.272510000000	0.033841007931	0.032909739454	316000
6	8	0.750000000000	1.000000000000	1	0.000000000000	1.000000000000	0.000000000000	0.000000000000	6000
6	8	0.750000000000	1.000000000000	2	0.000000000000	1.000000000000	0.000000000000	0.000000000000	6000
6	8	0.750000000000	1.000000000000	3	0.000000000000	1.000000000000	0.000000000000	0.000000000000	6000
7	0	0.874000000000	0.000000000000	1	0.639598000000	0.000000000000	0.008840393009	0.000000000000	6000
7	0	0.874000000000	0.000000000000	2	0.646926000000	0.000000000000	0.009955382144	0.000000000000	14000
7	0	0.874000000000	0.000000000000	3	0.642458000000	0.000000000000	0.008699305370	0.000000000000	16000
7	1	0.874000000000	0.124000000000	1	0.423844000000	0.251112000000	0.012918767687	0.010141908810	56000
7	1	0.874000000000	0.124000000000	2	0.354612000000	0.315904000000	0.020782140250	0.015813692069	50000
7	1	0.874000000000	0.124000000000	3	0.318474000000	0.355228000000	0.014174210110	0.013460207769	126000
7	2	0.874000000000	0.250000000000	1	0.384756000000	0.288744000000	0.012019856111	0.013480511422	168000
7	2	0.874000000000	0.250000000000	2	0.325446000000	0.333482000000	0.017355987852	0.018872727833	88000
7	2	0.874000000000	0.250000000000	3	0.296070000000	0.369252000000	0.032083959863	0.030275222296	158000
7	3	0.874000000000	0.374000000000	1	0.290980000000	0.382208000000	0.019893399593	0.016707958939	400000
7	3	0.874000000000	0.374000000000	2	0.245168000000	0.423344000000	0.013433101809	0.013076262947	150000
7	3	0.874000000000	0.374000000000	3	0.320392000000	0.350936000000	0.020277117584	0.016917035499	262000
7	4	0.874000000000	0.500000000000	1	0.398816000000	0.272106000000	0.024958306454	0.020019029085	146000
7	4	0.874000000000	0.500000000000	2	0.256578000000	0.406484000000	0.031916650648	0.031954511964	224000
7	4	0.874000000000	0.500000000000	3	0.407358000000	0.271604000000	0.011264045220	0.010386870129	154000
7	5	0.874000000000	0.624000000000	1	0.337300000000	0.328186000000	0.018730852753	0.014687175260	400000
7	5	0.874000000000	0.624000000000	2	0.344426000000	0.319040000000	0.021269577309	0.030403203034	344000
7	5	0.874000000000	0.624000000000	3	0.267000000000	0.402030000000	0.023730552862	0.017687168681	192000
7	6	0.874000000000	0.750000000000	1	0.363032000000	0.311790000000	0.016010224961	0.015279049360	18000
7	6	0.874000000000	0.750000000000	2	0.308642000000	0.361296000000	0.028708047443	0.024753284815	58000
7	6	0.874000000000	0.750000000000	3	0.369516000000	0.301818000000	0.014585831841	0.013353546091	400000
7	7	0.874000000000	0.874000000000	1	0.333212000000	0.330932000000	0.015202439612	0.014105117168	230000
7	7	0.874000000000	0.874000000000	2	0.293056000000	0.370298000000	0.024167186781	0.021525299871	278000
7	7	0.874000000000	0.874000000000	3	0.277064000000	0.395656000000	0.022612634416	0.026660240667	84000
7	8	0.874000000000	1.000000000000	1	0.000000000000	1.000000000000	0.000000000000	0.000000000000	6000
7	8	0.874000000000	1.000000000000	2	0.000000000000	1.000000000000	0.000000000000	0.000000000000	6000
7	8	0.874000000000	1.000000000000	3	0.000000000000	1.000000000000	0.000000000000	0.000000000000	6000
8	0	1.000000000000	0.000000000000	1	1.000000000000	0.000000000000	0.000000000000	0.000000000000	4000
8	0	1.000000000000	0.000000000000	2	1.000000000000	0.000000000000	0.000000000000	0.000000000000	4000
8	0	1.000000000000	0.000000000000	3	1.000000000000	0.000000000000	0.000000000000	0.000000000000	4000
8	1	1.000000000000	0.124000000000	1	1.000000000000	0.000000000000	0.000000000000	0.000000000000	6000
8	1	1.000000000000	0.124000000000	2	1.000000000000	0.000000000000	0.000000000000	0.000000000000	6000
8	1	1.000000000000	0.124000000000	3	1.000000000000	0.000000000000	0.000000000000	0.000000000000	6000
8	2	1.000000000000	0.250000000000	1	1.000000000000	0.000000000000	0.000000000000	0.000000000000	6000
8	2	1.000000000000	0.250000000000	2	1.000000000000	0.000000000000	0.000000000000	0.000000000000	6000
8	2	1.000000000000	0.250000000000	3	1.000000000000	0.000000000000	0.000000000000	0.000000000000	6000
8	3	1.000000000000	0.374000000000	1	1.000000000000	0.000000000000	0.000000000000	0.000000000000	6000
8	3	1.000000000000	0.374000000000	2	1.000000000000	0.000000000000	0.000000000000	0.000000000000	6000
8	3	1.000000000000	0.374000000000	3	1.000000000000	0.000000000000	0.000000000000	0.000000000000	6000
8	4	1.000000000000	0.500000000000	1	1.000000000000	0.000000000000	0.000000000000	0.000000000000	6000
8	4	1.000000000000	0.500000000000	2	1.000000000000	0.000000000000	0.000000000000	0.000000000000	6000
8	4	1.000000000000	0.500000000000	3	1.000000000000	0.000000000000	0.000000000000	0.000000000000	6000
8	5	1.000000000000	0.624000000000	1	1.000000000000	0.000000000000	0.000000000000	0.000000000000	6000
8	5	1.000000000000	0.624000000000	2	1.000000000000	0.000000000000	0.000000000000	0.000000000000	6000
8	5	1.000000000000	0.624000000000	3	1.000000000000	0.000000000000	0.000000000000	0.000000000000	6000
8	6	1.000000000000	0.750000000000	1	1.000000000000	0.000000000000	0.000000000000	0.000000000000	6000
8	6	1.000000000000	0.750000000000	2	1.000000000000	0.000000000000	0.000000000000	0.000000000000	6000
8	6	1.000000000000	0.750000000000	3	1.000000000000	0.000000000000	0.000000000000	0.000000000000	6000
8	7	1.000000000000	0.874000000000	1	1.000000000000	0.000000000000	0.000000000000	0.000000000000	6000
8	7	1.000000000000	0.874000000000	2	1.000000000000	0.000000000000	0.000000000000	0.000000000000	6000
8	7	1.000000000000	0.874000000000	3	1.000000000000	0.000000000000	0.000000000000	0.000000000000	6000
8	8	1.000000000000	1.000000000000	1	1.000000000000	1.000000000000	0.000000000000	0.000000000000	4000
8	8	1.000000000000	1.000000000000	2	1.000000000000	1.000000000000	0.000000000000	0.000000000000	4000
8	8	1.000000000000	1.000000000000	3	1.000000000000	1.000000000000	0.000000000000	0.000000000000	4000
