# scan initial plane
# b 1.1
# r 0
# e -0.4
# p12 0.03
# ndiv 8
# n_reps 3
# A:(0,1),	A':(0,0.024),	B:(1,0),	B'=(0.600,0),	C:(1,1),	D:(0,0),	E:(0.595,0.006) 
# columns: ix iy x1_0 x2_0 rep x1_inf x2_inf sigma_1 sigma_2 t_relax
8	0	1.000000000000	0.000000000000	1	1.000000000000	0.000000000000	0.000000000000	0.000000000000	4000
8	0	1.000000000000	0.000000000000	2	1.000000000000	0.000000000000	0.000000000000	0.000000000000	4000
8	0	1.000000000000	0.000000000000	3	1.000000000000	0.000000000000	0.000000000000	0.000000000000	4000
8	1	1.000000000000	0.124666666667	1	1.000000000000	0.003114666667	0.000000000000	0.000535437956	14000
8	1	1.000000000000	0.124666666667	2	1.000000000000	0.000000000000	0.000000000000	0.000000000000	12000
8	1	1.000000000000	0.124666666667	3	1.000000000000	0.002593333333	0.000000000000	0.000649392485	25000
8	2	1.000000000000	0.250000000000	1	1.000000000000	0.002816666667	0.000000000000	0.000586192289	25000
8	2	1.000000000000	0.250000000000	2	1.000000000000	0.000000000000	0.000000000000	0.000000000000	22000
8	2	1.000000000000	0.250000000000	3	1.000000000000	0.000000000000	0.000000000000	0.000000000000	25000
8	3	1.000000000000	0.374666666667	1	1.000000000000	0.002980000000	0.000000000000	0.000675977688	10000
8	3	1.000000000000	0.374666666667	2	1.000000000000	0.003542666667	0.000000000000	0.001010544782	25000
8	3	1.000000000000	0.374666666667	3	1.000000000000	0.003397333333	0.000000000000	0.000979101843	25000
8	4	1.000000000000	0.500000000000	1	1.000000000000	0.000000000000	0.000000000000	0.000000000000	25000
8	4	1.000000000000	0.500000000000	2	1.000000000000	0.003154666667	0.000000000000	0.000750538605	25000
8	4	1.000000000000	0.500000000000	3	1.000000000000	0.005326000000	0.000000000000	0.001061951331	10000
8	5	1.000000000000	0.624666666667	1	1.000000000000	0.001885333333	0.000000000000	0.000397084246	25000
8	5	1.000000000000	0.624666666667	2	1.000000000000	0.000000000000	0.000000000000	0.000000000000	12000
8	5	1.000000000000	0.624666666667	3	1.000000000000	0.006013333333	0.000000000000	0.001474598626	6000
8	6	1.000000000000	0.750000000000	1	1.000000000000	0.002992666667	0.000000000000	0.000802587019	25000
8	6	1.000000000000	0.750000000000	2	1.000000000000	0.002542000000	0.000000000000	0.000905753677	10000
8	6	1.000000000000	0.750000000000	3	1.000000000000	0.003526666667	0.000000000000	0.000956837374	25000
8	7	1.000000000000	0.874666666667	1	1.000000000000	0.000000000000	0.000000000000	0.000000000000	18000
8	7	1.000000000000	0.874666666667	2	1.000000000000	0.003640666667	0.000000000000	0.001131638018	25000
8	7	1.000000000000	0.874666666667	3	1.000000000000	0.000000000000	0.000000000000	0.000000000000	18000
8	8	1.000000000000	1.000000000000	1	1.000000000000	1.000000000000	0.000000000000	0.000000000000	4000
8	8	1.000000000000	1.000000000000	2	1.000000000000	1.000000000000	0.000000000000	0.000000000000	4000
8	8	1.000000000000	1.000000000000	3	1.000000000000	1.000000000000	0.000000000000	0.000000000000	4000
