# scan initial plane
# b 1.1
# r 0
# e -0.4
# p12 0.03
# ndiv 8
# n_reps 3
# A:(0,1),	A':(0,0.024),	B:(1,0),	B'=(0.600,0),	C:(1,1),	D:(0,0),	E:(0.595,0.006) 
# columns: ix iy x1_0 x2_0 rep x1_inf x2_inf sigma_1 sigma_2 t_relax
2	0	0.250000000000	0.000000000000	1	0.587230000000	0.000000000000	0.021133605581	0.000000000000	24000
2	0	0.250000000000	0.000000000000	2	0.563956666667	0.000000000000	0.017825895530	0.000000000000	25000
2	0	0.250000000000	0.000000000000	3	0.570660000000	0.000000000000	0.014063584416	0.000000000000	10000
2	1	0.250000000000	0.124666666667	1	0.579826666667	0.000000000000	0.016750637981	0.000000000000	22000
2	1	0.250000000000	0.124666666667	2	0.569366666667	0.005963333333	0.014648933679	0.001035887036	25000
2	1	0.250000000000	0.124666666667	3	0.578620000000	0.000000000000	0.014948323843	0.000000000000	25000
2	2	0.250000000000	0.250000000000	1	0.567843333333	0.000000000000	0.016379029796	0.000000000000	25000
2	2	0.250000000000	0.250000000000	2	0.582233333333	0.000000000000	0.016577036269	0.000000000000	25000
2	2	0.250000000000	0.250000000000	3	0.561633333333	0.005987333333	0.015924377791	0.001052643684	25000
2	3	0.250000000000	0.374666666667	1	0.574640000000	0.000000000000	0.016612302393	0.000000000000	25000
2	3	0.250000000000	0.374666666667	2	0.557586666667	0.000000000000	0.014838253731	0.000000000000	25000
2	3	0.250000000000	0.374666666667	3	0.573860000000	0.000000000000	0.014873146923	0.000000000000	25000
2	4	0.250000000000	0.500000000000	1	0.559276666667	0.002184666667	0.016493903047	0.000413470760	25000
2	4	0.250000000000	0.500000000000	2	0.565953333333	0.000984000000	0.016195956907	0.000333115711	25000
2	4	0.250000000000	0.500000000000	3	0.573926666667	0.000000000000	0.012855257977	0.000000000000	25000
2	5	0.250000000000	0.624666666667	1	0.573303333333	0.000000000000	0.016131521709	0.000000000000	25000
2	5	0.250000000000	0.624666666667	2	0.584006666667	0.000000000000	0.015782414128	0.000000000000	25000
2	5	0.250000000000	0.624666666667	3	0.580603333333	0.000000000000	0.016228898416	0.000000000000	25000
2	6	0.250000000000	0.750000000000	1	0.564643333333	0.000000000000	0.014956486398	0.000000000000	25000
2	6	0.250000000000	0.750000000000	2	0.573046666667	0.000000000000	0.014243463555	0.000000000000	25000
2	6	0.250000000000	0.750000000000	3	0.576080000000	0.000000000000	0.016148096720	0.000000000000	16000
2	7	0.250000000000	0.874666666667	1	0.574453333333	0.000000000000	0.017555892598	0.000000000000	25000
2	7	0.250000000000	0.874666666667	2	0.579560000000	0.001894666667	0.013501020941	0.000243282341	8000
2	7	0.250000000000	0.874666666667	3	0.568896666667	0.005736666667	0.019346870584	0.000949620744	25000
2	8	0.250000000000	1.000000000000	1	0.000000000000	1.000000000000	0.000000000000	0.000000000000	12000
2	8	0.250000000000	1.000000000000	2	0.000000000000	1.000000000000	0.000000000000	0.000000000000	8000
2	8	0.250000000000	1.000000000000	3	0.000000000000	1.000000000000	0.000000000000	0.000000000000	8000
