# scan initial plane
# b 1.06
# r 0
# e -0.4
# p12 0.02
# ndiv 8
# n_reps 3
# A:(0,1),	A':(0,0.400),	B:(1,0),	B'=(0.044,0),	C:(1,1),	D:(0,0),	E:(0.025,0.389) 
# columns: ix iy x1_0 x2_0 rep x1_inf x2_inf sigma_1 sigma_2 t_relax
6	0	0.750000000000	0.000000000000	1	0.037001666667	0.000000000000	0.001327836308	0.000000000000	86000
6	0	0.750000000000	0.000000000000	2	0.033775833333	0.000000000000	0.001149559681	0.000000000000	40000
6	0	0.750000000000	0.000000000000	3	0.035084166667	0.000000000000	0.001949763745	0.000000000000	84000
6	1	0.750000000000	0.125000000000	1	0.003647500000	0.375822500000	0.000639802737	0.015418900293	100000
6	1	0.750000000000	0.125000000000	2	0.000000000000	0.361317500000	0.000000000000	0.013357539729	80000
6	1	0.750000000000	0.125000000000	3	0.004455000000	0.355317500000	0.001974120039	0.010085616660	100000
6	2	0.750000000000	0.250000000000	1	0.003588333333	0.366435000000	0.000761576945	0.013637788100	100000
6	2	0.750000000000	0.250000000000	2	0.011504166667	0.383785000000	0.001103255199	0.016823921045	100000
6	2	0.750000000000	0.250000000000	3	0.000000000000	0.374445000000	0.000000000000	0.017266734350	60000
6	3	0.750000000000	0.375000000000	1	0.010013333333	0.375160000000	0.001814387807	0.011739877543	58000
6	3	0.750000000000	0.375000000000	2	0.006872500000	0.380047500000	0.000942540255	0.015250789499	100000
6	3	0.750000000000	0.375000000000	3	0.000000000000	0.373162500000	0.000000000000	0.012806496402	92000
6	4	0.750000000000	0.500000000000	1	0.016520000000	0.357747500000	0.002101154012	0.014304706162	54000
6	4	0.750000000000	0.500000000000	2	0.008018333333	0.366180000000	0.001043726192	0.010502042320	100000
6	4	0.750000000000	0.500000000000	3	0.014355000000	0.365350000000	0.001243636902	0.009845655739	100000
6	5	0.750000000000	0.625000000000	1	0.000000000000	0.376512500000	0.000000000000	0.011477710206	94000
6	5	0.750000000000	0.625000000000	2	0.000000000000	0.370917500000	0.000000000000	0.012699930393	100000
6	5	0.750000000000	0.625000000000	3	0.013425833333	0.362227500000	0.000995861962	0.011258718955	100000
6	6	0.750000000000	0.750000000000	1	0.000000000000	0.370105000000	0.000000000000	0.011343727569	62000
6	6	0.750000000000	0.750000000000	2	0.013837500000	0.380127500000	0.001161571588	0.010040084514	100000
6	6	0.750000000000	0.750000000000	3	0.000000000000	0.346127500000	0.000000000000	0.023346146069	40000
6	7	0.750000000000	0.875000000000	1	0.000000000000	0.358447500000	0.000000000000	0.019981748272	98000
6	7	0.750000000000	0.875000000000	2	0.000000000000	0.378585000000	0.000000000000	0.018633840050	100000
6	7	0.750000000000	0.875000000000	3	0.000000000000	0.373255000000	0.000000000000	0.012556378365	72000
6	8	0.750000000000	1.000000000000	1	0.011246666667	1.000000000000	0.001526920772	0.000000000000	10000
6	8	0.750000000000	1.000000000000	2	0.014246666667	1.000000000000	0.003071641161	0.000000000000	18000
6	8	0.750000000000	1.000000000000	3	0.012992500000	1.000000000000	0.002183362529	0.000000000000	62000
