# scan initial plane
# b 1.3
# r 0
# e -0.4
# N1 125
# N2 125
# P11 0.9
# p12 0.3
# P22 0.9
# T_MCS 1000
# T_MAX 30000
# W 2000
# UPDATE_RULE 0
# FERMI_BETA 1
# DEGREE_ALPHA 0.5
# DEGREE_FACTOR_MIN 0.5
# DEGREE_FACTOR_MAX 2
# ndiv 10
# n_reps 5
# A:(0,1),	A':(0,0.400),	B:(1,0),	B'=(0.400,0),	C:(1,1),	D:(0,0),	E:(0.235,0.235) 
# columns: ix iy x1_0 x2_0 rep x1_inf x2_inf sigma_1 sigma_2 t_relax
8	0	0.800000000000	0.000000000000	1	0.391688000000	0.000000000000	0.018268563063	0.000000000000	8000
8	0	0.800000000000	0.000000000000	2	0.391384000000	0.000000000000	0.019311174627	0.000000000000	12000
8	0	0.800000000000	0.000000000000	3	0.386136000000	0.000000000000	0.019041640898	0.000000000000	22000
8	0	0.800000000000	0.000000000000	4	0.378568000000	0.000000000000	0.018454320305	0.000000000000	24000
8	0	0.800000000000	0.000000000000	5	0.380592000000	0.000000000000	0.019762795959	0.000000000000	20000
8	1	0.800000000000	0.096000000000	1	0.000000000000	0.391184000000	0.000000000000	0.016708240760	30000
8	1	0.800000000000	0.096000000000	2	0.197872000000	0.215336000000	0.048506664620	0.053370624200	30000
8	1	0.800000000000	0.096000000000	3	0.181208000000	0.242344000000	0.033149715529	0.028646226109	30000
8	1	0.800000000000	0.096000000000	4	0.205704000000	0.221296000000	0.038844269349	0.037420538220	30000
8	1	0.800000000000	0.096000000000	5	0.184464000000	0.245248000000	0.033237952185	0.025965143648	30000
8	2	0.800000000000	0.200000000000	1	0.175280000000	0.251040000000	0.031611150958	0.030279683936	30000
8	2	0.800000000000	0.200000000000	2	0.258984000000	0.172464000000	0.031617200878	0.026481804885	30000
8	2	0.800000000000	0.200000000000	3	0.190136000000	0.231464000000	0.030428595160	0.025815249972	30000
8	2	0.800000000000	0.200000000000	4	0.233384000000	0.198488000000	0.025503862276	0.023202331870	30000
8	2	0.800000000000	0.200000000000	5	0.163976000000	0.255384000000	0.052896705809	0.045895173068	30000
8	3	0.800000000000	0.296000000000	1	0.242680000000	0.192384000000	0.025001173146	0.022927935673	30000
8	3	0.800000000000	0.296000000000	2	0.224904000000	0.199984000000	0.023932144315	0.022056795920	30000
8	3	0.800000000000	0.296000000000	3	0.219040000000	0.197984000000	0.050129346209	0.048886374601	30000
8	3	0.800000000000	0.296000000000	4	0.220616000000	0.214152000000	0.037019765086	0.049239673450	30000
8	3	0.800000000000	0.296000000000	5	0.197296000000	0.235856000000	0.024371835597	0.027435961729	30000
8	4	0.800000000000	0.400000000000	1	0.232864000000	0.190448000000	0.026113586951	0.028355375563	22000
8	4	0.800000000000	0.400000000000	2	0.251384000000	0.189952000000	0.038714950489	0.032734771440	30000
8	4	0.800000000000	0.400000000000	3	0.260672000000	0.162936000000	0.021612207280	0.021888147363	30000
8	4	0.800000000000	0.400000000000	4	0.193864000000	0.226096000000	0.034644216339	0.030270961582	30000
8	4	0.800000000000	0.400000000000	5	0.273096000000	0.157872000000	0.041325955750	0.039250021404	30000
8	5	0.800000000000	0.496000000000	1	0.241328000000	0.201448000000	0.036567384232	0.036570708398	30000
8	5	0.800000000000	0.496000000000	2	0.182808000000	0.235256000000	0.032034814895	0.026933619955	30000
8	5	0.800000000000	0.496000000000	3	0.236736000000	0.195504000000	0.024109906503	0.026519903644	30000
8	5	0.800000000000	0.496000000000	4	0.232400000000	0.199544000000	0.028800511618	0.022950354742	30000
8	5	0.800000000000	0.496000000000	5	0.225872000000	0.215928000000	0.031959177164	0.029689261834	30000
8	6	0.800000000000	0.600000000000	1	0.241376000000	0.188280000000	0.029341430496	0.030179204502	30000
8	6	0.800000000000	0.600000000000	2	0.375432000000	0.000000000000	0.017322628249	0.000000000000	30000
8	6	0.800000000000	0.600000000000	3	0.230552000000	0.196696000000	0.038352656000	0.036570876569	8000
8	6	0.800000000000	0.600000000000	4	0.207128000000	0.208704000000	0.043219481019	0.041734759783	30000
8	6	0.800000000000	0.600000000000	5	0.179536000000	0.252248000000	0.032687936692	0.032118937126	12000
8	7	0.800000000000	0.696000000000	1	0.216952000000	0.216440000000	0.023685411010	0.032147781881	30000
8	7	0.800000000000	0.696000000000	2	0.172128000000	0.272096000000	0.023422814610	0.022333687057	30000
8	7	0.800000000000	0.696000000000	3	0.225920000000	0.207576000000	0.022659104904	0.027835283850	30000
8	7	0.800000000000	0.696000000000	4	0.218112000000	0.222688000000	0.034601281836	0.033985550954	30000
8	7	0.800000000000	0.696000000000	5	0.225960000000	0.204568000000	0.018449140109	0.019802361210	30000
8	8	0.800000000000	0.800000000000	1	0.272464000000	0.156696000000	0.025197532014	0.026901585070	30000
8	8	0.800000000000	0.800000000000	2	0.186360000000	0.239064000000	0.036398396163	0.033149823752	30000
8	8	0.800000000000	0.800000000000	3	0.218824000000	0.212792000000	0.029526409074	0.035543720853	30000
8	8	0.800000000000	0.800000000000	4	0.225344000000	0.201528000000	0.029646999993	0.022019765805	30000
8	8	0.800000000000	0.800000000000	5	0.214824000000	0.225208000000	0.023634712260	0.023719682952	30000
8	9	0.800000000000	0.896000000000	1	0.252400000000	0.166704000000	0.032401386542	0.033986165471	30000
8	9	0.800000000000	0.896000000000	2	0.189056000000	0.241504000000	0.024251701157	0.020382183824	16000
8	9	0.800000000000	0.896000000000	3	0.250984000000	0.182496000000	0.025977732514	0.026628989599	30000
8	9	0.800000000000	0.896000000000	4	0.205712000000	0.220112000000	0.032382304885	0.038996669040	30000
8	9	0.800000000000	0.896000000000	5	0.265048000000	0.171784000000	0.026235357630	0.022067358526	30000
8	10	0.800000000000	1.000000000000	1	0.000000000000	1.000000000000	0.000000000000	0.000000000000	6000
8	10	0.800000000000	1.000000000000	2	0.000000000000	1.000000000000	0.000000000000	0.000000000000	6000
8	10	0.800000000000	1.000000000000	3	0.000000000000	1.000000000000	0.000000000000	0.000000000000	6000
8	10	0.800000000000	1.000000000000	4	0.000000000000	1.000000000000	0.000000000000	0.000000000000	6000
8	10	0.800000000000	1.000000000000	5	0.000000000000	1.000000000000	0.000000000000	0.000000000000	6000
9	0	0.896000000000	0.000000000000	1	0.391128000000	0.000000000000	0.018728544374	0.000000000000	16000
9	0	0.896000000000	0.000000000000	2	0.392520000000	0.000000000000	0.018309364621	0.000000000000	6000
9	0	0.896000000000	0.000000000000	3	0.376256000000	0.000000000000	0.019274490135	0.000000000000	6000
9	0	0.896000000000	0.000000000000	4	0.392792000000	0.000000000000	0.016299890258	0.000000000000	22000
9	0	0.896000000000	0.000000000000	5	0.390840000000	0.000000000000	0.014849474971	0.000000000000	30000
9	1	0.896000000000	0.096000000000	1	0.000000000000	0.379728000000	0.000000000000	0.016572044190	28000
9	1	0.896000000000	0.096000000000	2	0.201272000000	0.223976000000	0.018349460993	0.022949293978	30000
9	1	0.896000000000	0.096000000000	3	0.175552000000	0.264296000000	0.026187727910	0.027335317880	30000
9	1	0.896000000000	0.096000000000	4	0.403064000000	0.000000000000	0.021249551700	0.000000000000	16000
9	1	0.896000000000	0.096000000000	5	0.222344000000	0.196232000000	0.048673388651	0.050113726279	30000
9	2	0.896000000000	0.200000000000	1	0.149144000000	0.283128000000	0.023386966760	0.020444108628	30000
9	2	0.896000000000	0.200000000000	2	0.216576000000	0.206408000000	0.033573731092	0.028769240609	30000
9	2	0.896000000000	0.200000000000	3	0.221560000000	0.219936000000	0.027832733625	0.029410693513	30000
9	2	0.896000000000	0.200000000000	4	0.166200000000	0.268288000000	0.028665479408	0.027367024135	30000
9	2	0.896000000000	0.200000000000	5	0.000000000000	0.380304000000	0.000000000000	0.017283005708	20000
9	3	0.896000000000	0.296000000000	1	0.131496000000	0.284272000000	0.054561258370	0.048647513776	30000
9	3	0.896000000000	0.296000000000	2	0.152136000000	0.278768000000	0.036261500250	0.030535333347	30000
9	3	0.896000000000	0.296000000000	3	0.288016000000	0.144328000000	0.025602797645	0.022441658674	30000
9	3	0.896000000000	0.296000000000	4	0.218744000000	0.208808000000	0.021290273360	0.024275758453	30000
9	3	0.896000000000	0.296000000000	5	0.237032000000	0.193688000000	0.034366321014	0.038956132203	30000
9	4	0.896000000000	0.400000000000	1	0.249440000000	0.176304000000	0.042448088770	0.039357039530	30000
9	4	0.896000000000	0.400000000000	2	0.223344000000	0.204136000000	0.026730585257	0.033367872556	30000
9	4	0.896000000000	0.400000000000	3	0.222992000000	0.212216000000	0.033395136939	0.038826651322	30000
9	4	0.896000000000	0.400000000000	4	0.199704000000	0.232320000000	0.026608502333	0.025782830612	30000
9	4	0.896000000000	0.400000000000	5	0.225320000000	0.198312000000	0.028880784264	0.033670586041	30000
9	5	0.896000000000	0.496000000000	1	0.215216000000	0.217080000000	0.023363458545	0.037303098010	30000
9	5	0.896000000000	0.496000000000	2	0.202304000000	0.225056000000	0.026278320611	0.025341962810	30000
9	5	0.896000000000	0.496000000000	3	0.157256000000	0.277088000000	0.037881307494	0.038239960127	30000
9	5	0.896000000000	0.496000000000	4	0.269128000000	0.155608000000	0.022959240901	0.022015517687	30000
9	5	0.896000000000	0.496000000000	5	0.213744000000	0.219656000000	0.037978531210	0.032405984198	30000
9	6	0.896000000000	0.600000000000	1	0.256064000000	0.177136000000	0.036334943679	0.041341148927	30000
9	6	0.896000000000	0.600000000000	2	0.210824000000	0.228872000000	0.032883100862	0.029712125916	30000
9	6	0.896000000000	0.600000000000	3	0.219408000000	0.220208000000	0.034139229971	0.039931331649	30000
9	6	0.896000000000	0.600000000000	4	0.212184000000	0.229928000000	0.055689383651	0.050994934055	30000
9	6	0.896000000000	0.600000000000	5	0.266880000000	0.165120000000	0.040109879112	0.036163924420	30000
9	7	0.896000000000	0.696000000000	1	0.203720000000	0.232344000000	0.052051118325	0.052852578547	6000
9	7	0.896000000000	0.696000000000	2	0.256144000000	0.167600000000	0.029679287797	0.028065988308	30000
9	7	0.896000000000	0.696000000000	3	0.167952000000	0.263800000000	0.055477594211	0.045890499430	30000
9	7	0.896000000000	0.696000000000	4	0.182272000000	0.243304000000	0.028753587338	0.037552706824	30000
9	7	0.896000000000	0.696000000000	5	0.219184000000	0.205072000000	0.027811573627	0.022562266550	30000
9	8	0.896000000000	0.800000000000	1	0.226096000000	0.186024000000	0.024648373706	0.019311041928	30000
9	8	0.896000000000	0.800000000000	2	0.248168000000	0.182248000000	0.022349032535	0.024730995090	30000
9	8	0.896000000000	0.800000000000	3	0.132544000000	0.284504000000	0.047009722164	0.043731480954	6000
9	8	0.896000000000	0.800000000000	4	0.193928000000	0.233496000000	0.033815296691	0.030218721931	30000
9	8	0.896000000000	0.800000000000	5	0.222544000000	0.201088000000	0.034496116391	0.032274601561	30000
9	9	0.896000000000	0.896000000000	1	0.244728000000	0.192504000000	0.026218112163	0.028507098040	30000
9	9	0.896000000000	0.896000000000	2	0.189992000000	0.231160000000	0.038570657651	0.045706974605	30000
9	9	0.896000000000	0.896000000000	3	0.236224000000	0.201816000000	0.050086909692	0.046158517662	30000
9	9	0.896000000000	0.896000000000	4	0.249528000000	0.174712000000	0.049245449844	0.047980696152	30000
9	9	0.896000000000	0.896000000000	5	0.205128000000	0.222520000000	0.035653425961	0.031000171138	30000
9	10	0.896000000000	1.000000000000	1	0.000000000000	1.000000000000	0.000000000000	0.000000000000	6000
9	10	0.896000000000	1.000000000000	2	0.000000000000	1.000000000000	0.000000000000	0.000000000000	6000
9	10	0.896000000000	1.000000000000	3	0.000000000000	1.000000000000	0.000000000000	0.000000000000	6000
9	10	0.896000000000	1.000000000000	4	0.000000000000	1.000000000000	0.000000000000	0.000000000000	6000
9	10	0.896000000000	1.000000000000	5	0.000000000000	1.000000000000	0.000000000000	0.000000000000	6000
