# scan initial plane
# b 1.15
# r 0
# e -0.4
# p12 0.2
# ndiv 8
# n_reps 3
# A:(0,1),	A':(0,0.533),	B:(1,0),	B'=(0.533,0),	C:(1,1),	D:(0,0),	E:(0.308,0.308) 
# columns: ix iy x1_0 x2_0 rep x1_inf x2_inf sigma_1 sigma_2 t_relax
5	0	0.624000000000	0.000000000000	1	0.690200000000	0.000000000000	0.010603416074	0.000000000000	46000
5	0	0.624000000000	0.000000000000	2	0.674522000000	0.000000000000	0.010529310632	0.000000000000	14000
5	0	0.624000000000	0.000000000000	3	0.667980000000	0.000000000000	0.008145302078	0.000000000000	76000
5	1	0.624000000000	0.124000000000	1	0.672940000000	0.000000000000	0.011589768019	0.000000000000	166000
5	1	0.624000000000	0.124000000000	2	0.690374000000	0.000000000000	0.010244660906	0.000000000000	64000
5	1	0.624000000000	0.124000000000	3	0.671622000000	0.000000000000	0.015630784927	0.000000000000	82000
5	2	0.624000000000	0.250000000000	1	0.681252000000	0.000000000000	0.010860130682	0.000000000000	30000
5	2	0.624000000000	0.250000000000	2	0.685448000000	0.000000000000	0.012166977083	0.000000000000	38000
5	2	0.624000000000	0.250000000000	3	0.000000000000	0.675556000000	0.000000000000	0.013584233339	100000
5	3	0.624000000000	0.374000000000	1	0.570102000000	0.129074000000	0.023374429618	0.023822385062	6000
5	3	0.624000000000	0.374000000000	2	0.445608000000	0.244492000000	0.017370436611	0.018825098149	24000
5	3	0.624000000000	0.374000000000	3	0.690984000000	0.000000000000	0.016522007164	0.000000000000	46000
5	4	0.624000000000	0.500000000000	1	0.252832000000	0.450068000000	0.013811391332	0.011602499472	400000
5	4	0.624000000000	0.500000000000	2	0.670746000000	0.000000000000	0.012195253511	0.000000000000	88000
5	4	0.624000000000	0.500000000000	3	0.687168000000	0.000000000000	0.010086104575	0.000000000000	84000
5	5	0.624000000000	0.624000000000	1	0.676902000000	0.000000000000	0.008656635220	0.000000000000	82000
5	5	0.624000000000	0.624000000000	2	0.691728000000	0.000000000000	0.009719077964	0.000000000000	136000
5	5	0.624000000000	0.624000000000	3	0.674860000000	0.000000000000	0.015494918280	0.000000000000	58000
5	6	0.624000000000	0.750000000000	1	0.436770000000	0.251196000000	0.017512903865	0.014789601628	14000
5	6	0.624000000000	0.750000000000	2	0.000000000000	0.671068000000	0.000000000000	0.012184902455	30000
5	6	0.624000000000	0.750000000000	3	0.678128000000	0.000000000000	0.011363835301	0.000000000000	70000
5	7	0.624000000000	0.874000000000	1	0.681758000000	0.000000000000	0.014046449329	0.000000000000	120000
5	7	0.624000000000	0.874000000000	2	0.692526000000	0.000000000000	0.010430921730	0.000000000000	172000
5	7	0.624000000000	0.874000000000	3	0.000000000000	0.683562000000	0.000000000000	0.015109747200	68000
5	8	0.624000000000	1.000000000000	1	0.000000000000	1.000000000000	0.000000000000	0.000000000000	6000
5	8	0.624000000000	1.000000000000	2	0.000000000000	1.000000000000	0.000000000000	0.000000000000	6000
5	8	0.624000000000	1.000000000000	3	0.000000000000	1.000000000000	0.000000000000	0.000000000000	6000
