# scan initial plane
# b 1.15
# r 0
# e -0.4
# p12 0.21
# ndiv 8
# n_reps 3
# A:(0,1),	A':(0,0.560),	B:(1,0),	B'=(0.560,0),	C:(1,1),	D:(0,0),	E:(0.316,0.316) 
# columns: ix iy x1_0 x2_0 rep x1_inf x2_inf sigma_1 sigma_2 t_relax
0	0	0.000000000000	0.000000000000	1	0.000000000000	0.000000000000	0.000000000000	0.000000000000	4000
0	0	0.000000000000	0.000000000000	2	0.000000000000	0.000000000000	0.000000000000	0.000000000000	4000
0	0	0.000000000000	0.000000000000	3	0.000000000000	0.000000000000	0.000000000000	0.000000000000	4000
0	1	0.000000000000	0.124000000000	1	0.000000000000	0.642850000000	0.000000000000	0.011338874286	70000
0	1	0.000000000000	0.124000000000	2	0.000000000000	0.634508000000	0.000000000000	0.010824190459	6000
0	1	0.000000000000	0.124000000000	3	0.000000000000	0.641526000000	0.000000000000	0.009444390956	30000
0	2	0.000000000000	0.250000000000	1	0.000000000000	0.647872000000	0.000000000000	0.011886669378	8000
0	2	0.000000000000	0.250000000000	2	0.000000000000	0.632294000000	0.000000000000	0.014686499149	14000
0	2	0.000000000000	0.250000000000	3	0.000000000000	0.651668000000	0.000000000000	0.012065958866	6000
0	3	0.000000000000	0.374000000000	1	0.000000000000	0.623140000000	0.000000000000	0.011474147291	28000
0	3	0.000000000000	0.374000000000	2	0.000000000000	0.641246000000	0.000000000000	0.010922764796	60000
0	3	0.000000000000	0.374000000000	3	0.000000000000	0.634156000000	0.000000000000	0.013002797266	44000
0	4	0.000000000000	0.500000000000	1	0.000000000000	0.633182000000	0.000000000000	0.012088383060	80000
0	4	0.000000000000	0.500000000000	2	0.000000000000	0.642790000000	0.000000000000	0.010551741053	18000
0	4	0.000000000000	0.500000000000	3	0.000000000000	0.626396000000	0.000000000000	0.011638326110	4000
0	5	0.000000000000	0.624000000000	1	0.000000000000	0.640262000000	0.000000000000	0.011136039124	6000
0	5	0.000000000000	0.624000000000	2	0.000000000000	0.644056000000	0.000000000000	0.011205106801	34000
0	5	0.000000000000	0.624000000000	3	0.000000000000	0.637298000000	0.000000000000	0.012314497263	50000
0	6	0.000000000000	0.750000000000	1	0.000000000000	0.650340000000	0.000000000000	0.012040488918	28000
0	6	0.000000000000	0.750000000000	2	0.000000000000	0.656814000000	0.000000000000	0.012021560711	32000
0	6	0.000000000000	0.750000000000	3	0.000000000000	0.655582000000	0.000000000000	0.011152472984	20000
0	7	0.000000000000	0.874000000000	1	0.000000000000	0.630422000000	0.000000000000	0.012521929353	52000
0	7	0.000000000000	0.874000000000	2	0.000000000000	0.629396000000	0.000000000000	0.011211462031	22000
0	7	0.000000000000	0.874000000000	3	0.000000000000	0.633710000000	0.000000000000	0.010233309368	24000
0	8	0.000000000000	1.000000000000	1	0.000000000000	1.000000000000	0.000000000000	0.000000000000	4000
0	8	0.000000000000	1.000000000000	2	0.000000000000	1.000000000000	0.000000000000	0.000000000000	4000
0	8	0.000000000000	1.000000000000	3	0.000000000000	1.000000000000	0.000000000000	0.000000000000	4000
