# scan initial plane
# b 1.15
# r 0
# e -0.4
# p12 0.3
# ndiv 8
# n_reps 3
# A:(0,1),	A':(0,0.800),	B:(1,0),	B'=(0.800,0),	C:(1,1),	D:(0,0),	E:(0.381,0.381) 
# columns: ix iy x1_0 x2_0 rep x1_inf x2_inf sigma_1 sigma_2 t_relax
1	0	0.124000000000	0.000000000000	1	0.978512000000	0.000000000000	0.005109595284	0.000000000000	14000
1	0	0.124000000000	0.000000000000	2	1.000000000000	0.000000000000	0.000000000000	0.000000000000	32000
1	0	0.124000000000	0.000000000000	3	0.953938000000	0.000000000000	0.008348284246	0.000000000000	8000
1	1	0.124000000000	0.124000000000	1	1.000000000000	0.000000000000	0.000000000000	0.000000000000	20000
1	1	0.124000000000	0.124000000000	2	0.933300000000	0.000000000000	0.007001072419	0.000000000000	8000
1	1	0.124000000000	0.124000000000	3	0.000000000000	0.936040000000	0.000000000000	0.005820676961	44000
1	2	0.124000000000	0.250000000000	1	0.000000000000	0.945138000000	0.000000000000	0.007226145112	142000
1	2	0.124000000000	0.250000000000	2	0.000000000000	0.953514000000	0.000000000000	0.006917778521	52000
1	2	0.124000000000	0.250000000000	3	0.000000000000	0.950614000000	0.000000000000	0.009338640919	40000
1	3	0.124000000000	0.374000000000	1	0.000000000000	0.984354000000	0.000000000000	0.006399346501	14000
1	3	0.124000000000	0.374000000000	2	0.000000000000	0.964184000000	0.000000000000	0.004552237567	78000
1	3	0.124000000000	0.374000000000	3	0.000000000000	1.000000000000	0.000000000000	0.000000000000	22000
1	4	0.124000000000	0.500000000000	1	0.000000000000	1.000000000000	0.000000000000	0.000000000000	36000
1	4	0.124000000000	0.500000000000	2	0.000000000000	1.000000000000	0.000000000000	0.000000000000	22000
1	4	0.124000000000	0.500000000000	3	0.000000000000	1.000000000000	0.000000000000	0.000000000000	18000
1	5	0.124000000000	0.624000000000	1	0.000000000000	0.959850000000	0.000000000000	0.006624302332	36000
1	5	0.124000000000	0.624000000000	2	0.000000000000	0.957644000000	0.000000000000	0.004472725038	6000
1	5	0.124000000000	0.624000000000	3	0.000000000000	1.000000000000	0.000000000000	0.000000000000	32000
1	6	0.124000000000	0.750000000000	1	0.000000000000	0.935528000000	0.000000000000	0.007275585897	24000
1	6	0.124000000000	0.750000000000	2	0.000000000000	0.979626000000	0.000000000000	0.005487279311	6000
1	6	0.124000000000	0.750000000000	3	0.000000000000	1.000000000000	0.000000000000	0.000000000000	18000
1	7	0.124000000000	0.874000000000	1	0.000000000000	1.000000000000	0.000000000000	0.000000000000	14000
1	7	0.124000000000	0.874000000000	2	0.000000000000	1.000000000000	0.000000000000	0.000000000000	18000
1	7	0.124000000000	0.874000000000	3	0.000000000000	1.000000000000	0.000000000000	0.000000000000	8000
1	8	0.124000000000	1.000000000000	1	0.000000000000	1.000000000000	0.000000000000	0.000000000000	6000
1	8	0.124000000000	1.000000000000	2	0.000000000000	1.000000000000	0.000000000000	0.000000000000	6000
1	8	0.124000000000	1.000000000000	3	0.000000000000	1.000000000000	0.000000000000	0.000000000000	6000
