# scan initial plane
# b 1.2
# r 0
# e -0.4
# p12 0.3
# ndiv 10
# n_reps 5
# A:(0,1),	A':(0,0.600),	B:(1,0),	B'=(0.600,0),	C:(1,1),	D:(0,0),	E:(0.316,0.316) 
# columns: ix iy x1_0 x2_0 rep x1_inf x2_inf sigma_1 sigma_2 t_relax
5	0	0.500000000000	0.000000000000	1	0.515380000000	0.000000000000	0.030551415499	0.000000000000	30000
5	0	0.500000000000	0.000000000000	2	0.509670000000	0.000000000000	0.023339576599	0.000000000000	18000
5	0	0.500000000000	0.000000000000	3	0.523360000000	0.000000000000	0.029075002249	0.000000000000	6000
5	0	0.500000000000	0.000000000000	4	0.501710000000	0.000000000000	0.023480358328	0.000000000000	14000
5	0	0.500000000000	0.000000000000	5	0.520260000000	0.000000000000	0.023325446973	0.000000000000	16000
5	1	0.500000000000	0.100000000000	1	0.525570000000	0.000000000000	0.024150742398	0.000000000000	32000
5	1	0.500000000000	0.100000000000	2	0.518570000000	0.000000000000	0.022551356138	0.000000000000	38000
5	1	0.500000000000	0.100000000000	3	0.518870000000	0.000000000000	0.023752626956	0.000000000000	10000
5	1	0.500000000000	0.100000000000	4	0.519650000000	0.000000000000	0.024955967228	0.000000000000	50000
5	1	0.500000000000	0.100000000000	5	0.000000000000	0.542750000000	0.000000000000	0.030624751026	16000
5	2	0.500000000000	0.200000000000	1	0.508000000000	0.000000000000	0.024429424815	0.000000000000	10000
5	2	0.500000000000	0.200000000000	2	0.512240000000	0.000000000000	0.024527209054	0.000000000000	12000
5	2	0.500000000000	0.200000000000	3	0.000000000000	0.536170000000	0.000000000000	0.023318981000	28000
5	2	0.500000000000	0.200000000000	4	0.000000000000	0.524730000000	0.000000000000	0.023428102270	20000
5	2	0.500000000000	0.200000000000	5	0.503140000000	0.000000000000	0.025067284830	0.000000000000	24000
5	3	0.500000000000	0.300000000000	1	0.000000000000	0.516940000000	0.000000000000	0.025676753995	14000
5	3	0.500000000000	0.300000000000	2	0.000000000000	0.536090000000	0.000000000000	0.022780053354	12000
5	3	0.500000000000	0.300000000000	3	0.519520000000	0.000000000000	0.026119951222	0.000000000000	22000
5	3	0.500000000000	0.300000000000	4	0.524520000000	0.000000000000	0.032585755039	0.000000000000	10000
5	3	0.500000000000	0.300000000000	5	0.000000000000	0.508390000000	0.000000000000	0.030411062670	28000
5	4	0.500000000000	0.400000000000	1	0.530180000000	0.000000000000	0.024971807928	0.000000000000	44000
5	4	0.500000000000	0.400000000000	2	0.519250000000	0.000000000000	0.024705219041	0.000000000000	18000
5	4	0.500000000000	0.400000000000	3	0.000000000000	0.528820000000	0.000000000000	0.024662031867	20000
5	4	0.500000000000	0.400000000000	4	0.000000000000	0.502520000000	0.000000000000	0.024422244902	20000
5	4	0.500000000000	0.400000000000	5	0.000000000000	0.513000000000	0.000000000000	0.027017215436	22000
5	5	0.500000000000	0.500000000000	1	0.000000000000	0.508040000000	0.000000000000	0.029722749567	8000
5	5	0.500000000000	0.500000000000	2	0.520590000000	0.000000000000	0.027776310472	0.000000000000	22000
5	5	0.500000000000	0.500000000000	3	0.510260000000	0.000000000000	0.026912016956	0.000000000000	26000
5	5	0.500000000000	0.500000000000	4	0.523460000000	0.000000000000	0.029669996776	0.000000000000	50000
5	5	0.500000000000	0.500000000000	5	0.514670000000	0.000000000000	0.018901014479	0.000000000000	16000
5	6	0.500000000000	0.600000000000	1	0.000000000000	0.522940000000	0.000000000000	0.030775046767	22000
5	6	0.500000000000	0.600000000000	2	0.528540000000	0.000000000000	0.025650074587	0.000000000000	8000
5	6	0.500000000000	0.600000000000	3	0.000000000000	0.530320000000	0.000000000000	0.027346762979	34000
5	6	0.500000000000	0.600000000000	4	0.509790000000	0.000000000000	0.030022612432	0.000000000000	16000
5	6	0.500000000000	0.600000000000	5	0.523250000000	0.000000000000	0.026545096386	0.000000000000	44000
5	7	0.500000000000	0.700000000000	1	0.523870000000	0.000000000000	0.030595083905	0.000000000000	24000
5	7	0.500000000000	0.700000000000	2	0.000000000000	0.529350000000	0.000000000000	0.029992950456	16000
5	7	0.500000000000	0.700000000000	3	0.526680000000	0.000000000000	0.025409116931	0.000000000000	22000
5	7	0.500000000000	0.700000000000	4	0.000000000000	0.549950000000	0.000000000000	0.023457360204	12000
5	7	0.500000000000	0.700000000000	5	0.000000000000	0.530960000000	0.000000000000	0.026125867659	26000
5	8	0.500000000000	0.800000000000	1	0.000000000000	0.538150000000	0.000000000000	0.026513779068	32000
5	8	0.500000000000	0.800000000000	2	0.000000000000	0.539920000000	0.000000000000	0.030827649017	8000
5	8	0.500000000000	0.800000000000	3	0.000000000000	0.541890000000	0.000000000000	0.030910894251	8000
5	8	0.500000000000	0.800000000000	4	0.000000000000	0.516310000000	0.000000000000	0.024720335657	46000
5	8	0.500000000000	0.800000000000	5	0.000000000000	0.496910000000	0.000000000000	0.022936389820	8000
5	9	0.500000000000	0.900000000000	1	0.000000000000	0.526530000000	0.000000000000	0.028503886955	12000
5	9	0.500000000000	0.900000000000	2	0.000000000000	0.534400000000	0.000000000000	0.020318780791	30000
5	9	0.500000000000	0.900000000000	3	0.000000000000	0.535910000000	0.000000000000	0.021973956284	38000
5	9	0.500000000000	0.900000000000	4	0.000000000000	0.541790000000	0.000000000000	0.036650227000	6000
5	9	0.500000000000	0.900000000000	5	0.000000000000	0.518080000000	0.000000000000	0.023402163602	16000
5	10	0.500000000000	1.000000000000	1	0.000000000000	1.000000000000	0.000000000000	0.000000000000	6000
5	10	0.500000000000	1.000000000000	2	0.000000000000	1.000000000000	0.000000000000	0.000000000000	6000
5	10	0.500000000000	1.000000000000	3	0.000000000000	1.000000000000	0.000000000000	0.000000000000	6000
5	10	0.500000000000	1.000000000000	4	0.000000000000	1.000000000000	0.000000000000	0.000000000000	6000
5	10	0.500000000000	1.000000000000	5	0.000000000000	1.000000000000	0.000000000000	0.000000000000	6000
