# scan initial plane
# b 1.2
# r 0
# e -0.4
# p12 0.3
# ndiv 10
# n_reps 5
# A:(0,1),	A':(0,0.600),	B:(1,0),	B'=(0.600,0),	C:(1,1),	D:(0,0),	E:(0.316,0.316) 
# columns: ix iy x1_0 x2_0 rep x1_inf x2_inf sigma_1 sigma_2 t_relax
8	0	0.800000000000	0.000000000000	1	0.511180000000	0.000000000000	0.027323143197	0.000000000000	18000
8	0	0.800000000000	0.000000000000	2	0.527700000000	0.000000000000	0.024833983304	0.000000000000	14000
8	0	0.800000000000	0.000000000000	3	0.528450000000	0.000000000000	0.027019021587	0.000000000000	14000
8	0	0.800000000000	0.000000000000	4	0.530360000000	0.000000000000	0.024357004407	0.000000000000	8000
8	0	0.800000000000	0.000000000000	5	0.522660000000	0.000000000000	0.028634670320	0.000000000000	16000
8	1	0.800000000000	0.100000000000	1	0.524260000000	0.000000000000	0.023494773981	0.000000000000	34000
8	1	0.800000000000	0.100000000000	2	0.498330000000	0.000000000000	0.020261333165	0.000000000000	16000
8	1	0.800000000000	0.100000000000	3	0.511340000000	0.000000000000	0.024755145268	0.000000000000	8000
8	1	0.800000000000	0.100000000000	4	0.533570000000	0.000000000000	0.022127917768	0.000000000000	8000
8	1	0.800000000000	0.100000000000	5	0.519600000000	0.000000000000	0.030886793197	0.000000000000	6000
8	2	0.800000000000	0.200000000000	1	0.513760000000	0.000000000000	0.024606256681	0.000000000000	20000
8	2	0.800000000000	0.200000000000	2	0.515400000000	0.000000000000	0.033507652302	0.000000000000	20000
8	2	0.800000000000	0.200000000000	3	0.506860000000	0.000000000000	0.022366060016	0.000000000000	44000
8	2	0.800000000000	0.200000000000	4	0.522560000000	0.000000000000	0.027121614664	0.000000000000	18000
8	2	0.800000000000	0.200000000000	5	0.503000000000	0.000000000000	0.036198208662	0.000000000000	48000
8	3	0.800000000000	0.300000000000	1	0.522930000000	0.000000000000	0.024998800772	0.000000000000	12000
8	3	0.800000000000	0.300000000000	2	0.518360000000	0.000000000000	0.030653711848	0.000000000000	8000
8	3	0.800000000000	0.300000000000	3	0.529040000000	0.000000000000	0.030272013392	0.000000000000	14000
8	3	0.800000000000	0.300000000000	4	0.511040000000	0.000000000000	0.025344836965	0.000000000000	28000
8	3	0.800000000000	0.300000000000	5	0.000000000000	0.506320000000	0.000000000000	0.028897970391	22000
8	4	0.800000000000	0.400000000000	1	0.000000000000	0.540400000000	0.000000000000	0.025093219596	32000
8	4	0.800000000000	0.400000000000	2	0.526460000000	0.000000000000	0.025696862235	0.000000000000	22000
8	4	0.800000000000	0.400000000000	3	0.000000000000	0.521080000000	0.000000000000	0.025520283793	26000
8	4	0.800000000000	0.400000000000	4	0.138650000000	0.410610000000	0.049405651685	0.044018922812	8000
8	4	0.800000000000	0.400000000000	5	0.537380000000	0.000000000000	0.024999211199	0.000000000000	30000
8	5	0.800000000000	0.500000000000	1	0.000000000000	0.521780000000	0.000000000000	0.031746487041	24000
8	5	0.800000000000	0.500000000000	2	0.522580000000	0.000000000000	0.023814086393	0.000000000000	6000
8	5	0.800000000000	0.500000000000	3	0.000000000000	0.531270000000	0.000000000000	0.028995306997	30000
8	5	0.800000000000	0.500000000000	4	0.523500000000	0.000000000000	0.026639438051	0.000000000000	18000
8	5	0.800000000000	0.500000000000	5	0.521030000000	0.000000000000	0.026433649726	0.000000000000	20000
8	6	0.800000000000	0.600000000000	1	0.000000000000	0.541120000000	0.000000000000	0.024923217424	24000
8	6	0.800000000000	0.600000000000	2	0.530310000000	0.000000000000	0.024515401382	0.000000000000	22000
8	6	0.800000000000	0.600000000000	3	0.505390000000	0.000000000000	0.024638485241	0.000000000000	26000
8	6	0.800000000000	0.600000000000	4	0.524970000000	0.000000000000	0.028806751447	0.000000000000	28000
8	6	0.800000000000	0.600000000000	5	0.000000000000	0.544550000000	0.000000000000	0.032946668769	50000
8	7	0.800000000000	0.700000000000	1	0.000000000000	0.506090000000	0.000000000000	0.031266427514	20000
8	7	0.800000000000	0.700000000000	2	0.000000000000	0.507230000000	0.000000000000	0.023007747748	10000
8	7	0.800000000000	0.700000000000	3	0.523370000000	0.000000000000	0.027930686050	0.000000000000	10000
8	7	0.800000000000	0.700000000000	4	0.000000000000	0.515580000000	0.000000000000	0.024054983730	50000
8	7	0.800000000000	0.700000000000	5	0.000000000000	0.528440000000	0.000000000000	0.026436059942	14000
8	8	0.800000000000	0.800000000000	1	0.000000000000	0.495310000000	0.000000000000	0.021179056930	16000
8	8	0.800000000000	0.800000000000	2	0.000000000000	0.522790000000	0.000000000000	0.029846385153	36000
8	8	0.800000000000	0.800000000000	3	0.517710000000	0.000000000000	0.025001619567	0.000000000000	20000
8	8	0.800000000000	0.800000000000	4	0.000000000000	0.520490000000	0.000000000000	0.026327800004	30000
8	8	0.800000000000	0.800000000000	5	0.000000000000	0.517830000000	0.000000000000	0.023335287348	18000
8	9	0.800000000000	0.900000000000	1	0.000000000000	0.521350000000	0.000000000000	0.023900810630	10000
8	9	0.800000000000	0.900000000000	2	0.000000000000	0.513200000000	0.000000000000	0.030160730589	42000
8	9	0.800000000000	0.900000000000	3	0.000000000000	0.491310000000	0.000000000000	0.024657491598	14000
8	9	0.800000000000	0.900000000000	4	0.000000000000	0.517980000000	0.000000000000	0.025922800612	50000
8	9	0.800000000000	0.900000000000	5	0.522430000000	0.000000000000	0.028390158525	0.000000000000	44000
8	10	0.800000000000	1.000000000000	1	0.000000000000	1.000000000000	0.000000000000	0.000000000000	6000
8	10	0.800000000000	1.000000000000	2	0.000000000000	1.000000000000	0.000000000000	0.000000000000	6000
8	10	0.800000000000	1.000000000000	3	0.000000000000	1.000000000000	0.000000000000	0.000000000000	6000
8	10	0.800000000000	1.000000000000	4	0.000000000000	1.000000000000	0.000000000000	0.000000000000	6000
8	10	0.800000000000	1.000000000000	5	0.000000000000	1.000000000000	0.000000000000	0.000000000000	6000
