# scan initial plane
# b 1.15
# r 0
# e -0.4
# p12 0.24
# ndiv 8
# n_reps 3
# A:(0,1),	A':(0,0.640),	B:(1,0),	B'=(0.640,0),	C:(1,1),	D:(0,0),	E:(0.340,0.340) 
# columns: ix iy x1_0 x2_0 rep x1_inf x2_inf sigma_1 sigma_2 t_relax
6	0	0.750000000000	0.000000000000	1	0.732114000000	0.000000000000	0.010339918661	0.000000000000	14000
6	0	0.750000000000	0.000000000000	2	0.730948000000	0.000000000000	0.012165249249	0.000000000000	78000
6	0	0.750000000000	0.000000000000	3	0.746874000000	0.000000000000	0.009534097913	0.000000000000	8000
6	1	0.750000000000	0.124000000000	1	0.728756000000	0.000000000000	0.013599316358	0.000000000000	104000
6	1	0.750000000000	0.124000000000	2	0.734746000000	0.000000000000	0.012217231468	0.000000000000	66000
6	1	0.750000000000	0.124000000000	3	0.742936000000	0.000000000000	0.014227520034	0.000000000000	16000
6	2	0.750000000000	0.250000000000	1	0.736764000000	0.000000000000	0.011631663664	0.000000000000	78000
6	2	0.750000000000	0.250000000000	2	0.738240000000	0.000000000000	0.010359619767	0.000000000000	16000
6	2	0.750000000000	0.250000000000	3	0.733418000000	0.000000000000	0.008628541460	0.000000000000	18000
6	3	0.750000000000	0.374000000000	1	0.733890000000	0.000000000000	0.008917366171	0.000000000000	26000
6	3	0.750000000000	0.374000000000	2	0.745854000000	0.000000000000	0.010786799295	0.000000000000	56000
6	3	0.750000000000	0.374000000000	3	0.722980000000	0.000000000000	0.008030447565	0.000000000000	38000
6	4	0.750000000000	0.500000000000	1	0.734864000000	0.000000000000	0.010005279087	0.000000000000	48000
6	4	0.750000000000	0.500000000000	2	0.742526000000	0.000000000000	0.010447797877	0.000000000000	52000
6	4	0.750000000000	0.500000000000	3	0.746778000000	0.000000000000	0.012156417832	0.000000000000	48000
6	5	0.750000000000	0.624000000000	1	0.739126000000	0.000000000000	0.013495415898	0.000000000000	22000
6	5	0.750000000000	0.624000000000	2	0.738288000000	0.000000000000	0.011403819672	0.000000000000	12000
6	5	0.750000000000	0.624000000000	3	0.738090000000	0.000000000000	0.012792793110	0.000000000000	42000
6	6	0.750000000000	0.750000000000	1	0.739040000000	0.000000000000	0.011539651796	0.000000000000	72000
6	6	0.750000000000	0.750000000000	2	0.000000000000	0.728140000000	0.000000000000	0.009711164024	16000
6	6	0.750000000000	0.750000000000	3	0.746934000000	0.000000000000	0.012811861215	0.000000000000	40000
6	7	0.750000000000	0.874000000000	1	0.000000000000	0.726870000000	0.000000000000	0.010294516845	32000
6	7	0.750000000000	0.874000000000	2	0.000000000000	0.736200000000	0.000000000000	0.009923027082	100000
6	7	0.750000000000	0.874000000000	3	0.000000000000	0.736056000000	0.000000000000	0.011281672755	26000
6	8	0.750000000000	1.000000000000	1	0.000000000000	1.000000000000	0.000000000000	0.000000000000	6000
6	8	0.750000000000	1.000000000000	2	0.000000000000	1.000000000000	0.000000000000	0.000000000000	6000
6	8	0.750000000000	1.000000000000	3	0.000000000000	1.000000000000	0.000000000000	0.000000000000	6000
