# scan initial plane
# b 1.15
# r 0
# e -0.4
# p12 0.24
# ndiv 8
# n_reps 3
# A:(0,1),	A':(0,0.640),	B:(1,0),	B'=(0.640,0),	C:(1,1),	D:(0,0),	E:(0.340,0.340) 
# columns: ix iy x1_0 x2_0 rep x1_inf x2_inf sigma_1 sigma_2 t_relax
1	0	0.124000000000	0.000000000000	1	0.725018000000	0.000000000000	0.009360731772	0.000000000000	18000
1	0	0.124000000000	0.000000000000	2	0.721956000000	0.000000000000	0.009687306535	0.000000000000	8000
1	0	0.124000000000	0.000000000000	3	0.729278000000	0.000000000000	0.011770695190	0.000000000000	8000
1	1	0.124000000000	0.124000000000	1	0.739522000000	0.000000000000	0.015662337783	0.000000000000	144000
1	1	0.124000000000	0.124000000000	2	0.734634000000	0.000000000000	0.009433718198	0.000000000000	50000
1	1	0.124000000000	0.124000000000	3	0.000000000000	0.725320000000	0.000000000000	0.011916694492	42000
1	2	0.124000000000	0.250000000000	1	0.718180000000	0.000000000000	0.010939070494	0.000000000000	56000
1	2	0.124000000000	0.250000000000	2	0.000000000000	0.726740000000	0.000000000000	0.010945876494	82000
1	2	0.124000000000	0.250000000000	3	0.000000000000	0.727940000000	0.000000000000	0.014490768868	16000
1	3	0.124000000000	0.374000000000	1	0.000000000000	0.730956000000	0.000000000000	0.012034570823	32000
1	3	0.124000000000	0.374000000000	2	0.000000000000	0.743912000000	0.000000000000	0.012627894509	20000
1	3	0.124000000000	0.374000000000	3	0.000000000000	0.743706000000	0.000000000000	0.011704638506	32000
1	4	0.124000000000	0.500000000000	1	0.000000000000	0.732488000000	0.000000000000	0.013185739256	18000
1	4	0.124000000000	0.500000000000	2	0.000000000000	0.734930000000	0.000000000000	0.010459469418	12000
1	4	0.124000000000	0.500000000000	3	0.000000000000	0.736718000000	0.000000000000	0.012782326231	8000
1	5	0.124000000000	0.624000000000	1	0.000000000000	0.725196000000	0.000000000000	0.009503046453	20000
1	5	0.124000000000	0.624000000000	2	0.000000000000	0.724034000000	0.000000000000	0.013729068844	10000
1	5	0.124000000000	0.624000000000	3	0.000000000000	0.731544000000	0.000000000000	0.010616250222	30000
1	6	0.124000000000	0.750000000000	1	0.000000000000	0.738618000000	0.000000000000	0.009028820277	34000
1	6	0.124000000000	0.750000000000	2	0.000000000000	0.737854000000	0.000000000000	0.010244981388	24000
1	6	0.124000000000	0.750000000000	3	0.000000000000	0.721180000000	0.000000000000	0.012306707726	16000
1	7	0.124000000000	0.874000000000	1	0.000000000000	0.730710000000	0.000000000000	0.009320663859	98000
1	7	0.124000000000	0.874000000000	2	0.000000000000	0.724198000000	0.000000000000	0.014577286898	16000
1	7	0.124000000000	0.874000000000	3	0.000000000000	0.720964000000	0.000000000000	0.012160698442	16000
1	8	0.124000000000	1.000000000000	1	0.000000000000	1.000000000000	0.000000000000	0.000000000000	6000
1	8	0.124000000000	1.000000000000	2	0.000000000000	1.000000000000	0.000000000000	0.000000000000	6000
1	8	0.124000000000	1.000000000000	3	0.000000000000	1.000000000000	0.000000000000	0.000000000000	6000
