# scan initial plane
# b 1.174
# r 0
# e -0.4
# N1 125
# N2 125
# P11 0.9
# p12 0.3
# P22 0.9
# T_MCS 1000
# T_MAX 30000
# W 2000
# UPDATE_RULE 0
# FERMI_BETA 1
# DEGREE_ALPHA 0.5
# DEGREE_FACTOR_MIN 0.5
# DEGREE_FACTOR_MAX 2
# ndiv 10
# n_reps 5
# A:(0,1),	A':(0,0.690),	B:(1,0),	B'=(0.690,0),	C:(1,1),	D:(0,0),	E:(0.347,0.347) 
# columns: ix iy x1_0 x2_0 rep x1_inf x2_inf sigma_1 sigma_2 t_relax
6	0	0.600000000000	0.000000000000	1	0.669528000000	0.000000000000	0.023864172198	0.000000000000	30000
6	0	0.600000000000	0.000000000000	2	0.655000000000	0.000000000000	0.018007005644	0.000000000000	24000
6	0	0.600000000000	0.000000000000	3	0.664160000000	0.000000000000	0.028742730290	0.000000000000	26000
6	0	0.600000000000	0.000000000000	4	0.640728000000	0.000000000000	0.025768314303	0.000000000000	24000
6	0	0.600000000000	0.000000000000	5	0.646232000000	0.000000000000	0.022488483895	0.000000000000	6000
6	1	0.600000000000	0.096000000000	1	0.697264000000	0.000000000000	0.025011755074	0.000000000000	6000
6	1	0.600000000000	0.096000000000	2	0.671888000000	0.000000000000	0.027316765212	0.000000000000	28000
6	1	0.600000000000	0.096000000000	3	0.678568000000	0.000000000000	0.026373109732	0.000000000000	30000
6	1	0.600000000000	0.096000000000	4	0.672664000000	0.000000000000	0.021360509717	0.000000000000	30000
6	1	0.600000000000	0.096000000000	5	0.671616000000	0.000000000000	0.030924567465	0.000000000000	18000
6	2	0.600000000000	0.200000000000	1	0.663184000000	0.000000000000	0.017886029578	0.000000000000	6000
6	2	0.600000000000	0.200000000000	2	0.664328000000	0.000000000000	0.024305455585	0.000000000000	14000
6	2	0.600000000000	0.200000000000	3	0.690960000000	0.000000000000	0.019750759289	0.000000000000	18000
6	2	0.600000000000	0.200000000000	4	0.680120000000	0.000000000000	0.023437895275	0.000000000000	8000
6	2	0.600000000000	0.200000000000	5	0.666736000000	0.000000000000	0.018885098648	0.000000000000	30000
6	3	0.600000000000	0.296000000000	1	0.645024000000	0.000000000000	0.018450253002	0.000000000000	26000
6	3	0.600000000000	0.296000000000	2	0.658504000000	0.000000000000	0.033798347775	0.000000000000	30000
6	3	0.600000000000	0.296000000000	3	0.671008000000	0.000000000000	0.022864880029	0.000000000000	10000
6	3	0.600000000000	0.296000000000	4	0.658384000000	0.000000000000	0.024663755692	0.000000000000	30000
6	3	0.600000000000	0.296000000000	5	0.675048000000	0.000000000000	0.020565520578	0.000000000000	24000
6	4	0.600000000000	0.400000000000	1	0.655432000000	0.000000000000	0.019388793188	0.000000000000	10000
6	4	0.600000000000	0.400000000000	2	0.000000000000	0.638544000000	0.000000000000	0.023983813026	10000
6	4	0.600000000000	0.400000000000	3	0.664992000000	0.000000000000	0.020033403936	0.000000000000	6000
6	4	0.600000000000	0.400000000000	4	0.000000000000	0.659168000000	0.000000000000	0.017946081406	16000
6	4	0.600000000000	0.400000000000	5	0.681976000000	0.000000000000	0.026046839767	0.000000000000	8000
6	5	0.600000000000	0.496000000000	1	0.668216000000	0.000000000000	0.022258139382	0.000000000000	30000
6	5	0.600000000000	0.496000000000	2	0.663128000000	0.000000000000	0.031735764916	0.000000000000	20000
6	5	0.600000000000	0.496000000000	3	0.000000000000	0.666528000000	0.000000000000	0.019055821692	18000
6	5	0.600000000000	0.496000000000	4	0.654456000000	0.000000000000	0.022649703598	0.000000000000	8000
6	5	0.600000000000	0.496000000000	5	0.650376000000	0.000000000000	0.025775861169	0.000000000000	6000
6	6	0.600000000000	0.600000000000	1	0.000000000000	0.644928000000	0.000000000000	0.022940293657	20000
6	6	0.600000000000	0.600000000000	2	0.000000000000	0.641032000000	0.000000000000	0.021420780234	30000
6	6	0.600000000000	0.600000000000	3	0.652992000000	0.000000000000	0.022124407911	0.000000000000	6000
6	6	0.600000000000	0.600000000000	4	0.650392000000	0.000000000000	0.020320710304	0.000000000000	30000
6	6	0.600000000000	0.600000000000	5	0.678968000000	0.000000000000	0.026951462991	0.000000000000	8000
6	7	0.600000000000	0.696000000000	1	0.000000000000	0.640648000000	0.000000000000	0.027310473411	22000
6	7	0.600000000000	0.696000000000	2	0.667328000000	0.000000000000	0.021385737438	0.000000000000	20000
6	7	0.600000000000	0.696000000000	3	0.000000000000	0.664944000000	0.000000000000	0.023167511683	12000
6	7	0.600000000000	0.696000000000	4	0.000000000000	0.645432000000	0.000000000000	0.020403079710	20000
6	7	0.600000000000	0.696000000000	5	0.650976000000	0.000000000000	0.023227633262	0.000000000000	20000
6	8	0.600000000000	0.800000000000	1	0.000000000000	0.654984000000	0.000000000000	0.025258775698	10000
6	8	0.600000000000	0.800000000000	2	0.000000000000	0.663568000000	0.000000000000	0.020244090476	8000
6	8	0.600000000000	0.800000000000	3	0.000000000000	0.653048000000	0.000000000000	0.026880629908	6000
6	8	0.600000000000	0.800000000000	4	0.000000000000	0.653240000000	0.000000000000	0.027459650989	30000
6	8	0.600000000000	0.800000000000	5	0.639880000000	0.000000000000	0.024743602119	0.000000000000	26000
6	9	0.600000000000	0.896000000000	1	0.000000000000	0.644512000000	0.000000000000	0.024724343250	12000
6	9	0.600000000000	0.896000000000	2	0.000000000000	0.661392000000	0.000000000000	0.019852063884	10000
6	9	0.600000000000	0.896000000000	3	0.000000000000	0.674672000000	0.000000000000	0.028450199118	16000
6	9	0.600000000000	0.896000000000	4	0.000000000000	0.660952000000	0.000000000000	0.025076733012	20000
6	9	0.600000000000	0.896000000000	5	0.000000000000	0.654096000000	0.000000000000	0.015087823780	10000
6	10	0.600000000000	1.000000000000	1	0.000000000000	1.000000000000	0.000000000000	0.000000000000	6000
6	10	0.600000000000	1.000000000000	2	0.000000000000	1.000000000000	0.000000000000	0.000000000000	6000
6	10	0.600000000000	1.000000000000	3	0.000000000000	1.000000000000	0.000000000000	0.000000000000	6000
6	10	0.600000000000	1.000000000000	4	0.000000000000	1.000000000000	0.000000000000	0.000000000000	6000
6	10	0.600000000000	1.000000000000	5	0.000000000000	1.000000000000	0.000000000000	0.000000000000	6000
7	0	0.696000000000	0.000000000000	1	0.664728000000	0.000000000000	0.016251711729	0.000000000000	30000
7	0	0.696000000000	0.000000000000	2	0.668616000000	0.000000000000	0.024448359173	0.000000000000	30000
7	0	0.696000000000	0.000000000000	3	0.660320000000	0.000000000000	0.021043679251	0.000000000000	10000
7	0	0.696000000000	0.000000000000	4	0.671760000000	0.000000000000	0.023755983388	0.000000000000	6000
7	0	0.696000000000	0.000000000000	5	0.670296000000	0.000000000000	0.030749990991	0.000000000000	24000
7	1	0.696000000000	0.096000000000	1	0.644496000000	0.000000000000	0.019422131788	0.000000000000	30000
7	1	0.696000000000	0.096000000000	2	0.674144000000	0.000000000000	0.019801094600	0.000000000000	30000
7	1	0.696000000000	0.096000000000	3	0.664552000000	0.000000000000	0.024997923758	0.000000000000	8000
7	1	0.696000000000	0.096000000000	4	0.660768000000	0.000000000000	0.029946936321	0.000000000000	14000
7	1	0.696000000000	0.096000000000	5	0.656792000000	0.000000000000	0.025999090151	0.000000000000	18000
7	2	0.696000000000	0.200000000000	1	0.640224000000	0.000000000000	0.024564878531	0.000000000000	30000
7	2	0.696000000000	0.200000000000	2	0.642784000000	0.000000000000	0.024501789357	0.000000000000	30000
7	2	0.696000000000	0.200000000000	3	0.650440000000	0.000000000000	0.024987332126	0.000000000000	6000
7	2	0.696000000000	0.200000000000	4	0.657016000000	0.000000000000	0.029298227423	0.000000000000	18000
7	2	0.696000000000	0.200000000000	5	0.662800000000	0.000000000000	0.027689107726	0.000000000000	30000
7	3	0.696000000000	0.296000000000	1	0.646272000000	0.000000000000	0.024793481658	0.000000000000	14000
7	3	0.696000000000	0.296000000000	2	0.650464000000	0.000000000000	0.020158548337	0.000000000000	10000
7	3	0.696000000000	0.296000000000	3	0.657144000000	0.000000000000	0.031856083784	0.000000000000	30000
7	3	0.696000000000	0.296000000000	4	0.633104000000	0.000000000000	0.027773955004	0.000000000000	6000
7	3	0.696000000000	0.296000000000	5	0.648632000000	0.000000000000	0.017916740373	0.000000000000	30000
7	4	0.696000000000	0.400000000000	1	0.665864000000	0.000000000000	0.026319312495	0.000000000000	16000
7	4	0.696000000000	0.400000000000	2	0.646496000000	0.000000000000	0.026035357186	0.000000000000	30000
7	4	0.696000000000	0.400000000000	3	0.653800000000	0.000000000000	0.028599474295	0.000000000000	6000
7	4	0.696000000000	0.400000000000	4	0.661328000000	0.000000000000	0.021938042157	0.000000000000	18000
7	4	0.696000000000	0.400000000000	5	0.655104000000	0.000000000000	0.027503338300	0.000000000000	14000
7	5	0.696000000000	0.496000000000	1	0.640824000000	0.000000000000	0.024335843056	0.000000000000	30000
7	5	0.696000000000	0.496000000000	2	0.665440000000	0.000000000000	0.030756208224	0.000000000000	22000
7	5	0.696000000000	0.496000000000	3	0.647872000000	0.000000000000	0.026817285149	0.000000000000	10000
7	5	0.696000000000	0.496000000000	4	0.652648000000	0.000000000000	0.022218049819	0.000000000000	8000
7	5	0.696000000000	0.496000000000	5	0.638240000000	0.000000000000	0.022120029288	0.000000000000	30000
7	6	0.696000000000	0.600000000000	1	0.000000000000	0.648968000000	0.000000000000	0.022190524901	8000
7	6	0.696000000000	0.600000000000	2	0.645248000000	0.000000000000	0.027088157270	0.000000000000	10000
7	6	0.696000000000	0.600000000000	3	0.655208000000	0.000000000000	0.025167720400	0.000000000000	10000
7	6	0.696000000000	0.600000000000	4	0.662056000000	0.000000000000	0.022371082435	0.000000000000	24000
7	6	0.696000000000	0.600000000000	5	0.669160000000	0.000000000000	0.026706246903	0.000000000000	18000
7	7	0.696000000000	0.696000000000	1	0.000000000000	0.677808000000	0.000000000000	0.024225730578	16000
7	7	0.696000000000	0.696000000000	2	0.656792000000	0.000000000000	0.022620619541	0.000000000000	6000
7	7	0.696000000000	0.696000000000	3	0.672424000000	0.000000000000	0.018322334238	0.000000000000	16000
7	7	0.696000000000	0.696000000000	4	0.667584000000	0.000000000000	0.025900459026	0.000000000000	20000
7	7	0.696000000000	0.696000000000	5	0.000000000000	0.660976000000	0.000000000000	0.025478787110	30000
7	8	0.696000000000	0.800000000000	1	0.000000000000	0.659544000000	0.000000000000	0.021923884709	30000
7	8	0.696000000000	0.800000000000	2	0.000000000000	0.668184000000	0.000000000000	0.031282722911	22000
7	8	0.696000000000	0.800000000000	3	0.000000000000	0.638472000000	0.000000000000	0.020572808667	12000
7	8	0.696000000000	0.800000000000	4	0.000000000000	0.654192000000	0.000000000000	0.025751160328	8000
7	8	0.696000000000	0.800000000000	5	0.000000000000	0.668632000000	0.000000000000	0.015959426032	20000
7	9	0.696000000000	0.896000000000	1	0.651192000000	0.000000000000	0.020757697801	0.000000000000	8000
7	9	0.696000000000	0.896000000000	2	0.000000000000	0.668840000000	0.000000000000	0.021739342193	8000
7	9	0.696000000000	0.896000000000	3	0.662400000000	0.000000000000	0.029060153002	0.000000000000	16000
7	9	0.696000000000	0.896000000000	4	0.000000000000	0.658328000000	0.000000000000	0.023616989185	26000
7	9	0.696000000000	0.896000000000	5	0.000000000000	0.646024000000	0.000000000000	0.031536168980	30000
7	10	0.696000000000	1.000000000000	1	0.000000000000	1.000000000000	0.000000000000	0.000000000000	6000
7	10	0.696000000000	1.000000000000	2	0.000000000000	1.000000000000	0.000000000000	0.000000000000	6000
7	10	0.696000000000	1.000000000000	3	0.000000000000	1.000000000000	0.000000000000	0.000000000000	6000
7	10	0.696000000000	1.000000000000	4	0.000000000000	1.000000000000	0.000000000000	0.000000000000	6000
7	10	0.696000000000	1.000000000000	5	0.000000000000	1.000000000000	0.000000000000	0.000000000000	6000
