# scan initial plane
# b 1.174
# r 0
# e -0.4
# N1 125
# N2 125
# P11 0.9
# p12 0.3
# P22 0.9
# T_MCS 1000
# T_MAX 30000
# W 2000
# UPDATE_RULE 0
# FERMI_BETA 1
# DEGREE_ALPHA 0.5
# DEGREE_FACTOR_MIN 0.5
# DEGREE_FACTOR_MAX 2
# ndiv 10
# n_reps 5
# A:(0,1),	A':(0,0.690),	B:(1,0),	B'=(0.690,0),	C:(1,1),	D:(0,0),	E:(0.347,0.347) 
# columns: ix iy x1_0 x2_0 rep x1_inf x2_inf sigma_1 sigma_2 t_relax
4	0	0.400000000000	0.000000000000	1	0.628040000000	0.000000000000	0.020621727756	0.000000000000	20000
4	0	0.400000000000	0.000000000000	2	0.661232000000	0.000000000000	0.025785171146	0.000000000000	30000
4	0	0.400000000000	0.000000000000	3	0.688792000000	0.000000000000	0.021848434500	0.000000000000	24000
4	0	0.400000000000	0.000000000000	4	0.649656000000	0.000000000000	0.020086939766	0.000000000000	30000
4	0	0.400000000000	0.000000000000	5	0.671712000000	0.000000000000	0.025057392700	0.000000000000	6000
4	1	0.400000000000	0.096000000000	1	0.659600000000	0.000000000000	0.024329404430	0.000000000000	6000
4	1	0.400000000000	0.096000000000	2	0.643648000000	0.000000000000	0.023905136510	0.000000000000	10000
4	1	0.400000000000	0.096000000000	3	0.645128000000	0.000000000000	0.027366339407	0.000000000000	30000
4	1	0.400000000000	0.096000000000	4	0.648200000000	0.000000000000	0.020042597279	0.000000000000	8000
4	1	0.400000000000	0.096000000000	5	0.652424000000	0.000000000000	0.020461448993	0.000000000000	30000
4	2	0.400000000000	0.200000000000	1	0.669480000000	0.000000000000	0.020465493799	0.000000000000	10000
4	2	0.400000000000	0.200000000000	2	0.000000000000	0.665128000000	0.000000000000	0.026195377718	30000
4	2	0.400000000000	0.200000000000	3	0.651600000000	0.000000000000	0.030783170785	0.000000000000	30000
4	2	0.400000000000	0.200000000000	4	0.651904000000	0.000000000000	0.025469658174	0.000000000000	10000
4	2	0.400000000000	0.200000000000	5	0.644248000000	0.000000000000	0.019027047184	0.000000000000	8000
4	3	0.400000000000	0.296000000000	1	0.000000000000	0.655016000000	0.000000000000	0.023493993098	12000
4	3	0.400000000000	0.296000000000	2	0.675784000000	0.000000000000	0.020215885487	0.000000000000	16000
4	3	0.400000000000	0.296000000000	3	0.660568000000	0.000000000000	0.020617042427	0.000000000000	30000
4	3	0.400000000000	0.296000000000	4	0.666384000000	0.000000000000	0.017755895241	0.000000000000	20000
4	3	0.400000000000	0.296000000000	5	0.662160000000	0.000000000000	0.031707471734	0.000000000000	24000
4	4	0.400000000000	0.400000000000	1	0.000000000000	0.670840000000	0.000000000000	0.027128700049	6000
4	4	0.400000000000	0.400000000000	2	0.000000000000	0.652088000000	0.000000000000	0.022442457974	28000
4	4	0.400000000000	0.400000000000	3	0.668744000000	0.000000000000	0.021863313300	0.000000000000	12000
4	4	0.400000000000	0.400000000000	4	0.669568000000	0.000000000000	0.020330142417	0.000000000000	30000
4	4	0.400000000000	0.400000000000	5	0.000000000000	0.662400000000	0.000000000000	0.018893516480	20000
4	5	0.400000000000	0.496000000000	1	0.000000000000	0.655296000000	0.000000000000	0.016008518253	8000
4	5	0.400000000000	0.496000000000	2	0.000000000000	0.645408000000	0.000000000000	0.026261210695	20000
4	5	0.400000000000	0.496000000000	3	0.648208000000	0.000000000000	0.023710396853	0.000000000000	16000
4	5	0.400000000000	0.496000000000	4	0.000000000000	0.645744000000	0.000000000000	0.025319074223	30000
4	5	0.400000000000	0.496000000000	5	0.000000000000	0.661520000000	0.000000000000	0.019362244098	16000
4	6	0.400000000000	0.600000000000	1	0.000000000000	0.658184000000	0.000000000000	0.020208278465	16000
4	6	0.400000000000	0.600000000000	2	0.000000000000	0.654656000000	0.000000000000	0.029618895032	24000
4	6	0.400000000000	0.600000000000	3	0.000000000000	0.639352000000	0.000000000000	0.026404038882	20000
4	6	0.400000000000	0.600000000000	4	0.000000000000	0.656120000000	0.000000000000	0.021186846922	30000
4	6	0.400000000000	0.600000000000	5	0.000000000000	0.658104000000	0.000000000000	0.020726861479	30000
4	7	0.400000000000	0.696000000000	1	0.000000000000	0.644448000000	0.000000000000	0.021886029660	30000
4	7	0.400000000000	0.696000000000	2	0.000000000000	0.651392000000	0.000000000000	0.025156294941	10000
4	7	0.400000000000	0.696000000000	3	0.000000000000	0.642976000000	0.000000000000	0.022629704539	10000
4	7	0.400000000000	0.696000000000	4	0.000000000000	0.671112000000	0.000000000000	0.024365161955	10000
4	7	0.400000000000	0.696000000000	5	0.000000000000	0.638528000000	0.000000000000	0.021835154911	30000
4	8	0.400000000000	0.800000000000	1	0.000000000000	0.662464000000	0.000000000000	0.021466753959	30000
4	8	0.400000000000	0.800000000000	2	0.000000000000	0.663272000000	0.000000000000	0.030761539108	30000
4	8	0.400000000000	0.800000000000	3	0.000000000000	0.662592000000	0.000000000000	0.017791629439	8000
4	8	0.400000000000	0.800000000000	4	0.000000000000	0.662008000000	0.000000000000	0.023096783269	18000
4	8	0.400000000000	0.800000000000	5	0.000000000000	0.638928000000	0.000000000000	0.021206898607	30000
4	9	0.400000000000	0.896000000000	1	0.000000000000	0.653040000000	0.000000000000	0.021123745232	24000
4	9	0.400000000000	0.896000000000	2	0.000000000000	0.648080000000	0.000000000000	0.020874801972	22000
4	9	0.400000000000	0.896000000000	3	0.000000000000	0.661648000000	0.000000000000	0.018960474561	22000
4	9	0.400000000000	0.896000000000	4	0.000000000000	0.649856000000	0.000000000000	0.018998637115	12000
4	9	0.400000000000	0.896000000000	5	0.000000000000	0.645632000000	0.000000000000	0.024201203984	14000
4	10	0.400000000000	1.000000000000	1	0.000000000000	1.000000000000	0.000000000000	0.000000000000	6000
4	10	0.400000000000	1.000000000000	2	0.000000000000	1.000000000000	0.000000000000	0.000000000000	6000
4	10	0.400000000000	1.000000000000	3	0.000000000000	1.000000000000	0.000000000000	0.000000000000	6000
4	10	0.400000000000	1.000000000000	4	0.000000000000	1.000000000000	0.000000000000	0.000000000000	6000
4	10	0.400000000000	1.000000000000	5	0.000000000000	1.000000000000	0.000000000000	0.000000000000	6000
5	0	0.496000000000	0.000000000000	1	0.690952000000	0.000000000000	0.022503691078	0.000000000000	4000
5	0	0.496000000000	0.000000000000	2	0.646024000000	0.000000000000	0.027062516583	0.000000000000	30000
5	0	0.496000000000	0.000000000000	3	0.647896000000	0.000000000000	0.028344604435	0.000000000000	8000
5	0	0.496000000000	0.000000000000	4	0.643720000000	0.000000000000	0.020922125498	0.000000000000	30000
5	0	0.496000000000	0.000000000000	5	0.680320000000	0.000000000000	0.026157787174	0.000000000000	4000
5	1	0.496000000000	0.096000000000	1	0.666280000000	0.000000000000	0.023147730287	0.000000000000	8000
5	1	0.496000000000	0.096000000000	2	0.646488000000	0.000000000000	0.024850178820	0.000000000000	20000
5	1	0.496000000000	0.096000000000	3	0.664504000000	0.000000000000	0.019274581539	0.000000000000	6000
5	1	0.496000000000	0.096000000000	4	0.652632000000	0.000000000000	0.019510336471	0.000000000000	6000
5	1	0.496000000000	0.096000000000	5	0.638008000000	0.000000000000	0.030563344942	0.000000000000	8000
5	2	0.496000000000	0.200000000000	1	0.659256000000	0.000000000000	0.023850520148	0.000000000000	20000
5	2	0.496000000000	0.200000000000	2	0.656864000000	0.000000000000	0.028316909283	0.000000000000	20000
5	2	0.496000000000	0.200000000000	3	0.662576000000	0.000000000000	0.022619369130	0.000000000000	30000
5	2	0.496000000000	0.200000000000	4	0.664896000000	0.000000000000	0.020483768422	0.000000000000	8000
5	2	0.496000000000	0.200000000000	5	0.667016000000	0.000000000000	0.025924656832	0.000000000000	30000
5	3	0.496000000000	0.296000000000	1	0.651056000000	0.000000000000	0.028436270597	0.000000000000	12000
5	3	0.496000000000	0.296000000000	2	0.660216000000	0.000000000000	0.027758167444	0.000000000000	30000
5	3	0.496000000000	0.296000000000	3	0.641496000000	0.000000000000	0.021375380485	0.000000000000	10000
5	3	0.496000000000	0.296000000000	4	0.660776000000	0.000000000000	0.025616049774	0.000000000000	24000
5	3	0.496000000000	0.296000000000	5	0.695056000000	0.000000000000	0.021628700023	0.000000000000	8000
5	4	0.496000000000	0.400000000000	1	0.676992000000	0.000000000000	0.023500472510	0.000000000000	6000
5	4	0.496000000000	0.400000000000	2	0.000000000000	0.646760000000	0.000000000000	0.022104637862	6000
5	4	0.496000000000	0.400000000000	3	0.657624000000	0.000000000000	0.021124793038	0.000000000000	6000
5	4	0.496000000000	0.400000000000	4	0.648624000000	0.000000000000	0.018869623385	0.000000000000	8000
5	4	0.496000000000	0.400000000000	5	0.000000000000	0.653840000000	0.000000000000	0.020379738314	8000
5	5	0.496000000000	0.496000000000	1	0.663104000000	0.000000000000	0.023030753344	0.000000000000	18000
5	5	0.496000000000	0.496000000000	2	0.649584000000	0.000000000000	0.026382626613	0.000000000000	14000
5	5	0.496000000000	0.496000000000	3	0.659344000000	0.000000000000	0.027681906581	0.000000000000	10000
5	5	0.496000000000	0.496000000000	4	0.000000000000	0.653232000000	0.000000000000	0.021498287196	30000
5	5	0.496000000000	0.496000000000	5	0.683456000000	0.000000000000	0.025322742847	0.000000000000	24000
5	6	0.496000000000	0.600000000000	1	0.000000000000	0.673456000000	0.000000000000	0.023975798275	12000
5	6	0.496000000000	0.600000000000	2	0.000000000000	0.655600000000	0.000000000000	0.023479848877	8000
5	6	0.496000000000	0.600000000000	3	0.000000000000	0.663184000000	0.000000000000	0.020911131472	30000
5	6	0.496000000000	0.600000000000	4	0.674096000000	0.000000000000	0.025157736299	0.000000000000	12000
5	6	0.496000000000	0.600000000000	5	0.638760000000	0.000000000000	0.021493356284	0.000000000000	12000
5	7	0.496000000000	0.696000000000	1	0.000000000000	0.666944000000	0.000000000000	0.025535875645	8000
5	7	0.496000000000	0.696000000000	2	0.000000000000	0.647432000000	0.000000000000	0.020945359488	12000
5	7	0.496000000000	0.696000000000	3	0.000000000000	0.662120000000	0.000000000000	0.020204004598	10000
5	7	0.496000000000	0.696000000000	4	0.000000000000	0.649800000000	0.000000000000	0.022695794745	8000
5	7	0.496000000000	0.696000000000	5	0.000000000000	0.676928000000	0.000000000000	0.022523190496	26000
5	8	0.496000000000	0.800000000000	1	0.000000000000	0.661168000000	0.000000000000	0.024605877859	30000
5	8	0.496000000000	0.800000000000	2	0.000000000000	0.638848000000	0.000000000000	0.023287748178	14000
5	8	0.496000000000	0.800000000000	3	0.000000000000	0.654160000000	0.000000000000	0.019989346512	30000
5	8	0.496000000000	0.800000000000	4	0.000000000000	0.670776000000	0.000000000000	0.023025377130	30000
5	8	0.496000000000	0.800000000000	5	0.000000000000	0.652000000000	0.000000000000	0.022493954254	24000
5	9	0.496000000000	0.896000000000	1	0.000000000000	0.675640000000	0.000000000000	0.020406244505	8000
5	9	0.496000000000	0.896000000000	2	0.000000000000	0.653704000000	0.000000000000	0.022760985182	30000
5	9	0.496000000000	0.896000000000	3	0.000000000000	0.674760000000	0.000000000000	0.022068380399	26000
5	9	0.496000000000	0.896000000000	4	0.000000000000	0.635440000000	0.000000000000	0.022512601298	12000
5	9	0.496000000000	0.896000000000	5	0.000000000000	0.647552000000	0.000000000000	0.019639781491	8000
5	10	0.496000000000	1.000000000000	1	0.000000000000	1.000000000000	0.000000000000	0.000000000000	6000
5	10	0.496000000000	1.000000000000	2	0.000000000000	1.000000000000	0.000000000000	0.000000000000	6000
5	10	0.496000000000	1.000000000000	3	0.000000000000	1.000000000000	0.000000000000	0.000000000000	6000
5	10	0.496000000000	1.000000000000	4	0.000000000000	1.000000000000	0.000000000000	0.000000000000	6000
5	10	0.496000000000	1.000000000000	5	0.000000000000	1.000000000000	0.000000000000	0.000000000000	6000
