# scan initial plane
# b 1.15
# r 0
# e -0.4
# p12 0.16
# ndiv 8
# n_reps 3
# A:(0,1),	A':(0,0.427),	B:(1,0),	B'=(0.427,0),	C:(1,1),	D:(0,0),	E:(0.269,0.269) 
# columns: ix iy x1_0 x2_0 rep x1_inf x2_inf sigma_1 sigma_2 t_relax
3	0	0.374000000000	0.000000000000	1	0.485498000000	0.000000000000	0.009868403183	0.000000000000	44000
3	0	0.374000000000	0.000000000000	2	0.488502000000	0.000000000000	0.011259430304	0.000000000000	20000
3	0	0.374000000000	0.000000000000	3	0.498148000000	0.000000000000	0.007826579799	0.000000000000	32000
3	1	0.374000000000	0.124000000000	1	0.297800000000	0.273350000000	0.011643004748	0.011880852438	74000
3	1	0.374000000000	0.124000000000	2	0.288578000000	0.289930000000	0.015346968608	0.015808890569	64000
3	1	0.374000000000	0.124000000000	3	0.298404000000	0.273594000000	0.009880810413	0.012665843343	400000
3	2	0.374000000000	0.250000000000	1	0.327340000000	0.248058000000	0.010018021799	0.011998024362	256000
3	2	0.374000000000	0.250000000000	2	0.283574000000	0.300478000000	0.009939885579	0.012670914255	206000
3	2	0.374000000000	0.250000000000	3	0.272416000000	0.301672000000	0.016213383910	0.017155603479	26000
3	3	0.374000000000	0.374000000000	1	0.289716000000	0.271902000000	0.014118309767	0.013336425918	30000
3	3	0.374000000000	0.374000000000	2	0.289120000000	0.276220000000	0.012646324744	0.010256353777	400000
3	3	0.374000000000	0.374000000000	3	0.299726000000	0.264336000000	0.008336331233	0.013220510046	346000
3	4	0.374000000000	0.500000000000	1	0.286934000000	0.280038000000	0.012602002002	0.011466387140	16000
3	4	0.374000000000	0.500000000000	2	0.304914000000	0.263710000000	0.011429577387	0.012152842943	216000
3	4	0.374000000000	0.500000000000	3	0.288002000000	0.284062000000	0.011565888023	0.011476404658	400000
3	5	0.374000000000	0.624000000000	1	0.280022000000	0.294042000000	0.017200097656	0.020213530687	396000
3	5	0.374000000000	0.624000000000	2	0.282890000000	0.277544000000	0.012304279552	0.014429146346	112000
3	5	0.374000000000	0.624000000000	3	0.267348000000	0.299686000000	0.008758744865	0.015882999518	400000
3	6	0.374000000000	0.750000000000	1	0.264344000000	0.311282000000	0.013119061467	0.011377606336	258000
3	6	0.374000000000	0.750000000000	2	0.274476000000	0.304076000000	0.013916288553	0.015305308768	400000
3	6	0.374000000000	0.750000000000	3	0.312376000000	0.257962000000	0.009748931514	0.012260868031	26000
3	7	0.374000000000	0.874000000000	1	0.287472000000	0.296702000000	0.010252918528	0.010324039025	278000
3	7	0.374000000000	0.874000000000	2	0.307372000000	0.257826000000	0.012892627189	0.012435769875	38000
3	7	0.374000000000	0.874000000000	3	0.272780000000	0.299932000000	0.012546115136	0.010958259874	146000
3	8	0.374000000000	1.000000000000	1	0.000000000000	1.000000000000	0.000000000000	0.000000000000	6000
3	8	0.374000000000	1.000000000000	2	0.000000000000	1.000000000000	0.000000000000	0.000000000000	6000
3	8	0.374000000000	1.000000000000	3	0.000000000000	1.000000000000	0.000000000000	0.000000000000	6000
