# scan initial plane
# b 1.15
# r 0
# e -0.4
# p12 0.21
# ndiv 8
# n_reps 5
# A:(0,1),	A':(0,0.560),	B:(1,0),	B'=(0.560,0),	C:(1,1),	D:(0,0),	E:(0.316,0.316) 
# columns: ix iy x1_0 x2_0 rep x1_inf x2_inf sigma_1 sigma_2 t_relax
7	0	0.874000000000	0.000000000000	1	0.643774000000	0.000000000000	0.011423283916	0.000000000000	122000
7	0	0.874000000000	0.000000000000	2	0.639336000000	0.000000000000	0.010356947927	0.000000000000	12000
7	0	0.874000000000	0.000000000000	3	0.635294000000	0.000000000000	0.009217729142	0.000000000000	8000
7	0	0.874000000000	0.000000000000	4	0.646714000000	0.000000000000	0.011442076959	0.000000000000	92000
7	0	0.874000000000	0.000000000000	5	0.640782000000	0.000000000000	0.008606657339	0.000000000000	14000
7	1	0.874000000000	0.124000000000	1	0.360046000000	0.311422000000	0.026613796764	0.028873510275	148000
7	1	0.874000000000	0.124000000000	2	0.280584000000	0.388452000000	0.012933143864	0.015511424831	222000
7	1	0.874000000000	0.124000000000	3	0.316592000000	0.350862000000	0.020851770484	0.028057658281	62000
7	1	0.874000000000	0.124000000000	4	0.364964000000	0.310058000000	0.019143593737	0.021273956313	184000
7	1	0.874000000000	0.124000000000	5	0.403708000000	0.254198000000	0.014758202483	0.013842991888	364000
7	2	0.874000000000	0.250000000000	1	0.381734000000	0.285620000000	0.012747381682	0.013232032598	198000
7	2	0.874000000000	0.250000000000	2	0.350172000000	0.322884000000	0.018136243805	0.020573035600	302000
7	2	0.874000000000	0.250000000000	3	0.336322000000	0.338580000000	0.017581849659	0.015376997498	400000
7	2	0.874000000000	0.250000000000	4	0.435356000000	0.248834000000	0.017304470772	0.014634021956	210000
7	2	0.874000000000	0.250000000000	5	0.402636000000	0.280406000000	0.027268352848	0.027571713102	400000
7	3	0.874000000000	0.374000000000	1	0.322154000000	0.349728000000	0.013714239475	0.015910599082	400000
7	3	0.874000000000	0.374000000000	2	0.375706000000	0.290320000000	0.025523185479	0.017741374139	296000
7	3	0.874000000000	0.374000000000	3	0.394540000000	0.276184000000	0.018447349531	0.016055900346	396000
7	3	0.874000000000	0.374000000000	4	0.418990000000	0.240372000000	0.021712838307	0.023911699759	390000
7	3	0.874000000000	0.374000000000	5	0.396342000000	0.278584000000	0.026131703004	0.025770119190	400000
7	4	0.874000000000	0.500000000000	1	0.328620000000	0.349890000000	0.011455427833	0.014308760975	168000
7	4	0.874000000000	0.500000000000	2	0.417302000000	0.251188000000	0.013763801736	0.012292915511	400000
7	4	0.874000000000	0.500000000000	3	0.365416000000	0.306444000000	0.014707932121	0.012663776500	102000
7	4	0.874000000000	0.500000000000	4	0.337132000000	0.338606000000	0.022944040730	0.020023928728	400000
7	4	0.874000000000	0.500000000000	5	0.305202000000	0.365738000000	0.017109644530	0.014918375043	24000
7	5	0.874000000000	0.624000000000	1	0.353614000000	0.314532000000	0.010809433281	0.010448451854	298000
7	5	0.874000000000	0.624000000000	2	0.379928000000	0.294636000000	0.013427401503	0.018512542187	118000
7	5	0.874000000000	0.624000000000	3	0.342048000000	0.335234000000	0.022119832345	0.029887095585	400000
7	5	0.874000000000	0.624000000000	4	0.383120000000	0.288736000000	0.022310431537	0.023509210684	24000
7	5	0.874000000000	0.624000000000	5	0.334088000000	0.326436000000	0.011654702402	0.012668796407	208000
7	6	0.874000000000	0.750000000000	1	0.320176000000	0.358052000000	0.035335897465	0.036736941883	28000
7	6	0.874000000000	0.750000000000	2	0.420444000000	0.244146000000	0.013399941135	0.010865944632	60000
7	6	0.874000000000	0.750000000000	3	0.389594000000	0.288442000000	0.015575164518	0.016925457368	60000
7	6	0.874000000000	0.750000000000	4	0.292116000000	0.370614000000	0.012453659608	0.009682187188	366000
7	6	0.874000000000	0.750000000000	5	0.359978000000	0.312054000000	0.013583078297	0.013166565324	62000
7	7	0.874000000000	0.874000000000	1	0.368678000000	0.293882000000	0.022117357290	0.022321656129	124000
7	7	0.874000000000	0.874000000000	2	0.370236000000	0.305060000000	0.021398181843	0.023044987990	400000
7	7	0.874000000000	0.874000000000	3	0.277316000000	0.398946000000	0.017065033236	0.016269166228	122000
7	7	0.874000000000	0.874000000000	4	0.371640000000	0.305530000000	0.012570298820	0.014208200906	260000
7	7	0.874000000000	0.874000000000	5	0.304422000000	0.368244000000	0.010956000637	0.017058471662	124000
7	8	0.874000000000	1.000000000000	1	0.000000000000	1.000000000000	0.000000000000	0.000000000000	6000
7	8	0.874000000000	1.000000000000	2	0.000000000000	1.000000000000	0.000000000000	0.000000000000	6000
7	8	0.874000000000	1.000000000000	3	0.000000000000	1.000000000000	0.000000000000	0.000000000000	6000
7	8	0.874000000000	1.000000000000	4	0.000000000000	1.000000000000	0.000000000000	0.000000000000	6000
7	8	0.874000000000	1.000000000000	5	0.000000000000	1.000000000000	0.000000000000	0.000000000000	6000
