# scan initial plane
# b 1.06
# r 0
# e -0.4
# p12 0.02
# ndiv 8
# n_reps 3
# A:(0,1),	A':(0,0.027),	B:(1,0),	B'=(0.667,0),	C:(1,1),	D:(0,0),	E:(0.662,0.006) 
# columns: ix iy x1_0 x2_0 rep x1_inf x2_inf sigma_1 sigma_2 t_relax
1	0	0.123333333333	0.000000000000	1	0.575790000000	0.000000000000	0.019325125396	0.000000000000	25000
1	0	0.123333333333	0.000000000000	2	0.611496666667	0.000000000000	0.016587868111	0.000000000000	25000
1	0	0.123333333333	0.000000000000	3	0.572406666667	0.000000000000	0.021483392618	0.000000000000	6000
1	1	0.123333333333	0.124666666667	1	0.603396666667	0.000000000000	0.026885289801	0.000000000000	18000
1	1	0.123333333333	0.124666666667	2	0.605966666667	0.000000000000	0.019410137045	0.000000000000	22000
1	1	0.123333333333	0.124666666667	3	0.599703333333	0.000000000000	0.023747241438	0.000000000000	12000
1	2	0.123333333333	0.250000000000	1	0.579300000000	0.000000000000	0.015242050317	0.000000000000	20000
1	2	0.123333333333	0.250000000000	2	0.595753333333	0.000000000000	0.019726447545	0.000000000000	24000
1	2	0.123333333333	0.250000000000	3	0.597943333333	0.000000000000	0.025317978022	0.000000000000	25000
1	3	0.123333333333	0.374666666667	1	0.603990000000	0.000000000000	0.017372824997	0.000000000000	25000
1	3	0.123333333333	0.374666666667	2	0.572630000000	0.000000000000	0.018923444515	0.000000000000	25000
1	3	0.123333333333	0.374666666667	3	0.598576666667	0.002108666667	0.018992728473	0.000788762978	25000
1	4	0.123333333333	0.500000000000	1	0.585056666667	0.002974666667	0.013356549274	0.000518614034	25000
1	4	0.123333333333	0.500000000000	2	0.628146666667	0.011073333333	0.014240441283	0.001221521321	25000
1	4	0.123333333333	0.500000000000	3	0.570010000000	0.009796000000	0.021570263962	0.001455889668	25000
1	5	0.123333333333	0.624666666667	1	0.595726666667	0.000000000000	0.031021692605	0.000000000000	24000
1	5	0.123333333333	0.624666666667	2	0.594806666667	0.002763333333	0.018272835542	0.000342694707	25000
1	5	0.123333333333	0.624666666667	3	0.621640000000	0.000000000000	0.019054486964	0.000000000000	25000
1	6	0.123333333333	0.750000000000	1	0.601763333333	0.000000000000	0.014108734125	0.000000000000	25000
1	6	0.123333333333	0.750000000000	2	0.604040000000	0.000000000000	0.020880159188	0.000000000000	25000
1	6	0.123333333333	0.750000000000	3	0.601140000000	0.000000000000	0.025810633681	0.000000000000	25000
1	7	0.123333333333	0.874666666667	1	0.596233333333	0.000000000000	0.024339363731	0.000000000000	25000
1	7	0.123333333333	0.874666666667	2	0.584550000000	0.001484000000	0.013521270991	0.001019643350	25000
1	7	0.123333333333	0.874666666667	3	0.607906666667	0.005668000000	0.013536825538	0.000555654045	25000
1	8	0.123333333333	1.000000000000	1	0.000000000000	1.000000000000	0.000000000000	0.000000000000	6000
1	8	0.123333333333	1.000000000000	2	0.000000000000	1.000000000000	0.000000000000	0.000000000000	6000
1	8	0.123333333333	1.000000000000	3	0.000000000000	1.000000000000	0.000000000000	0.000000000000	6000
