# scan initial plane
# b 1.3
# r 0
# e -0.4
# p12 0.1
# ndiv 10
# n_reps 5
# A:(0,1),	A':(0,0.133),	B:(1,0),	B'=(0.133,0),	C:(1,1),	D:(0,0),	E:(0.108,0.108) 
# columns: ix iy x1_0 x2_0 rep x1_inf x2_inf sigma_1 sigma_2 t_relax
5	0	0.500000000000	0.000000000000	1	0.125770000000	0.000000000000	0.009731485077	0.000000000000	6000
5	0	0.500000000000	0.000000000000	2	0.120120000000	0.000000000000	0.009119691265	0.000000000000	6000
5	0	0.500000000000	0.000000000000	3	0.129225000000	0.000000000000	0.010041175240	0.000000000000	6000
5	0	0.500000000000	0.000000000000	4	0.125775000000	0.000000000000	0.009758052808	0.000000000000	12000
5	0	0.500000000000	0.000000000000	5	0.122365000000	0.000000000000	0.008721114197	0.000000000000	30000
5	1	0.500000000000	0.100000000000	1	0.095445000000	0.092610000000	0.007860582915	0.014886554655	10000
5	1	0.500000000000	0.100000000000	2	0.093090000000	0.089145000000	0.010616713927	0.012934886404	28000
5	1	0.500000000000	0.100000000000	3	0.087210000000	0.095075000000	0.012887279852	0.014847215726	16000
5	1	0.500000000000	0.100000000000	4	0.084585000000	0.095785000000	0.009960018925	0.010020438323	30000
5	1	0.500000000000	0.100000000000	5	0.090485000000	0.090850000000	0.006521679792	0.015969738023	30000
5	2	0.500000000000	0.200000000000	1	0.090510000000	0.090830000000	0.011680168078	0.010543826263	10000
5	2	0.500000000000	0.200000000000	2	0.101545000000	0.084930000000	0.010380063618	0.009393259995	30000
5	2	0.500000000000	0.200000000000	3	0.102025000000	0.093225000000	0.013728176785	0.010765234102	30000
5	2	0.500000000000	0.200000000000	4	0.093970000000	0.101210000000	0.011932371159	0.007519470888	30000
5	2	0.500000000000	0.200000000000	5	0.090675000000	0.090350000000	0.014007697548	0.011617334568	30000
5	3	0.500000000000	0.300000000000	1	0.092365000000	0.098695000000	0.010253629207	0.010388931846	30000
5	3	0.500000000000	0.300000000000	2	0.090750000000	0.085250000000	0.007697190835	0.008602994334	30000
5	3	0.500000000000	0.300000000000	3	0.088125000000	0.093905000000	0.009573454237	0.011696699867	30000
5	3	0.500000000000	0.300000000000	4	0.089830000000	0.094600000000	0.007970861599	0.013547085425	30000
5	3	0.500000000000	0.300000000000	5	0.097905000000	0.094360000000	0.010832974122	0.014544825607	30000
5	4	0.500000000000	0.400000000000	1	0.078950000000	0.083045000000	0.011991300651	0.009864090190	30000
5	4	0.500000000000	0.400000000000	2	0.091555000000	0.091365000000	0.010586266766	0.012524721300	30000
5	4	0.500000000000	0.400000000000	3	0.096260000000	0.085210000000	0.013820398091	0.011697980285	30000
5	4	0.500000000000	0.400000000000	4	0.099350000000	0.086290000000	0.009386991830	0.013909686531	30000
5	4	0.500000000000	0.400000000000	5	0.093205000000	0.090060000000	0.013745614461	0.011896971797	30000
5	5	0.500000000000	0.500000000000	1	0.093120000000	0.091285000000	0.010560640470	0.010671816278	30000
5	5	0.500000000000	0.500000000000	2	0.098705000000	0.088360000000	0.010984928022	0.017166977169	30000
5	5	0.500000000000	0.500000000000	3	0.084055000000	0.088640000000	0.014284117439	0.013449211177	30000
5	5	0.500000000000	0.500000000000	4	0.091940000000	0.085335000000	0.009860711619	0.014818311556	30000
5	5	0.500000000000	0.500000000000	5	0.094075000000	0.089135000000	0.016566345971	0.011539494570	16000
5	6	0.500000000000	0.600000000000	1	0.088505000000	0.092425000000	0.008603138322	0.014717709944	28000
5	6	0.500000000000	0.600000000000	2	0.094050000000	0.088845000000	0.009710396068	0.013304810897	30000
5	6	0.500000000000	0.600000000000	3	0.091445000000	0.088450000000	0.013265102259	0.014069308634	30000
5	6	0.500000000000	0.600000000000	4	0.091610000000	0.090380000000	0.012120429234	0.009104311533	30000
5	6	0.500000000000	0.600000000000	5	0.098400000000	0.082390000000	0.009575055179	0.008663888444	28000
5	7	0.500000000000	0.700000000000	1	0.097260000000	0.103355000000	0.010545311925	0.011401709257	30000
5	7	0.500000000000	0.700000000000	2	0.084095000000	0.093745000000	0.009990284319	0.011188170098	30000
5	7	0.500000000000	0.700000000000	3	0.095365000000	0.090450000000	0.010037057214	0.012062047629	30000
5	7	0.500000000000	0.700000000000	4	0.089380000000	0.090630000000	0.011359781892	0.013939060133	30000
5	7	0.500000000000	0.700000000000	5	0.096610000000	0.092400000000	0.008430835011	0.013057967319	30000
5	8	0.500000000000	0.800000000000	1	0.092815000000	0.097715000000	0.009032295243	0.011974855831	10000
5	8	0.500000000000	0.800000000000	2	0.100880000000	0.089575000000	0.014899583806	0.008761914525	30000
5	8	0.500000000000	0.800000000000	3	0.085235000000	0.091545000000	0.011173388905	0.008640754460	30000
5	8	0.500000000000	0.800000000000	4	0.096785000000	0.088070000000	0.010749619962	0.010299571893	30000
5	8	0.500000000000	0.800000000000	5	0.102105000000	0.086705000000	0.012820231407	0.008723191450	30000
5	9	0.500000000000	0.900000000000	1	0.093225000000	0.091815000000	0.011775527081	0.010053947327	30000
5	9	0.500000000000	0.900000000000	2	0.091260000000	0.098525000000	0.007121314002	0.012820442221	30000
5	9	0.500000000000	0.900000000000	3	0.090135000000	0.090270000000	0.008963097239	0.011054379191	30000
5	9	0.500000000000	0.900000000000	4	0.088750000000	0.099360000000	0.014081398574	0.009130924037	30000
5	9	0.500000000000	0.900000000000	5	0.088145000000	0.095535000000	0.007999873310	0.010665482996	12000
5	10	0.500000000000	1.000000000000	1	0.000000000000	1.000000000000	0.000000000000	0.000000000000	6000
5	10	0.500000000000	1.000000000000	2	0.000000000000	1.000000000000	0.000000000000	0.000000000000	6000
5	10	0.500000000000	1.000000000000	3	0.000000000000	1.000000000000	0.000000000000	0.000000000000	6000
5	10	0.500000000000	1.000000000000	4	0.000000000000	1.000000000000	0.000000000000	0.000000000000	6000
5	10	0.500000000000	1.000000000000	5	0.000000000000	1.000000000000	0.000000000000	0.000000000000	6000
