# scan initial plane
# b 1.174
# r 0
# e -0.4
# p12 0.3
# ndiv 10
# n_reps 5
# A:(0,1),	A':(0,0.690),	B:(1,0),	B'=(0.690,0),	C:(1,1),	D:(0,0),	E:(0.347,0.347) 
# columns: ix iy x1_0 x2_0 rep x1_inf x2_inf sigma_1 sigma_2 t_relax
0	0	0.000000000000	0.000000000000	1	0.000000000000	0.000000000000	0.000000000000	0.000000000000	4000
0	0	0.000000000000	0.000000000000	2	0.000000000000	0.000000000000	0.000000000000	0.000000000000	4000
0	0	0.000000000000	0.000000000000	3	0.000000000000	0.000000000000	0.000000000000	0.000000000000	4000
0	0	0.000000000000	0.000000000000	4	0.000000000000	0.000000000000	0.000000000000	0.000000000000	4000
0	0	0.000000000000	0.000000000000	5	0.000000000000	0.000000000000	0.000000000000	0.000000000000	4000
0	1	0.000000000000	0.100000000000	1	0.000000000000	0.587020000000	0.000000000000	0.039778158604	30000
0	1	0.000000000000	0.100000000000	2	0.000000000000	0.600690000000	0.000000000000	0.025699890747	30000
0	1	0.000000000000	0.100000000000	3	0.000000000000	0.597830000000	0.000000000000	0.027065173630	12000
0	1	0.000000000000	0.100000000000	4	0.000000000000	0.606490000000	0.000000000000	0.025858239471	12000
0	1	0.000000000000	0.100000000000	5	0.000000000000	0.605660000000	0.000000000000	0.033365816005	30000
0	2	0.000000000000	0.200000000000	1	0.000000000000	0.638190000000	0.000000000000	0.022661364421	28000
0	2	0.000000000000	0.200000000000	2	0.000000000000	0.589940000000	0.000000000000	0.041856282066	26000
0	2	0.000000000000	0.200000000000	3	0.000000000000	0.613810000000	0.000000000000	0.028983166216	30000
0	2	0.000000000000	0.200000000000	4	0.000000000000	0.578260000000	0.000000000000	0.024592217817	6000
0	2	0.000000000000	0.200000000000	5	0.000000000000	0.604250000000	0.000000000000	0.030465811423	30000
0	3	0.000000000000	0.300000000000	1	0.000000000000	0.582080000000	0.000000000000	0.027514189623	26000
0	3	0.000000000000	0.300000000000	2	0.000000000000	0.589960000000	0.000000000000	0.027787957294	6000
0	3	0.000000000000	0.300000000000	3	0.000000000000	0.577550000000	0.000000000000	0.022869641898	30000
0	3	0.000000000000	0.300000000000	4	0.000000000000	0.588480000000	0.000000000000	0.031538615764	14000
0	3	0.000000000000	0.300000000000	5	0.000000000000	0.596480000000	0.000000000000	0.017598844261	8000
0	4	0.000000000000	0.400000000000	1	0.000000000000	0.587750000000	0.000000000000	0.024597612537	6000
0	4	0.000000000000	0.400000000000	2	0.000000000000	0.605110000000	0.000000000000	0.028830870939	6000
0	4	0.000000000000	0.400000000000	3	0.000000000000	0.568320000000	0.000000000000	0.030530471823	30000
0	4	0.000000000000	0.400000000000	4	0.000000000000	0.604230000000	0.000000000000	0.029945013004	24000
0	4	0.000000000000	0.400000000000	5	0.000000000000	0.624010000000	0.000000000000	0.023899604413	6000
0	5	0.000000000000	0.500000000000	1	0.000000000000	0.581970000000	0.000000000000	0.023777814964	8000
0	5	0.000000000000	0.500000000000	2	0.000000000000	0.604970000000	0.000000000000	0.026704160953	24000
0	5	0.000000000000	0.500000000000	3	0.000000000000	0.612470000000	0.000000000000	0.029128122966	6000
0	5	0.000000000000	0.500000000000	4	0.000000000000	0.629870000000	0.000000000000	0.035893891841	22000
0	5	0.000000000000	0.500000000000	5	0.000000000000	0.574860000000	0.000000000000	0.028173998193	26000
0	6	0.000000000000	0.600000000000	1	0.000000000000	0.586350000000	0.000000000000	0.027794784584	30000
0	6	0.000000000000	0.600000000000	2	0.000000000000	0.596390000000	0.000000000000	0.028164892351	10000
0	6	0.000000000000	0.600000000000	3	0.000000000000	0.578050000000	0.000000000000	0.024821635998	6000
0	6	0.000000000000	0.600000000000	4	0.000000000000	0.586740000000	0.000000000000	0.024903666248	14000
0	6	0.000000000000	0.600000000000	5	0.000000000000	0.595330000000	0.000000000000	0.027081811692	4000
0	7	0.000000000000	0.700000000000	1	0.000000000000	0.601910000000	0.000000000000	0.026266744028	14000
0	7	0.000000000000	0.700000000000	2	0.000000000000	0.595040000000	0.000000000000	0.023785797531	4000
0	7	0.000000000000	0.700000000000	3	0.000000000000	0.589050000000	0.000000000000	0.031704931836	14000
0	7	0.000000000000	0.700000000000	4	0.000000000000	0.623250000000	0.000000000000	0.032024413548	26000
0	7	0.000000000000	0.700000000000	5	0.000000000000	0.578740000000	0.000000000000	0.032423196383	30000
0	8	0.000000000000	0.800000000000	1	0.000000000000	0.578050000000	0.000000000000	0.022171808431	14000
0	8	0.000000000000	0.800000000000	2	0.000000000000	0.581230000000	0.000000000000	0.030101381915	30000
0	8	0.000000000000	0.800000000000	3	0.000000000000	0.597130000000	0.000000000000	0.030006057113	6000
0	8	0.000000000000	0.800000000000	4	0.000000000000	0.593990000000	0.000000000000	0.030478005329	16000
0	8	0.000000000000	0.800000000000	5	0.000000000000	0.606570000000	0.000000000000	0.036944553049	30000
0	9	0.000000000000	0.900000000000	1	0.000000000000	0.634940000000	0.000000000000	0.038029497007	14000
0	9	0.000000000000	0.900000000000	2	0.000000000000	0.609810000000	0.000000000000	0.024488028985	30000
0	9	0.000000000000	0.900000000000	3	0.000000000000	0.596640000000	0.000000000000	0.025392029363	28000
0	9	0.000000000000	0.900000000000	4	0.000000000000	0.600600000000	0.000000000000	0.029412669126	30000
0	9	0.000000000000	0.900000000000	5	0.000000000000	0.598050000000	0.000000000000	0.030424055008	10000
0	10	0.000000000000	1.000000000000	1	0.000000000000	1.000000000000	0.000000000000	0.000000000000	4000
0	10	0.000000000000	1.000000000000	2	0.000000000000	1.000000000000	0.000000000000	0.000000000000	4000
0	10	0.000000000000	1.000000000000	3	0.000000000000	1.000000000000	0.000000000000	0.000000000000	4000
0	10	0.000000000000	1.000000000000	4	0.000000000000	1.000000000000	0.000000000000	0.000000000000	4000
0	10	0.000000000000	1.000000000000	5	0.000000000000	1.000000000000	0.000000000000	0.000000000000	4000
