# scan initial plane
# b 1.174
# r 0
# e -0.4
# p12 0.3
# ndiv 10
# n_reps 5
# A:(0,1),	A':(0,0.690),	B:(1,0),	B'=(0.690,0),	C:(1,1),	D:(0,0),	E:(0.347,0.347) 
# columns: ix iy x1_0 x2_0 rep x1_inf x2_inf sigma_1 sigma_2 t_relax
9	0	0.900000000000	0.000000000000	1	0.593010000000	0.000000000000	0.031737157200	0.000000000000	8000
9	0	0.900000000000	0.000000000000	2	0.597770000000	0.000000000000	0.024226308303	0.000000000000	16000
9	0	0.900000000000	0.000000000000	3	0.594230000000	0.000000000000	0.024872187795	0.000000000000	28000
9	0	0.900000000000	0.000000000000	4	0.571400000000	0.000000000000	0.021645057369	0.000000000000	30000
9	0	0.900000000000	0.000000000000	5	0.569740000000	0.000000000000	0.026298745674	0.000000000000	6000
9	1	0.900000000000	0.100000000000	1	0.567760000000	0.000000000000	0.026035749658	0.000000000000	12000
9	1	0.900000000000	0.100000000000	2	0.590200000000	0.000000000000	0.032533343179	0.000000000000	6000
9	1	0.900000000000	0.100000000000	3	0.585700000000	0.000000000000	0.023568314863	0.000000000000	8000
9	1	0.900000000000	0.100000000000	4	0.603580000000	0.000000000000	0.027212572905	0.000000000000	20000
9	1	0.900000000000	0.100000000000	5	0.581890000000	0.000000000000	0.030529657056	0.000000000000	8000
9	2	0.900000000000	0.200000000000	1	0.574230000000	0.000000000000	0.022793126741	0.000000000000	30000
9	2	0.900000000000	0.200000000000	2	0.576760000000	0.000000000000	0.033938978391	0.000000000000	8000
9	2	0.900000000000	0.200000000000	3	0.583900000000	0.000000000000	0.028177721412	0.000000000000	30000
9	2	0.900000000000	0.200000000000	4	0.576190000000	0.000000000000	0.028010149383	0.000000000000	16000
9	2	0.900000000000	0.200000000000	5	0.571870000000	0.000000000000	0.025691694439	0.000000000000	30000
9	3	0.900000000000	0.300000000000	1	0.576190000000	0.000000000000	0.031990737836	0.000000000000	8000
9	3	0.900000000000	0.300000000000	2	0.578890000000	0.000000000000	0.023259598210	0.000000000000	20000
9	3	0.900000000000	0.300000000000	3	0.000000000000	0.571470000000	0.000000000000	0.021954979415	30000
9	3	0.900000000000	0.300000000000	4	0.589140000000	0.000000000000	0.027327773550	0.000000000000	30000
9	3	0.900000000000	0.300000000000	5	0.584890000000	0.000000000000	0.029213718376	0.000000000000	8000
9	4	0.900000000000	0.400000000000	1	0.573480000000	0.000000000000	0.025895176388	0.000000000000	10000
9	4	0.900000000000	0.400000000000	2	0.572870000000	0.000000000000	0.024025826528	0.000000000000	20000
9	4	0.900000000000	0.400000000000	3	0.594630000000	0.000000000000	0.030066045085	0.000000000000	12000
9	4	0.900000000000	0.400000000000	4	0.589620000000	0.000000000000	0.025944724487	0.000000000000	8000
9	4	0.900000000000	0.400000000000	5	0.589110000000	0.000000000000	0.033292886873	0.000000000000	20000
9	5	0.900000000000	0.500000000000	1	0.588130000000	0.000000000000	0.024980534965	0.000000000000	30000
9	5	0.900000000000	0.500000000000	2	0.565420000000	0.000000000000	0.036317248554	0.000000000000	16000
9	5	0.900000000000	0.500000000000	3	0.583590000000	0.000000000000	0.026151401412	0.000000000000	18000
9	5	0.900000000000	0.500000000000	4	0.567210000000	0.000000000000	0.029212484818	0.000000000000	30000
9	5	0.900000000000	0.500000000000	5	0.575370000000	0.000000000000	0.025653873416	0.000000000000	30000
9	6	0.900000000000	0.600000000000	1	0.000000000000	0.620470000000	0.000000000000	0.027724497250	8000
9	6	0.900000000000	0.600000000000	2	0.575330000000	0.000000000000	0.021244821544	0.000000000000	26000
9	6	0.900000000000	0.600000000000	3	0.594370000000	0.000000000000	0.022735875176	0.000000000000	30000
9	6	0.900000000000	0.600000000000	4	0.574320000000	0.000000000000	0.025455560995	0.000000000000	28000
9	6	0.900000000000	0.600000000000	5	0.586960000000	0.000000000000	0.027333230792	0.000000000000	24000
9	7	0.900000000000	0.700000000000	1	0.598830000000	0.000000000000	0.026766537833	0.000000000000	26000
9	7	0.900000000000	0.700000000000	2	0.590940000000	0.000000000000	0.032911997806	0.000000000000	30000
9	7	0.900000000000	0.700000000000	3	0.602660000000	0.000000000000	0.024570879678	0.000000000000	30000
9	7	0.900000000000	0.700000000000	4	0.604990000000	0.000000000000	0.030283939919	0.000000000000	18000
9	7	0.900000000000	0.700000000000	5	0.000000000000	0.581460000000	0.000000000000	0.028703524040	26000
9	8	0.900000000000	0.800000000000	1	0.586650000000	0.000000000000	0.025778712963	0.000000000000	24000
9	8	0.900000000000	0.800000000000	2	0.000000000000	0.587090000000	0.000000000000	0.022192891304	24000
9	8	0.900000000000	0.800000000000	3	0.587380000000	0.000000000000	0.028599887300	0.000000000000	10000
9	8	0.900000000000	0.800000000000	4	0.000000000000	0.579260000000	0.000000000000	0.024290789251	12000
9	8	0.900000000000	0.800000000000	5	0.595600000000	0.000000000000	0.022368288722	0.000000000000	10000
9	9	0.900000000000	0.900000000000	1	0.000000000000	0.587700000000	0.000000000000	0.031652992148	16000
9	9	0.900000000000	0.900000000000	2	0.577400000000	0.000000000000	0.024634261646	0.000000000000	16000
9	9	0.900000000000	0.900000000000	3	0.000000000000	0.621240000000	0.000000000000	0.018237187146	30000
9	9	0.900000000000	0.900000000000	4	0.579440000000	0.000000000000	0.028019126886	0.000000000000	8000
9	9	0.900000000000	0.900000000000	5	0.581850000000	0.000000000000	0.027918756365	0.000000000000	24000
9	10	0.900000000000	1.000000000000	1	0.000000000000	1.000000000000	0.000000000000	0.000000000000	6000
9	10	0.900000000000	1.000000000000	2	0.000000000000	1.000000000000	0.000000000000	0.000000000000	6000
9	10	0.900000000000	1.000000000000	3	0.000000000000	1.000000000000	0.000000000000	0.000000000000	6000
9	10	0.900000000000	1.000000000000	4	0.000000000000	1.000000000000	0.000000000000	0.000000000000	6000
9	10	0.900000000000	1.000000000000	5	0.000000000000	1.000000000000	0.000000000000	0.000000000000	6000
