# scan initial plane
# b 1.174
# r 0
# e -0.4
# p12 0.3
# ndiv 10
# n_reps 5
# A:(0,1),	A':(0,0.690),	B:(1,0),	B'=(0.690,0),	C:(1,1),	D:(0,0),	E:(0.347,0.347) 
# columns: ix iy x1_0 x2_0 rep x1_inf x2_inf sigma_1 sigma_2 t_relax
8	0	0.800000000000	0.000000000000	1	0.589860000000	0.000000000000	0.028548124201	0.000000000000	8000
8	0	0.800000000000	0.000000000000	2	0.607830000000	0.000000000000	0.027910035293	0.000000000000	20000
8	0	0.800000000000	0.000000000000	3	0.578230000000	0.000000000000	0.027193870754	0.000000000000	8000
8	0	0.800000000000	0.000000000000	4	0.600130000000	0.000000000000	0.024163339317	0.000000000000	18000
8	0	0.800000000000	0.000000000000	5	0.587100000000	0.000000000000	0.025648544751	0.000000000000	10000
8	1	0.800000000000	0.100000000000	1	0.565000000000	0.000000000000	0.023391176694	0.000000000000	30000
8	1	0.800000000000	0.100000000000	2	0.592400000000	0.000000000000	0.027043878630	0.000000000000	30000
8	1	0.800000000000	0.100000000000	3	0.571690000000	0.000000000000	0.028029083637	0.000000000000	24000
8	1	0.800000000000	0.100000000000	4	0.606850000000	0.000000000000	0.025527027424	0.000000000000	22000
8	1	0.800000000000	0.100000000000	5	0.570850000000	0.000000000000	0.024457630214	0.000000000000	16000
8	2	0.800000000000	0.200000000000	1	0.600340000000	0.000000000000	0.023203939813	0.000000000000	28000
8	2	0.800000000000	0.200000000000	2	0.582800000000	0.000000000000	0.028968935072	0.000000000000	24000
8	2	0.800000000000	0.200000000000	3	0.565840000000	0.000000000000	0.038394902898	0.000000000000	18000
8	2	0.800000000000	0.200000000000	4	0.574790000000	0.000000000000	0.027686141342	0.000000000000	22000
8	2	0.800000000000	0.200000000000	5	0.559110000000	0.000000000000	0.024850058862	0.000000000000	22000
8	3	0.800000000000	0.300000000000	1	0.574050000000	0.000000000000	0.027692315981	0.000000000000	28000
8	3	0.800000000000	0.300000000000	2	0.574040000000	0.000000000000	0.026963037763	0.000000000000	8000
8	3	0.800000000000	0.300000000000	3	0.000000000000	0.609020000000	0.000000000000	0.031705596428	6000
8	3	0.800000000000	0.300000000000	4	0.557700000000	0.000000000000	0.028585435577	0.000000000000	30000
8	3	0.800000000000	0.300000000000	5	0.594460000000	0.000000000000	0.026343925342	0.000000000000	10000
8	4	0.800000000000	0.400000000000	1	0.000000000000	0.586200000000	0.000000000000	0.029997664240	24000
8	4	0.800000000000	0.400000000000	2	0.000000000000	0.603090000000	0.000000000000	0.028530087029	30000
8	4	0.800000000000	0.400000000000	3	0.573900000000	0.000000000000	0.027625226753	0.000000000000	30000
8	4	0.800000000000	0.400000000000	4	0.575610000000	0.000000000000	0.028334267782	0.000000000000	10000
8	4	0.800000000000	0.400000000000	5	0.601770000000	0.000000000000	0.024127769256	0.000000000000	6000
8	5	0.800000000000	0.500000000000	1	0.589900000000	0.000000000000	0.022250507524	0.000000000000	30000
8	5	0.800000000000	0.500000000000	2	0.587920000000	0.000000000000	0.025387361386	0.000000000000	30000
8	5	0.800000000000	0.500000000000	3	0.591550000000	0.000000000000	0.029542685563	0.000000000000	18000
8	5	0.800000000000	0.500000000000	4	0.576830000000	0.000000000000	0.028422859796	0.000000000000	18000
8	5	0.800000000000	0.500000000000	5	0.597470000000	0.000000000000	0.032154829078	0.000000000000	18000
8	6	0.800000000000	0.600000000000	1	0.577580000000	0.000000000000	0.024983349811	0.000000000000	30000
8	6	0.800000000000	0.600000000000	2	0.589520000000	0.000000000000	0.038653119715	0.000000000000	16000
8	6	0.800000000000	0.600000000000	3	0.593720000000	0.000000000000	0.029729538265	0.000000000000	8000
8	6	0.800000000000	0.600000000000	4	0.577420000000	0.000000000000	0.027119717533	0.000000000000	12000
8	6	0.800000000000	0.600000000000	5	0.000000000000	0.598940000000	0.000000000000	0.031560615844	30000
8	7	0.800000000000	0.700000000000	1	0.595060000000	0.000000000000	0.025839196274	0.000000000000	10000
8	7	0.800000000000	0.700000000000	2	0.594550000000	0.000000000000	0.025955176192	0.000000000000	30000
8	7	0.800000000000	0.700000000000	3	0.578160000000	0.000000000000	0.023727144316	0.000000000000	30000
8	7	0.800000000000	0.700000000000	4	0.595750000000	0.000000000000	0.025952090687	0.000000000000	14000
8	7	0.800000000000	0.700000000000	5	0.570920000000	0.000000000000	0.027646300257	0.000000000000	8000
8	8	0.800000000000	0.800000000000	1	0.584650000000	0.000000000000	0.027846955901	0.000000000000	6000
8	8	0.800000000000	0.800000000000	2	0.000000000000	0.584860000000	0.000000000000	0.030004677647	20000
8	8	0.800000000000	0.800000000000	3	0.000000000000	0.601460000000	0.000000000000	0.029153358611	12000
8	8	0.800000000000	0.800000000000	4	0.000000000000	0.582600000000	0.000000000000	0.021589490640	10000
8	8	0.800000000000	0.800000000000	5	0.000000000000	0.597060000000	0.000000000000	0.022818349570	20000
8	9	0.800000000000	0.900000000000	1	0.594570000000	0.000000000000	0.030218011652	0.000000000000	30000
8	9	0.800000000000	0.900000000000	2	0.000000000000	0.609660000000	0.000000000000	0.028008371407	22000
8	9	0.800000000000	0.900000000000	3	0.000000000000	0.571520000000	0.000000000000	0.022658398068	30000
8	9	0.800000000000	0.900000000000	4	0.000000000000	0.611600000000	0.000000000000	0.031054861204	28000
8	9	0.800000000000	0.900000000000	5	0.000000000000	0.599890000000	0.000000000000	0.024151007664	18000
8	10	0.800000000000	1.000000000000	1	0.000000000000	1.000000000000	0.000000000000	0.000000000000	6000
8	10	0.800000000000	1.000000000000	2	0.000000000000	1.000000000000	0.000000000000	0.000000000000	6000
8	10	0.800000000000	1.000000000000	3	0.000000000000	1.000000000000	0.000000000000	0.000000000000	6000
8	10	0.800000000000	1.000000000000	4	0.000000000000	1.000000000000	0.000000000000	0.000000000000	6000
8	10	0.800000000000	1.000000000000	5	0.000000000000	1.000000000000	0.000000000000	0.000000000000	6000
