# scan initial plane
# b 1.15
# r 0
# e -0.4
# p12 0.2
# ndiv 8
# n_reps 3
# A:(0,1),	A':(0,0.533),	B:(1,0),	B'=(0.533,0),	C:(1,1),	D:(0,0),	E:(0.308,0.308) 
# columns: ix iy x1_0 x2_0 rep x1_inf x2_inf sigma_1 sigma_2 t_relax
5	0	0.624000000000	0.000000000000	1	0.648976000000	0.000000000000	0.013075258559	0.000000000000	8000
5	0	0.624000000000	0.000000000000	2	0.642606000000	0.000000000000	0.011228305252	0.000000000000	8000
5	0	0.624000000000	0.000000000000	3	0.631158000000	0.000000000000	0.011796702853	0.000000000000	86000
5	1	0.624000000000	0.124000000000	1	0.370542000000	0.290982000000	0.015530338935	0.013119901212	234000
5	1	0.624000000000	0.124000000000	2	0.261592000000	0.410986000000	0.019488389706	0.017211857891	60000
5	1	0.624000000000	0.124000000000	3	0.330366000000	0.332866000000	0.028528510650	0.031378059638	400000
5	2	0.624000000000	0.250000000000	1	0.331796000000	0.332618000000	0.017287951216	0.020892931594	156000
5	2	0.624000000000	0.250000000000	2	0.366812000000	0.296284000000	0.022149836823	0.019765981838	384000
5	2	0.624000000000	0.250000000000	3	0.404868000000	0.260584000000	0.035446283515	0.039746178467	90000
5	3	0.624000000000	0.374000000000	1	0.326738000000	0.346060000000	0.022064137921	0.024156239855	364000
5	3	0.624000000000	0.374000000000	2	0.242498000000	0.414904000000	0.019265491303	0.019718103042	400000
5	3	0.624000000000	0.374000000000	3	0.302132000000	0.365784000000	0.019649750347	0.019260017972	400000
5	4	0.624000000000	0.500000000000	1	0.442446000000	0.232516000000	0.014934393865	0.015133630456	58000
5	4	0.624000000000	0.500000000000	2	0.321526000000	0.355524000000	0.041321069139	0.030034838363	68000
5	4	0.624000000000	0.500000000000	3	0.330072000000	0.341618000000	0.020481560251	0.023294478073	36000
5	5	0.624000000000	0.624000000000	1	0.348396000000	0.323560000000	0.018515345041	0.014821676089	332000
5	5	0.624000000000	0.624000000000	2	0.360894000000	0.315462000000	0.019799716988	0.019438632061	88000
5	5	0.624000000000	0.624000000000	3	0.373584000000	0.299476000000	0.019426279220	0.014281785371	88000
5	6	0.624000000000	0.750000000000	1	0.402846000000	0.273016000000	0.019316247084	0.019963925022	296000
5	6	0.624000000000	0.750000000000	2	0.282828000000	0.382494000000	0.028504155888	0.021534337503	224000
5	6	0.624000000000	0.750000000000	3	0.366558000000	0.297874000000	0.015186417065	0.015411477464	216000
5	7	0.624000000000	0.874000000000	1	0.310210000000	0.368082000000	0.020323507201	0.021056320777	66000
5	7	0.624000000000	0.874000000000	2	0.334756000000	0.344344000000	0.027276738890	0.027440894057	146000
5	7	0.624000000000	0.874000000000	3	0.365554000000	0.301926000000	0.030041230993	0.029120964176	400000
5	8	0.624000000000	1.000000000000	1	0.000000000000	1.000000000000	0.000000000000	0.000000000000	6000
5	8	0.624000000000	1.000000000000	2	0.000000000000	1.000000000000	0.000000000000	0.000000000000	6000
5	8	0.624000000000	1.000000000000	3	0.000000000000	1.000000000000	0.000000000000	0.000000000000	6000
