# scan initial plane
# b 1.15
# r 0
# e -0.4
# p12 0.2
# ndiv 8
# n_reps 3
# A:(0,1),	A':(0,0.533),	B:(1,0),	B'=(0.533,0),	C:(1,1),	D:(0,0),	E:(0.308,0.308) 
# columns: ix iy x1_0 x2_0 rep x1_inf x2_inf sigma_1 sigma_2 t_relax
2	0	0.250000000000	0.000000000000	1	0.669474000000	0.000000000000	0.011559452623	0.000000000000	22000
2	0	0.250000000000	0.000000000000	2	0.659134000000	0.000000000000	0.016360737077	0.000000000000	12000
2	0	0.250000000000	0.000000000000	3	0.689200000000	0.000000000000	0.010462765861	0.000000000000	44000
2	1	0.250000000000	0.124000000000	1	0.402896000000	0.273282000000	0.026894022988	0.025436341787	128000
2	1	0.250000000000	0.124000000000	2	0.399972000000	0.282550000000	0.029181136968	0.019430054736	400000
2	1	0.250000000000	0.124000000000	3	0.663230000000	0.000000000000	0.011536038323	0.000000000000	258000
2	2	0.250000000000	0.250000000000	1	0.289690000000	0.402236000000	0.029583358076	0.033851827872	66000
2	2	0.250000000000	0.250000000000	2	0.360652000000	0.314102000000	0.021290659647	0.018416861209	400000
2	2	0.250000000000	0.250000000000	3	0.385466000000	0.298342000000	0.021166550661	0.015803568862	400000
2	3	0.250000000000	0.374000000000	1	0.414122000000	0.275174000000	0.020089616938	0.024584346933	400000
2	3	0.250000000000	0.374000000000	2	0.321362000000	0.363190000000	0.016439318940	0.023336248209	194000
2	3	0.250000000000	0.374000000000	3	0.363414000000	0.315146000000	0.032162073985	0.029357529674	128000
2	4	0.250000000000	0.500000000000	1	0.337002000000	0.341792000000	0.011627863226	0.010417353659	292000
2	4	0.250000000000	0.500000000000	2	0.316620000000	0.362480000000	0.028641577120	0.024491333680	142000
2	4	0.250000000000	0.500000000000	3	0.333408000000	0.348394000000	0.014596938261	0.015207367557	394000
2	5	0.250000000000	0.624000000000	1	0.378770000000	0.303718000000	0.018918165794	0.015704620693	130000
2	5	0.250000000000	0.624000000000	2	0.303808000000	0.381078000000	0.030672201093	0.029092409393	84000
2	5	0.250000000000	0.624000000000	3	0.379408000000	0.311584000000	0.020446897359	0.017165593541	70000
2	6	0.250000000000	0.750000000000	1	0.184512000000	0.496850000000	0.014606546724	0.017973885517	400000
2	6	0.250000000000	0.750000000000	2	0.439392000000	0.233970000000	0.026884067570	0.028255574273	32000
2	6	0.250000000000	0.750000000000	3	0.356592000000	0.323766000000	0.018131803504	0.020465778561	400000
2	7	0.250000000000	0.874000000000	1	0.341734000000	0.335128000000	0.019695917678	0.016820777466	42000
2	7	0.250000000000	0.874000000000	2	0.358194000000	0.317164000000	0.014927196160	0.013589620369	102000
2	7	0.250000000000	0.874000000000	3	0.250176000000	0.428196000000	0.011533171205	0.016626907050	400000
2	8	0.250000000000	1.000000000000	1	0.000000000000	1.000000000000	0.000000000000	0.000000000000	6000
2	8	0.250000000000	1.000000000000	2	0.000000000000	1.000000000000	0.000000000000	0.000000000000	6000
2	8	0.250000000000	1.000000000000	3	0.000000000000	1.000000000000	0.000000000000	0.000000000000	6000
