# scan initial plane
# b 1.3
# r 0
# e -0.4
# p12 0.3
# ndiv 10
# n_reps 5
# A:(0,1),	A':(0,0.400),	B:(1,0),	B'=(0.400,0),	C:(1,1),	D:(0,0),	E:(0.235,0.235) 
# columns: ix iy x1_0 x2_0 rep x1_inf x2_inf sigma_1 sigma_2 t_relax
0	0	0.000000000000	0.000000000000	1	0.000000000000	0.000000000000	0.000000000000	0.000000000000	4000
0	0	0.000000000000	0.000000000000	2	0.000000000000	0.000000000000	0.000000000000	0.000000000000	4000
0	0	0.000000000000	0.000000000000	3	0.000000000000	0.000000000000	0.000000000000	0.000000000000	4000
0	0	0.000000000000	0.000000000000	4	0.000000000000	0.000000000000	0.000000000000	0.000000000000	4000
0	0	0.000000000000	0.000000000000	5	0.000000000000	0.000000000000	0.000000000000	0.000000000000	4000
0	1	0.000000000000	0.100000000000	1	0.000000000000	0.351640000000	0.000000000000	0.022221705700	20000
0	1	0.000000000000	0.100000000000	2	0.000000000000	0.368800000000	0.000000000000	0.025546283734	10000
0	1	0.000000000000	0.100000000000	3	0.000000000000	0.366000000000	0.000000000000	0.019824050872	30000
0	1	0.000000000000	0.100000000000	4	0.000000000000	0.362930000000	0.000000000000	0.021479675893	30000
0	1	0.000000000000	0.100000000000	5	0.000000000000	0.363050000000	0.000000000000	0.017598500141	22000
0	2	0.000000000000	0.200000000000	1	0.000000000000	0.346700000000	0.000000000000	0.022499249237	30000
0	2	0.000000000000	0.200000000000	2	0.000000000000	0.354980000000	0.000000000000	0.019156371435	28000
0	2	0.000000000000	0.200000000000	3	0.000000000000	0.367080000000	0.000000000000	0.026309043422	26000
0	2	0.000000000000	0.200000000000	4	0.000000000000	0.367020000000	0.000000000000	0.019937831304	4000
0	2	0.000000000000	0.200000000000	5	0.000000000000	0.354480000000	0.000000000000	0.021349130788	4000
0	3	0.000000000000	0.300000000000	1	0.000000000000	0.359770000000	0.000000000000	0.025343428919	10000
0	3	0.000000000000	0.300000000000	2	0.000000000000	0.351140000000	0.000000000000	0.019821536098	22000
0	3	0.000000000000	0.300000000000	3	0.000000000000	0.351980000000	0.000000000000	0.023320021943	10000
0	3	0.000000000000	0.300000000000	4	0.000000000000	0.362780000000	0.000000000000	0.021511260640	10000
0	3	0.000000000000	0.300000000000	5	0.000000000000	0.363410000000	0.000000000000	0.023804170612	16000
0	4	0.000000000000	0.400000000000	1	0.000000000000	0.362460000000	0.000000000000	0.024452941466	4000
0	4	0.000000000000	0.400000000000	2	0.000000000000	0.359450000000	0.000000000000	0.021195441650	4000
0	4	0.000000000000	0.400000000000	3	0.000000000000	0.359890000000	0.000000000000	0.026267429982	24000
0	4	0.000000000000	0.400000000000	4	0.000000000000	0.358510000000	0.000000000000	0.022812283978	20000
0	4	0.000000000000	0.400000000000	5	0.000000000000	0.349980000000	0.000000000000	0.023544722423	16000
0	5	0.000000000000	0.500000000000	1	0.000000000000	0.346030000000	0.000000000000	0.016858924145	8000
0	5	0.000000000000	0.500000000000	2	0.000000000000	0.350360000000	0.000000000000	0.024800917029	16000
0	5	0.000000000000	0.500000000000	3	0.000000000000	0.356870000000	0.000000000000	0.018238304081	30000
0	5	0.000000000000	0.500000000000	4	0.000000000000	0.358540000000	0.000000000000	0.022279245157	6000
0	5	0.000000000000	0.500000000000	5	0.000000000000	0.363510000000	0.000000000000	0.017991764883	8000
0	6	0.000000000000	0.600000000000	1	0.000000000000	0.360630000000	0.000000000000	0.023521402092	6000
0	6	0.000000000000	0.600000000000	2	0.000000000000	0.358500000000	0.000000000000	0.024534709127	6000
0	6	0.000000000000	0.600000000000	3	0.000000000000	0.357310000000	0.000000000000	0.023643665598	12000
0	6	0.000000000000	0.600000000000	4	0.000000000000	0.360140000000	0.000000000000	0.024297546600	6000
0	6	0.000000000000	0.600000000000	5	0.000000000000	0.358580000000	0.000000000000	0.022178265836	10000
0	7	0.000000000000	0.700000000000	1	0.000000000000	0.353130000000	0.000000000000	0.023169806644	8000
0	7	0.000000000000	0.700000000000	2	0.000000000000	0.364000000000	0.000000000000	0.021681099374	12000
0	7	0.000000000000	0.700000000000	3	0.000000000000	0.363250000000	0.000000000000	0.028968546334	22000
0	7	0.000000000000	0.700000000000	4	0.000000000000	0.359060000000	0.000000000000	0.017934269933	26000
0	7	0.000000000000	0.700000000000	5	0.000000000000	0.371520000000	0.000000000000	0.019521031496	30000
0	8	0.000000000000	0.800000000000	1	0.000000000000	0.358010000000	0.000000000000	0.018511687729	10000
0	8	0.000000000000	0.800000000000	2	0.000000000000	0.353260000000	0.000000000000	0.020726842548	14000
0	8	0.000000000000	0.800000000000	3	0.000000000000	0.364060000000	0.000000000000	0.020102749079	30000
0	8	0.000000000000	0.800000000000	4	0.000000000000	0.359440000000	0.000000000000	0.016660251017	30000
0	8	0.000000000000	0.800000000000	5	0.000000000000	0.359940000000	0.000000000000	0.018262801809	8000
0	9	0.000000000000	0.900000000000	1	0.000000000000	0.355300000000	0.000000000000	0.021070214853	28000
0	9	0.000000000000	0.900000000000	2	0.000000000000	0.359870000000	0.000000000000	0.019236765662	20000
0	9	0.000000000000	0.900000000000	3	0.000000000000	0.349910000000	0.000000000000	0.022834476419	6000
0	9	0.000000000000	0.900000000000	4	0.000000000000	0.354810000000	0.000000000000	0.020837420620	12000
0	9	0.000000000000	0.900000000000	5	0.000000000000	0.357010000000	0.000000000000	0.025514915460	6000
0	10	0.000000000000	1.000000000000	1	0.000000000000	1.000000000000	0.000000000000	0.000000000000	4000
0	10	0.000000000000	1.000000000000	2	0.000000000000	1.000000000000	0.000000000000	0.000000000000	4000
0	10	0.000000000000	1.000000000000	3	0.000000000000	1.000000000000	0.000000000000	0.000000000000	4000
0	10	0.000000000000	1.000000000000	4	0.000000000000	1.000000000000	0.000000000000	0.000000000000	4000
0	10	0.000000000000	1.000000000000	5	0.000000000000	1.000000000000	0.000000000000	0.000000000000	4000
