# scan initial plane
# b 1.15
# r 0
# e -0.4
# p12 0.22
# ndiv 8
# n_reps 3
# A:(0,1),	A':(0,0.587),	B:(1,0),	B'=(0.587,0),	C:(1,1),	D:(0,0),	E:(0.325,0.325) 
# columns: ix iy x1_0 x2_0 rep x1_inf x2_inf sigma_1 sigma_2 t_relax
4	0	0.500000000000	0.000000000000	1	0.666088000000	0.000000000000	0.010285234175	0.000000000000	22000
4	0	0.500000000000	0.000000000000	2	0.664574000000	0.000000000000	0.010914286309	0.000000000000	18000
4	0	0.500000000000	0.000000000000	3	0.659932000000	0.000000000000	0.009696256669	0.000000000000	4000
4	1	0.500000000000	0.124000000000	1	0.405120000000	0.271840000000	0.016807501066	0.015089668588	8000
4	1	0.500000000000	0.124000000000	2	0.461786000000	0.213426000000	0.015734731831	0.012912988394	400000
4	1	0.500000000000	0.124000000000	3	0.280424000000	0.406140000000	0.014845895885	0.017172399113	400000
4	2	0.500000000000	0.250000000000	1	0.515454000000	0.161114000000	0.011682566771	0.010828862741	84000
4	2	0.500000000000	0.250000000000	2	0.481114000000	0.190092000000	0.016486928848	0.016305379523	52000
4	2	0.500000000000	0.250000000000	3	0.339786000000	0.354376000000	0.020279878636	0.015918794930	234000
4	3	0.500000000000	0.374000000000	1	0.415076000000	0.264376000000	0.013681132899	0.012607361721	30000
4	3	0.500000000000	0.374000000000	2	0.386884000000	0.295154000000	0.012111037165	0.011264420587	302000
4	3	0.500000000000	0.374000000000	3	0.453526000000	0.229168000000	0.020253135893	0.024531399584	142000
4	4	0.500000000000	0.500000000000	1	0.353164000000	0.317886000000	0.017012658068	0.015203096334	400000
4	4	0.500000000000	0.500000000000	2	0.214978000000	0.467850000000	0.019436905857	0.015718924409	146000
4	4	0.500000000000	0.500000000000	3	0.426750000000	0.259416000000	0.019318558608	0.020988841690	400000
4	5	0.500000000000	0.624000000000	1	0.397918000000	0.278116000000	0.024353035670	0.023725712918	148000
4	5	0.500000000000	0.624000000000	2	0.513376000000	0.153672000000	0.024235139075	0.022771626270	122000
4	5	0.500000000000	0.624000000000	3	0.304748000000	0.367222000000	0.041347770607	0.040185141054	258000
4	6	0.500000000000	0.750000000000	1	0.378130000000	0.305660000000	0.017013305163	0.017409752999	36000
4	6	0.500000000000	0.750000000000	2	0.351400000000	0.328500000000	0.017263198372	0.017497661791	164000
4	6	0.500000000000	0.750000000000	3	0.422768000000	0.258218000000	0.033057025622	0.026949485167	298000
4	7	0.500000000000	0.874000000000	1	0.307922000000	0.379814000000	0.021584619798	0.023780305021	212000
4	7	0.500000000000	0.874000000000	2	0.244196000000	0.434624000000	0.020817178938	0.020060834007	400000
4	7	0.500000000000	0.874000000000	3	0.333264000000	0.354840000000	0.017151106800	0.018114042026	16000
4	8	0.500000000000	1.000000000000	1	0.000000000000	1.000000000000	0.000000000000	0.000000000000	6000
4	8	0.500000000000	1.000000000000	2	0.000000000000	1.000000000000	0.000000000000	0.000000000000	6000
4	8	0.500000000000	1.000000000000	3	0.000000000000	1.000000000000	0.000000000000	0.000000000000	6000
