# scan initial plane
# b 1.15
# r 0
# e -0.4
# p12 0.2
# ndiv 8
# n_reps 3
# A:(0,1),	A':(0,0.533),	B:(1,0),	B'=(0.533,0),	C:(1,1),	D:(0,0),	E:(0.308,0.308) 
# columns: ix iy x1_0 x2_0 rep x1_inf x2_inf sigma_1 sigma_2 t_relax
1	0	0.124000000000	0.000000000000	1	0.574306000000	0.000000000000	0.010468808908	0.000000000000	10000
1	0	0.124000000000	0.000000000000	2	0.573342000000	0.000000000000	0.010634101754	0.000000000000	25000
1	0	0.124000000000	0.000000000000	3	0.555452000000	0.000000000000	0.010019585225	0.000000000000	22000
1	1	0.124000000000	0.124000000000	1	0.305278000000	0.318874000000	0.019395744660	0.019294050492	25000
1	1	0.124000000000	0.124000000000	2	0.326710000000	0.302744000000	0.022575419144	0.018953144480	25000
1	1	0.124000000000	0.124000000000	3	0.302636000000	0.333294000000	0.014663782954	0.010108201608	25000
1	2	0.124000000000	0.250000000000	1	0.339096000000	0.296958000000	0.022252144659	0.020690150273	25000
1	2	0.124000000000	0.250000000000	2	0.265238000000	0.359828000000	0.014261091639	0.016801568638	25000
1	2	0.124000000000	0.250000000000	3	0.308944000000	0.324456000000	0.017484581052	0.018072927120	25000
1	3	0.124000000000	0.374000000000	1	0.321554000000	0.307566000000	0.010944810317	0.011035280759	25000
1	3	0.124000000000	0.374000000000	2	0.352596000000	0.277626000000	0.013342818848	0.015313609327	25000
1	3	0.124000000000	0.374000000000	3	0.303584000000	0.319278000000	0.014534586275	0.013361933141	25000
1	4	0.124000000000	0.500000000000	1	0.361628000000	0.271130000000	0.011162536370	0.016355139577	25000
1	4	0.124000000000	0.500000000000	2	0.321866000000	0.309534000000	0.013416334896	0.011299314958	25000
1	4	0.124000000000	0.500000000000	3	0.325444000000	0.309614000000	0.012974559846	0.013305338629	25000
1	5	0.124000000000	0.624000000000	1	0.316506000000	0.313896000000	0.018644881217	0.014079610059	25000
1	5	0.124000000000	0.624000000000	2	0.349920000000	0.284340000000	0.014165389450	0.017257526538	25000
1	5	0.124000000000	0.624000000000	3	0.312032000000	0.313132000000	0.009399538676	0.010693967315	25000
1	6	0.124000000000	0.750000000000	1	0.314622000000	0.317438000000	0.014360478381	0.014261681232	25000
1	6	0.124000000000	0.750000000000	2	0.307568000000	0.312812000000	0.019320109799	0.021749429733	14000
1	6	0.124000000000	0.750000000000	3	0.308340000000	0.325216000000	0.013556554879	0.018086914620	25000
1	7	0.124000000000	0.874000000000	1	0.346902000000	0.289644000000	0.016157582228	0.014616117641	25000
1	7	0.124000000000	0.874000000000	2	0.330008000000	0.301222000000	0.024626132104	0.023439541978	25000
1	7	0.124000000000	0.874000000000	3	0.345648000000	0.282340000000	0.019854629241	0.018630713983	25000
1	8	0.124000000000	1.000000000000	1	0.000000000000	1.000000000000	0.000000000000	0.000000000000	6000
1	8	0.124000000000	1.000000000000	2	0.000000000000	1.000000000000	0.000000000000	0.000000000000	6000
1	8	0.124000000000	1.000000000000	3	0.000000000000	1.000000000000	0.000000000000	0.000000000000	6000
