# scan initial plane
# b 1.15
# r 0
# e -0.4
# p12 0.2
# ndiv 8
# n_reps 3
# A:(0,1),	A':(0,0.533),	B:(1,0),	B'=(0.533,0),	C:(1,1),	D:(0,0),	E:(0.308,0.308) 
# columns: ix iy x1_0 x2_0 rep x1_inf x2_inf sigma_1 sigma_2 t_relax
3	0	0.374000000000	0.000000000000	1	0.570520000000	0.000000000000	0.012390767980	0.000000000000	25000
3	0	0.374000000000	0.000000000000	2	0.571548000000	0.000000000000	0.014665427739	0.000000000000	25000
3	0	0.374000000000	0.000000000000	3	0.565188000000	0.000000000000	0.009824722957	0.000000000000	25000
3	1	0.374000000000	0.124000000000	1	0.314952000000	0.313572000000	0.010834162408	0.012433640312	25000
3	1	0.374000000000	0.124000000000	2	0.338236000000	0.280600000000	0.011537305293	0.009106202442	25000
3	1	0.374000000000	0.124000000000	3	0.336800000000	0.295992000000	0.014062352213	0.017061155266	25000
3	2	0.374000000000	0.250000000000	1	0.310650000000	0.317816000000	0.015186972843	0.015511761949	25000
3	2	0.374000000000	0.250000000000	2	0.302650000000	0.321696000000	0.016203828685	0.018370766698	25000
3	2	0.374000000000	0.250000000000	3	0.289018000000	0.340454000000	0.014897436344	0.016939564128	25000
3	3	0.374000000000	0.374000000000	1	0.323080000000	0.315140000000	0.014406705146	0.014431239055	25000
3	3	0.374000000000	0.374000000000	2	0.302130000000	0.332030000000	0.016200047578	0.017957883661	25000
3	3	0.374000000000	0.374000000000	3	0.350950000000	0.281188000000	0.014079905672	0.015699781500	25000
3	4	0.374000000000	0.500000000000	1	0.335850000000	0.291936000000	0.030703032036	0.025916704644	25000
3	4	0.374000000000	0.500000000000	2	0.348592000000	0.280622000000	0.014742960723	0.017180229227	25000
3	4	0.374000000000	0.500000000000	3	0.328962000000	0.305766000000	0.015420127637	0.016136468933	25000
3	5	0.374000000000	0.624000000000	1	0.343660000000	0.282966000000	0.020308639562	0.015576439563	25000
3	5	0.374000000000	0.624000000000	2	0.314584000000	0.306918000000	0.012923542934	0.009678375222	25000
3	5	0.374000000000	0.624000000000	3	0.344892000000	0.286608000000	0.024885329325	0.029886510996	25000
3	6	0.374000000000	0.750000000000	1	0.336692000000	0.286214000000	0.013954922998	0.013167368134	25000
3	6	0.374000000000	0.750000000000	2	0.319618000000	0.302342000000	0.012336704190	0.011944777675	25000
3	6	0.374000000000	0.750000000000	3	0.314214000000	0.318272000000	0.016638119817	0.013691511000	25000
3	7	0.374000000000	0.874000000000	1	0.270758000000	0.354924000000	0.010684174633	0.012032747442	25000
3	7	0.374000000000	0.874000000000	2	0.313608000000	0.323212000000	0.019803396439	0.018150164861	25000
3	7	0.374000000000	0.874000000000	3	0.354960000000	0.268996000000	0.012192910525	0.014844674073	25000
3	8	0.374000000000	1.000000000000	1	0.000000000000	1.000000000000	0.000000000000	0.000000000000	6000
3	8	0.374000000000	1.000000000000	2	0.000000000000	1.000000000000	0.000000000000	0.000000000000	6000
3	8	0.374000000000	1.000000000000	3	0.000000000000	1.000000000000	0.000000000000	0.000000000000	6000
