# scan initial plane
# b 1.174
# r 0
# e -0.4
# N1 250
# N2 250
# P11 0.9
# p12 0.1
# P22 0.9
# T_MCS 1000
# T_MAX 30000
# W 2000
# UPDATE_RULE 0
# FERMI_BETA 1
# DEGREE_ALPHA 0.5
# DEGREE_FACTOR_MIN 0.5
# DEGREE_FACTOR_MAX 2
# ndiv 10
# n_reps 5
# A:(0,1),	A':(0,0.230),	B:(1,0),	B'=(0.230,0),	C:(1,1),	D:(0,0),	E:(0.173,0.173) 
# columns: ix iy x1_0 x2_0 rep x1_inf x2_inf sigma_1 sigma_2 t_relax
0	0	0.000000000000	0.000000000000	1	0.000000000000	0.000000000000	0.000000000000	0.000000000000	4000
0	0	0.000000000000	0.000000000000	2	0.000000000000	0.000000000000	0.000000000000	0.000000000000	4000
0	0	0.000000000000	0.000000000000	3	0.000000000000	0.000000000000	0.000000000000	0.000000000000	4000
0	0	0.000000000000	0.000000000000	4	0.000000000000	0.000000000000	0.000000000000	0.000000000000	4000
0	0	0.000000000000	0.000000000000	5	0.000000000000	0.000000000000	0.000000000000	0.000000000000	4000
0	1	0.000000000000	0.100000000000	1	0.000000000000	0.214500000000	0.000000000000	0.015463671140	4000
0	1	0.000000000000	0.100000000000	2	0.000000000000	0.214928000000	0.000000000000	0.013749758975	30000
0	1	0.000000000000	0.100000000000	3	0.000000000000	0.215160000000	0.000000000000	0.013205331529	26000
0	1	0.000000000000	0.100000000000	4	0.000000000000	0.215404000000	0.000000000000	0.012816905128	26000
0	1	0.000000000000	0.100000000000	5	0.000000000000	0.219936000000	0.000000000000	0.009145027913	24000
0	2	0.000000000000	0.200000000000	1	0.000000000000	0.220008000000	0.000000000000	0.012483419875	26000
0	2	0.000000000000	0.200000000000	2	0.000000000000	0.216876000000	0.000000000000	0.011562279633	12000
0	2	0.000000000000	0.200000000000	3	0.000000000000	0.219552000000	0.000000000000	0.013937918121	28000
0	2	0.000000000000	0.200000000000	4	0.000000000000	0.215344000000	0.000000000000	0.014154363638	28000
0	2	0.000000000000	0.200000000000	5	0.000000000000	0.217508000000	0.000000000000	0.012029240983	30000
0	3	0.000000000000	0.300000000000	1	0.000000000000	0.213964000000	0.000000000000	0.012105587522	30000
0	3	0.000000000000	0.300000000000	2	0.000000000000	0.215296000000	0.000000000000	0.010777965882	30000
0	3	0.000000000000	0.300000000000	3	0.000000000000	0.221308000000	0.000000000000	0.011940507180	20000
0	3	0.000000000000	0.300000000000	4	0.000000000000	0.214800000000	0.000000000000	0.011242704230	18000
0	3	0.000000000000	0.300000000000	5	0.000000000000	0.211588000000	0.000000000000	0.011328132352	6000
0	4	0.000000000000	0.400000000000	1	0.000000000000	0.222584000000	0.000000000000	0.008702567361	4000
0	4	0.000000000000	0.400000000000	2	0.000000000000	0.224748000000	0.000000000000	0.013041878185	12000
0	4	0.000000000000	0.400000000000	3	0.000000000000	0.210396000000	0.000000000000	0.009908651037	14000
0	4	0.000000000000	0.400000000000	4	0.000000000000	0.216264000000	0.000000000000	0.011748205153	30000
0	4	0.000000000000	0.400000000000	5	0.000000000000	0.215732000000	0.000000000000	0.012330134152	30000
0	5	0.000000000000	0.500000000000	1	0.000000000000	0.215160000000	0.000000000000	0.010243794967	10000
0	5	0.000000000000	0.500000000000	2	0.000000000000	0.228076000000	0.000000000000	0.011746156656	8000
0	5	0.000000000000	0.500000000000	3	0.000000000000	0.219784000000	0.000000000000	0.012782046969	14000
0	5	0.000000000000	0.500000000000	4	0.000000000000	0.212980000000	0.000000000000	0.009543724780	30000
0	5	0.000000000000	0.500000000000	5	0.000000000000	0.212316000000	0.000000000000	0.010644691327	6000
0	6	0.000000000000	0.600000000000	1	0.000000000000	0.218248000000	0.000000000000	0.011610051218	10000
0	6	0.000000000000	0.600000000000	2	0.000000000000	0.219864000000	0.000000000000	0.014279264736	12000
0	6	0.000000000000	0.600000000000	3	0.000000000000	0.213208000000	0.000000000000	0.013234949939	14000
0	6	0.000000000000	0.600000000000	4	0.000000000000	0.213576000000	0.000000000000	0.011253215490	30000
0	6	0.000000000000	0.600000000000	5	0.000000000000	0.217068000000	0.000000000000	0.011960368992	10000
0	7	0.000000000000	0.700000000000	1	0.000000000000	0.224528000000	0.000000000000	0.009827807579	28000
0	7	0.000000000000	0.700000000000	2	0.000000000000	0.216096000000	0.000000000000	0.008509712051	6000
0	7	0.000000000000	0.700000000000	3	0.000000000000	0.212544000000	0.000000000000	0.015882200991	14000
0	7	0.000000000000	0.700000000000	4	0.000000000000	0.212392000000	0.000000000000	0.012801649043	30000
0	7	0.000000000000	0.700000000000	5	0.000000000000	0.210452000000	0.000000000000	0.012762075324	30000
0	8	0.000000000000	0.800000000000	1	0.000000000000	0.217352000000	0.000000000000	0.012230522543	28000
0	8	0.000000000000	0.800000000000	2	0.000000000000	0.225312000000	0.000000000000	0.010129425515	20000
0	8	0.000000000000	0.800000000000	3	0.000000000000	0.218440000000	0.000000000000	0.014394916242	30000
0	8	0.000000000000	0.800000000000	4	0.000000000000	0.216724000000	0.000000000000	0.010284629191	18000
0	8	0.000000000000	0.800000000000	5	0.000000000000	0.213584000000	0.000000000000	0.011069845775	12000
0	9	0.000000000000	0.900000000000	1	0.000000000000	0.214088000000	0.000000000000	0.013559355151	10000
0	9	0.000000000000	0.900000000000	2	0.000000000000	0.217840000000	0.000000000000	0.013574043416	12000
0	9	0.000000000000	0.900000000000	3	0.000000000000	0.210980000000	0.000000000000	0.009892292831	10000
0	9	0.000000000000	0.900000000000	4	0.000000000000	0.219640000000	0.000000000000	0.010730962378	30000
0	9	0.000000000000	0.900000000000	5	0.000000000000	0.217116000000	0.000000000000	0.010345896848	30000
0	10	0.000000000000	1.000000000000	1	0.000000000000	1.000000000000	0.000000000000	0.000000000000	4000
0	10	0.000000000000	1.000000000000	2	0.000000000000	1.000000000000	0.000000000000	0.000000000000	4000
0	10	0.000000000000	1.000000000000	3	0.000000000000	1.000000000000	0.000000000000	0.000000000000	4000
0	10	0.000000000000	1.000000000000	4	0.000000000000	1.000000000000	0.000000000000	0.000000000000	4000
0	10	0.000000000000	1.000000000000	5	0.000000000000	1.000000000000	0.000000000000	0.000000000000	4000
1	0	0.100000000000	0.000000000000	1	0.208572000000	0.000000000000	0.010146909666	0.000000000000	12000
1	0	0.100000000000	0.000000000000	2	0.225880000000	0.000000000000	0.015389295969	0.000000000000	30000
1	0	0.100000000000	0.000000000000	3	0.222564000000	0.000000000000	0.010223621004	0.000000000000	14000
1	0	0.100000000000	0.000000000000	4	0.210776000000	0.000000000000	0.015362872187	0.000000000000	10000
1	0	0.100000000000	0.000000000000	5	0.219476000000	0.000000000000	0.012731044871	0.000000000000	30000
1	1	0.100000000000	0.100000000000	1	0.166252000000	0.151688000000	0.014864637683	0.014030948775	30000
1	1	0.100000000000	0.100000000000	2	0.165120000000	0.153100000000	0.012586660559	0.015250395883	30000
1	1	0.100000000000	0.100000000000	3	0.158112000000	0.147848000000	0.017292729527	0.014689338742	30000
1	1	0.100000000000	0.100000000000	4	0.157300000000	0.147108000000	0.015983662830	0.009595854126	30000
1	1	0.100000000000	0.100000000000	5	0.160168000000	0.151932000000	0.012454030628	0.013523396698	30000
1	2	0.100000000000	0.200000000000	1	0.155564000000	0.156952000000	0.013189080933	0.011357054137	30000
1	2	0.100000000000	0.200000000000	2	0.153092000000	0.151968000000	0.016234749863	0.012408745019	30000
1	2	0.100000000000	0.200000000000	3	0.156476000000	0.150596000000	0.013060781294	0.013342818848	14000
1	2	0.100000000000	0.200000000000	4	0.161308000000	0.147536000000	0.012096423416	0.012995444801	30000
1	2	0.100000000000	0.200000000000	5	0.148152000000	0.149900000000	0.012194326451	0.011414740308	30000
1	3	0.100000000000	0.300000000000	1	0.157336000000	0.153196000000	0.012328791632	0.014650604910	30000
1	3	0.100000000000	0.300000000000	2	0.151244000000	0.150948000000	0.010098437624	0.010736879275	30000
1	3	0.100000000000	0.300000000000	3	0.151292000000	0.157180000000	0.009148466015	0.013236873302	30000
1	3	0.100000000000	0.300000000000	4	0.161860000000	0.156364000000	0.010210026672	0.014751444306	30000
1	3	0.100000000000	0.300000000000	5	0.154276000000	0.161764000000	0.010180543574	0.011096821322	30000
1	4	0.100000000000	0.400000000000	1	0.172776000000	0.137388000000	0.014978590794	0.011570277755	30000
1	4	0.100000000000	0.400000000000	2	0.150216000000	0.171180000000	0.008861595334	0.015772646461	30000
1	4	0.100000000000	0.400000000000	3	0.146276000000	0.154092000000	0.013632228786	0.017691142205	30000
1	4	0.100000000000	0.400000000000	4	0.145680000000	0.140240000000	0.015253664290	0.010684969283	30000
1	4	0.100000000000	0.400000000000	5	0.153588000000	0.162516000000	0.013812060999	0.012114474999	30000
1	5	0.100000000000	0.500000000000	1	0.151680000000	0.152140000000	0.018545984836	0.013465872780	12000
1	5	0.100000000000	0.500000000000	2	0.143068000000	0.161516000000	0.012308162611	0.012251197323	30000
1	5	0.100000000000	0.500000000000	3	0.160884000000	0.150660000000	0.014137978159	0.011452141789	30000
1	5	0.100000000000	0.500000000000	4	0.156808000000	0.151712000000	0.016687528565	0.015615405755	30000
1	5	0.100000000000	0.500000000000	5	0.147084000000	0.154020000000	0.014476273917	0.016585858154	30000
1	6	0.100000000000	0.600000000000	1	0.159444000000	0.145544000000	0.015134593484	0.014413320499	30000
1	6	0.100000000000	0.600000000000	2	0.166756000000	0.151236000000	0.012153360365	0.015924003199	30000
1	6	0.100000000000	0.600000000000	3	0.142760000000	0.169756000000	0.012678136107	0.016077031285	30000
1	6	0.100000000000	0.600000000000	4	0.173224000000	0.135740000000	0.011514617250	0.014491874082	30000
1	6	0.100000000000	0.600000000000	5	0.156404000000	0.144056000000	0.012607765057	0.012073716853	18000
1	7	0.100000000000	0.700000000000	1	0.154484000000	0.163312000000	0.012658830514	0.009541577317	30000
1	7	0.100000000000	0.700000000000	2	0.151360000000	0.170772000000	0.017234832156	0.017327673366	30000
1	7	0.100000000000	0.700000000000	3	0.157460000000	0.156212000000	0.013586647747	0.011968722000	30000
1	7	0.100000000000	0.700000000000	4	0.163172000000	0.151864000000	0.011494979363	0.011829177209	16000
1	7	0.100000000000	0.700000000000	5	0.148488000000	0.167704000000	0.014315263979	0.010888477531	30000
1	8	0.100000000000	0.800000000000	1	0.138020000000	0.172952000000	0.016901516537	0.015328948844	30000
1	8	0.100000000000	0.800000000000	2	0.149352000000	0.161804000000	0.010141545590	0.012442041166	20000
1	8	0.100000000000	0.800000000000	3	0.172984000000	0.128644000000	0.014824422670	0.010303952418	30000
1	8	0.100000000000	0.800000000000	4	0.175760000000	0.132260000000	0.010091394167	0.014632652340	30000
1	8	0.100000000000	0.800000000000	5	0.160332000000	0.153976000000	0.013075042361	0.016444264588	30000
1	9	0.100000000000	0.900000000000	1	0.155284000000	0.148328000000	0.011173369599	0.011954720044	30000
1	9	0.100000000000	0.900000000000	2	0.175820000000	0.149652000000	0.019463463886	0.012463154746	30000
1	9	0.100000000000	0.900000000000	3	0.147904000000	0.149948000000	0.014027243049	0.012341377784	30000
1	9	0.100000000000	0.900000000000	4	0.152184000000	0.158392000000	0.014367064995	0.011088069322	30000
1	9	0.100000000000	0.900000000000	5	0.154908000000	0.154456000000	0.015566947866	0.012510978722	30000
1	10	0.100000000000	1.000000000000	1	0.000000000000	1.000000000000	0.000000000000	0.000000000000	6000
1	10	0.100000000000	1.000000000000	2	0.000000000000	1.000000000000	0.000000000000	0.000000000000	6000
1	10	0.100000000000	1.000000000000	3	0.000000000000	1.000000000000	0.000000000000	0.000000000000	6000
1	10	0.100000000000	1.000000000000	4	0.000000000000	1.000000000000	0.000000000000	0.000000000000	6000
1	10	0.100000000000	1.000000000000	5	0.000000000000	1.000000000000	0.000000000000	0.000000000000	6000
2	0	0.200000000000	0.000000000000	1	0.215800000000	0.000000000000	0.012226425704	0.000000000000	4000
2	0	0.200000000000	0.000000000000	2	0.217660000000	0.000000000000	0.015725765473	0.000000000000	6000
2	0	0.200000000000	0.000000000000	3	0.222452000000	0.000000000000	0.010697576087	0.000000000000	4000
2	0	0.200000000000	0.000000000000	4	0.217152000000	0.000000000000	0.012170991292	0.000000000000	18000
2	0	0.200000000000	0.000000000000	5	0.219256000000	0.000000000000	0.009834998281	0.000000000000	8000
2	1	0.200000000000	0.100000000000	1	0.147220000000	0.152016000000	0.011199152692	0.016759732475	18000
2	1	0.200000000000	0.100000000000	2	0.173172000000	0.141096000000	0.013490456197	0.017093243196	30000
2	1	0.200000000000	0.100000000000	3	0.147032000000	0.141728000000	0.015044244923	0.011395080687	30000
2	1	0.200000000000	0.100000000000	4	0.164232000000	0.148144000000	0.010913536607	0.011104168882	30000
2	1	0.200000000000	0.100000000000	5	0.149892000000	0.157728000000	0.016204534024	0.014375697433	24000
2	2	0.200000000000	0.200000000000	1	0.171736000000	0.145200000000	0.014182928451	0.012901102218	30000
2	2	0.200000000000	0.200000000000	2	0.149068000000	0.151692000000	0.011589032819	0.008867003990	30000
2	2	0.200000000000	0.200000000000	3	0.156556000000	0.146760000000	0.014402579571	0.015606728356	12000
2	2	0.200000000000	0.200000000000	4	0.161040000000	0.153960000000	0.011715957650	0.014465948419	30000
2	2	0.200000000000	0.200000000000	5	0.156996000000	0.150088000000	0.009435730868	0.013010823861	30000
2	3	0.200000000000	0.300000000000	1	0.167732000000	0.145232000000	0.012643101836	0.012333137568	30000
2	3	0.200000000000	0.300000000000	2	0.159552000000	0.157580000000	0.010254386790	0.011097150389	30000
2	3	0.200000000000	0.300000000000	3	0.173684000000	0.155460000000	0.011138051903	0.016911368791	30000
2	3	0.200000000000	0.300000000000	4	0.159740000000	0.141916000000	0.014228663144	0.015620914088	30000
2	3	0.200000000000	0.300000000000	5	0.158916000000	0.149876000000	0.009948462993	0.009013871192	30000
2	4	0.200000000000	0.400000000000	1	0.164888000000	0.134964000000	0.012652095934	0.015514102984	30000
2	4	0.200000000000	0.400000000000	2	0.148432000000	0.162760000000	0.012353379375	0.015653863531	30000
2	4	0.200000000000	0.400000000000	3	0.156580000000	0.157100000000	0.015557430174	0.010915546214	30000
2	4	0.200000000000	0.400000000000	4	0.155504000000	0.149400000000	0.012482539717	0.014506634429	30000
2	4	0.200000000000	0.400000000000	5	0.144360000000	0.170816000000	0.013760077752	0.019024617738	30000
2	5	0.200000000000	0.500000000000	1	0.158688000000	0.165280000000	0.015448148799	0.010262305536	30000
2	5	0.200000000000	0.500000000000	2	0.154668000000	0.145420000000	0.009473939599	0.012026647091	30000
2	5	0.200000000000	0.500000000000	3	0.158788000000	0.154780000000	0.012369480994	0.014891519646	30000
2	5	0.200000000000	0.500000000000	4	0.146564000000	0.157380000000	0.013039475907	0.008287115076	30000
2	5	0.200000000000	0.500000000000	5	0.148144000000	0.146760000000	0.013688193111	0.013033198543	30000
2	6	0.200000000000	0.600000000000	1	0.150048000000	0.149404000000	0.009143374503	0.011445863523	30000
2	6	0.200000000000	0.600000000000	2	0.154692000000	0.152380000000	0.009881030856	0.011652612728	30000
2	6	0.200000000000	0.600000000000	3	0.138368000000	0.157656000000	0.011376906874	0.010967677692	30000
2	6	0.200000000000	0.600000000000	4	0.161640000000	0.141208000000	0.015223342279	0.011398889010	30000
2	6	0.200000000000	0.600000000000	5	0.157376000000	0.154420000000	0.009547658445	0.016927555705	30000
2	7	0.200000000000	0.700000000000	1	0.150372000000	0.150720000000	0.015658697609	0.009856304924	30000
2	7	0.200000000000	0.700000000000	2	0.155800000000	0.149628000000	0.010840549687	0.013037775869	30000
2	7	0.200000000000	0.700000000000	3	0.153400000000	0.158256000000	0.011042551242	0.010000123323	30000
2	7	0.200000000000	0.700000000000	4	0.155356000000	0.154480000000	0.014340952790	0.013228173895	30000
2	7	0.200000000000	0.700000000000	5	0.145048000000	0.148096000000	0.008249712344	0.011646734754	30000
2	8	0.200000000000	0.800000000000	1	0.158196000000	0.143516000000	0.011677068893	0.009895841130	30000
2	8	0.200000000000	0.800000000000	2	0.158372000000	0.142932000000	0.011334464526	0.014649572894	30000
2	8	0.200000000000	0.800000000000	3	0.154100000000	0.156436000000	0.012857188935	0.011250621338	30000
2	8	0.200000000000	0.800000000000	4	0.155760000000	0.158528000000	0.014693614338	0.016941553419	30000
2	8	0.200000000000	0.800000000000	5	0.155128000000	0.156504000000	0.012366428124	0.014115283392	30000
2	9	0.200000000000	0.900000000000	1	0.149052000000	0.157564000000	0.019348272575	0.015210827501	30000
2	9	0.200000000000	0.900000000000	2	0.160692000000	0.155112000000	0.011927757853	0.016583318801	30000
2	9	0.200000000000	0.900000000000	3	0.150980000000	0.145200000000	0.015864276702	0.015410564087	30000
2	9	0.200000000000	0.900000000000	4	0.146544000000	0.167108000000	0.011192378359	0.008829172684	30000
2	9	0.200000000000	0.900000000000	5	0.169848000000	0.139012000000	0.014403067185	0.014620178029	30000
2	10	0.200000000000	1.000000000000	1	0.000000000000	1.000000000000	0.000000000000	0.000000000000	6000
2	10	0.200000000000	1.000000000000	2	0.000000000000	1.000000000000	0.000000000000	0.000000000000	6000
2	10	0.200000000000	1.000000000000	3	0.000000000000	1.000000000000	0.000000000000	0.000000000000	8000
2	10	0.200000000000	1.000000000000	4	0.000000000000	1.000000000000	0.000000000000	0.000000000000	6000
2	10	0.200000000000	1.000000000000	5	0.000000000000	1.000000000000	0.000000000000	0.000000000000	6000
3	0	0.300000000000	0.000000000000	1	0.226620000000	0.000000000000	0.012067195914	0.000000000000	16000
3	0	0.300000000000	0.000000000000	2	0.218892000000	0.000000000000	0.013642230259	0.000000000000	30000
3	0	0.300000000000	0.000000000000	3	0.214980000000	0.000000000000	0.014273167950	0.000000000000	30000
3	0	0.300000000000	0.000000000000	4	0.221720000000	0.000000000000	0.010459780447	0.000000000000	6000
3	0	0.300000000000	0.000000000000	5	0.207552000000	0.000000000000	0.013842214523	0.000000000000	20000
3	1	0.300000000000	0.100000000000	1	0.146680000000	0.146708000000	0.009889965188	0.011001261917	30000
3	1	0.300000000000	0.100000000000	2	0.152036000000	0.139888000000	0.013731542494	0.015239806682	30000
3	1	0.300000000000	0.100000000000	3	0.165328000000	0.145508000000	0.011360170310	0.011445214237	30000
3	1	0.300000000000	0.100000000000	4	0.165276000000	0.153752000000	0.012443096667	0.010863171936	30000
3	1	0.300000000000	0.100000000000	5	0.166180000000	0.151924000000	0.009279100264	0.011488350891	30000
3	2	0.300000000000	0.200000000000	1	0.144536000000	0.164028000000	0.014552129345	0.013086576117	30000
3	2	0.300000000000	0.200000000000	2	0.155872000000	0.157392000000	0.021280330554	0.015258543809	30000
3	2	0.300000000000	0.200000000000	3	0.159748000000	0.160932000000	0.011755964388	0.009736229772	4000
3	2	0.300000000000	0.200000000000	4	0.162524000000	0.151008000000	0.010203800348	0.012251940501	30000
3	2	0.300000000000	0.200000000000	5	0.152056000000	0.155240000000	0.012315377888	0.012588123802	30000
3	3	0.300000000000	0.300000000000	1	0.153284000000	0.166948000000	0.013806591396	0.010972953190	30000
3	3	0.300000000000	0.300000000000	2	0.164544000000	0.146052000000	0.013021890555	0.010774106802	16000
3	3	0.300000000000	0.300000000000	3	0.148104000000	0.155248000000	0.011466501850	0.013751203278	30000
3	3	0.300000000000	0.300000000000	4	0.144508000000	0.157784000000	0.014831652434	0.016497318131	30000
3	3	0.300000000000	0.300000000000	5	0.162724000000	0.150512000000	0.013502375278	0.012470339425	30000
3	4	0.300000000000	0.400000000000	1	0.149876000000	0.163024000000	0.014377737769	0.016734140416	30000
3	4	0.300000000000	0.400000000000	2	0.154424000000	0.159972000000	0.013312153749	0.012927735391	30000
3	4	0.300000000000	0.400000000000	3	0.169700000000	0.145680000000	0.013038404810	0.012632386044	30000
3	4	0.300000000000	0.400000000000	4	0.157048000000	0.155032000000	0.016429352380	0.012598003242	30000
3	4	0.300000000000	0.400000000000	5	0.155148000000	0.147180000000	0.010658879289	0.012690178905	16000
3	5	0.300000000000	0.500000000000	1	0.143468000000	0.156304000000	0.012873332851	0.012023483195	30000
3	5	0.300000000000	0.500000000000	2	0.149736000000	0.161508000000	0.012695648210	0.011258983111	30000
3	5	0.300000000000	0.500000000000	3	0.162760000000	0.136460000000	0.011515685434	0.009397271344	30000
3	5	0.300000000000	0.500000000000	4	0.153712000000	0.157968000000	0.011217615205	0.013055321421	30000
3	5	0.300000000000	0.500000000000	5	0.157952000000	0.157632000000	0.011416480720	0.011406431637	30000
3	6	0.300000000000	0.600000000000	1	0.165676000000	0.130240000000	0.017192516006	0.023939329387	8000
3	6	0.300000000000	0.600000000000	2	0.152256000000	0.164808000000	0.010930596596	0.009954608492	30000
3	6	0.300000000000	0.600000000000	3	0.144228000000	0.166868000000	0.014297707524	0.009511732179	30000
3	6	0.300000000000	0.600000000000	4	0.164240000000	0.150708000000	0.013103362091	0.017929087768	30000
3	6	0.300000000000	0.600000000000	5	0.163164000000	0.144896000000	0.020738447078	0.014081031903	30000
3	7	0.300000000000	0.700000000000	1	0.159188000000	0.150072000000	0.013579582507	0.015165249777	30000
3	7	0.300000000000	0.700000000000	2	0.141868000000	0.156376000000	0.010520706310	0.010590693404	30000
3	7	0.300000000000	0.700000000000	3	0.155928000000	0.142448000000	0.013015845275	0.020060152186	30000
3	7	0.300000000000	0.700000000000	4	0.158848000000	0.158468000000	0.013236317316	0.009041610848	30000
3	7	0.300000000000	0.700000000000	5	0.155668000000	0.158112000000	0.012277806014	0.013073269154	8000
3	8	0.300000000000	0.800000000000	1	0.160684000000	0.150160000000	0.013334389748	0.009066454688	6000
3	8	0.300000000000	0.800000000000	2	0.165232000000	0.137828000000	0.011751948106	0.012217679309	30000
3	8	0.300000000000	0.800000000000	3	0.167316000000	0.143836000000	0.014797537333	0.019228490290	8000
3	8	0.300000000000	0.800000000000	4	0.154612000000	0.141576000000	0.012845484127	0.011646280945	30000
3	8	0.300000000000	0.800000000000	5	0.162836000000	0.147700000000	0.019543670563	0.021707446032	30000
3	9	0.300000000000	0.900000000000	1	0.147936000000	0.150364000000	0.011607007652	0.018701691294	30000
3	9	0.300000000000	0.900000000000	2	0.148156000000	0.158328000000	0.012844790876	0.015265039713	30000
3	9	0.300000000000	0.900000000000	3	0.155504000000	0.154932000000	0.014234205162	0.012962847350	30000
3	9	0.300000000000	0.900000000000	4	0.146384000000	0.149852000000	0.011962426328	0.017030212099	30000
3	9	0.300000000000	0.900000000000	5	0.163912000000	0.147564000000	0.009750042016	0.012042712773	26000
3	10	0.300000000000	1.000000000000	1	0.000000000000	1.000000000000	0.000000000000	0.000000000000	8000
3	10	0.300000000000	1.000000000000	2	0.000000000000	1.000000000000	0.000000000000	0.000000000000	6000
3	10	0.300000000000	1.000000000000	3	0.000000000000	1.000000000000	0.000000000000	0.000000000000	6000
3	10	0.300000000000	1.000000000000	4	0.000000000000	1.000000000000	0.000000000000	0.000000000000	6000
3	10	0.300000000000	1.000000000000	5	0.000000000000	1.000000000000	0.000000000000	0.000000000000	8000
4	0	0.400000000000	0.000000000000	1	0.221648000000	0.000000000000	0.011218643142	0.000000000000	6000
4	0	0.400000000000	0.000000000000	2	0.217168000000	0.000000000000	0.010922411596	0.000000000000	14000
4	0	0.400000000000	0.000000000000	3	0.207924000000	0.000000000000	0.013853307841	0.000000000000	8000
4	0	0.400000000000	0.000000000000	4	0.223048000000	0.000000000000	0.014439050598	0.000000000000	4000
4	0	0.400000000000	0.000000000000	5	0.208392000000	0.000000000000	0.011872122105	0.000000000000	24000
4	1	0.400000000000	0.100000000000	1	0.157660000000	0.140228000000	0.009928493087	0.008436301748	30000
4	1	0.400000000000	0.100000000000	2	0.155768000000	0.143912000000	0.015507245102	0.012080156712	30000
4	1	0.400000000000	0.100000000000	3	0.154424000000	0.152604000000	0.013975390354	0.009699549745	30000
4	1	0.400000000000	0.100000000000	4	0.155480000000	0.156052000000	0.010060159383	0.007820643097	30000
4	1	0.400000000000	0.100000000000	5	0.152000000000	0.147932000000	0.013531263618	0.009283186606	30000
4	2	0.400000000000	0.200000000000	1	0.153852000000	0.140168000000	0.010381033757	0.013018650516	30000
4	2	0.400000000000	0.200000000000	2	0.159496000000	0.147984000000	0.014533451249	0.013539537033	30000
4	2	0.400000000000	0.200000000000	3	0.152988000000	0.146276000000	0.012818899336	0.013231587165	30000
4	2	0.400000000000	0.200000000000	4	0.155016000000	0.162760000000	0.014257174019	0.012800087587	30000
4	2	0.400000000000	0.200000000000	5	0.143792000000	0.151700000000	0.012379902988	0.009895044816	30000
4	3	0.400000000000	0.300000000000	1	0.153004000000	0.156448000000	0.011859706431	0.012405853506	30000
4	3	0.400000000000	0.300000000000	2	0.155144000000	0.147176000000	0.011528407009	0.015775991440	30000
4	3	0.400000000000	0.300000000000	3	0.153492000000	0.153988000000	0.010768188793	0.011194157635	20000
4	3	0.400000000000	0.300000000000	4	0.165788000000	0.154444000000	0.015429878066	0.015716038237	30000
4	3	0.400000000000	0.300000000000	5	0.162124000000	0.150788000000	0.010815063088	0.010761731778	30000
4	4	0.400000000000	0.400000000000	1	0.160472000000	0.141796000000	0.013541957045	0.018702410651	30000
4	4	0.400000000000	0.400000000000	2	0.158440000000	0.156512000000	0.017361446363	0.011543270901	24000
4	4	0.400000000000	0.400000000000	3	0.168584000000	0.152552000000	0.009798517998	0.016288173642	30000
4	4	0.400000000000	0.400000000000	4	0.159316000000	0.140732000000	0.015139926069	0.013631213665	30000
4	4	0.400000000000	0.400000000000	5	0.153500000000	0.146060000000	0.011090942656	0.009306503694	30000
4	5	0.400000000000	0.500000000000	1	0.157180000000	0.154988000000	0.010011384911	0.010365872241	6000
4	5	0.400000000000	0.500000000000	2	0.156492000000	0.157496000000	0.012741125236	0.012707299456	30000
4	5	0.400000000000	0.500000000000	3	0.155508000000	0.164596000000	0.015616972364	0.011489856431	30000
4	5	0.400000000000	0.500000000000	4	0.156232000000	0.154064000000	0.017393122109	0.016648395510	30000
4	5	0.400000000000	0.500000000000	5	0.158720000000	0.153552000000	0.011399453827	0.016469321010	30000
4	6	0.400000000000	0.600000000000	1	0.162068000000	0.141564000000	0.017262368475	0.016376999423	30000
4	6	0.400000000000	0.600000000000	2	0.149424000000	0.152744000000	0.018308561588	0.017388871063	30000
4	6	0.400000000000	0.600000000000	3	0.147112000000	0.166980000000	0.012681177716	0.013383673738	30000
4	6	0.400000000000	0.600000000000	4	0.157184000000	0.149016000000	0.015814937757	0.016117428936	24000
4	6	0.400000000000	0.600000000000	5	0.150036000000	0.144520000000	0.011141042448	0.012554489843	30000
4	7	0.400000000000	0.700000000000	1	0.141500000000	0.154064000000	0.016145670710	0.014224705489	30000
4	7	0.400000000000	0.700000000000	2	0.158232000000	0.149704000000	0.009077255784	0.010603811806	30000
4	7	0.400000000000	0.700000000000	3	0.162036000000	0.148676000000	0.011836672286	0.013260122732	30000
4	7	0.400000000000	0.700000000000	4	0.136452000000	0.157312000000	0.013154494925	0.010331379065	30000
4	7	0.400000000000	0.700000000000	5	0.160288000000	0.142812000000	0.014901648067	0.010707722041	30000
4	8	0.400000000000	0.800000000000	1	0.160380000000	0.145672000000	0.013740320098	0.009986798894	26000
4	8	0.400000000000	0.800000000000	2	0.159248000000	0.167612000000	0.013380490781	0.015369765310	30000
4	8	0.400000000000	0.800000000000	3	0.150024000000	0.165140000000	0.013153114780	0.010232746899	30000
4	8	0.400000000000	0.800000000000	4	0.163100000000	0.153232000000	0.012062151363	0.020037656642	30000
4	8	0.400000000000	0.800000000000	5	0.150808000000	0.156288000000	0.010160037518	0.011057998704	30000
4	9	0.400000000000	0.900000000000	1	0.156392000000	0.149336000000	0.011735077675	0.015067120565	30000
4	9	0.400000000000	0.900000000000	2	0.155380000000	0.157196000000	0.014032694557	0.011631718741	30000
4	9	0.400000000000	0.900000000000	3	0.159148000000	0.143276000000	0.011548829875	0.013735810733	30000
4	9	0.400000000000	0.900000000000	4	0.151136000000	0.152468000000	0.014515378059	0.014196285095	30000
4	9	0.400000000000	0.900000000000	5	0.150996000000	0.160916000000	0.014468217351	0.011751554920	30000
4	10	0.400000000000	1.000000000000	1	0.000000000000	1.000000000000	0.000000000000	0.000000000000	6000
4	10	0.400000000000	1.000000000000	2	0.000000000000	1.000000000000	0.000000000000	0.000000000000	6000
4	10	0.400000000000	1.000000000000	3	0.000000000000	1.000000000000	0.000000000000	0.000000000000	6000
4	10	0.400000000000	1.000000000000	4	0.000000000000	1.000000000000	0.000000000000	0.000000000000	8000
4	10	0.400000000000	1.000000000000	5	0.000000000000	1.000000000000	0.000000000000	0.000000000000	6000
5	0	0.500000000000	0.000000000000	1	0.209540000000	0.000000000000	0.012131264055	0.000000000000	28000
5	0	0.500000000000	0.000000000000	2	0.214060000000	0.000000000000	0.011500289416	0.000000000000	26000
5	0	0.500000000000	0.000000000000	3	0.212764000000	0.000000000000	0.011826248947	0.000000000000	30000
5	0	0.500000000000	0.000000000000	4	0.213564000000	0.000000000000	0.013934851420	0.000000000000	8000
5	0	0.500000000000	0.000000000000	5	0.215044000000	0.000000000000	0.010060779457	0.000000000000	14000
5	1	0.500000000000	0.100000000000	1	0.167640000000	0.146472000000	0.016478286741	0.013021012356	30000
5	1	0.500000000000	0.100000000000	2	0.141168000000	0.167620000000	0.014242142206	0.012106947517	30000
5	1	0.500000000000	0.100000000000	3	0.159416000000	0.143620000000	0.012615311732	0.011305193824	30000
5	1	0.500000000000	0.100000000000	4	0.154012000000	0.154160000000	0.012837626753	0.013532683900	30000
5	1	0.500000000000	0.100000000000	5	0.156724000000	0.152636000000	0.012831542093	0.017386252782	30000
5	2	0.500000000000	0.200000000000	1	0.147356000000	0.155972000000	0.012033373013	0.009433992591	30000
5	2	0.500000000000	0.200000000000	2	0.149240000000	0.158568000000	0.010264100143	0.013225895066	30000
5	2	0.500000000000	0.200000000000	3	0.157556000000	0.154200000000	0.008798652185	0.013296947349	30000
5	2	0.500000000000	0.200000000000	4	0.149536000000	0.170676000000	0.012228419286	0.012272148534	8000
5	2	0.500000000000	0.200000000000	5	0.167372000000	0.166088000000	0.013388684509	0.014851424875	30000
5	3	0.500000000000	0.300000000000	1	0.141544000000	0.161756000000	0.010370516458	0.009497719235	30000
5	3	0.500000000000	0.300000000000	2	0.141904000000	0.161960000000	0.012156750000	0.013036884611	30000
5	3	0.500000000000	0.300000000000	3	0.156540000000	0.153092000000	0.016442711539	0.010765660009	30000
5	3	0.500000000000	0.300000000000	4	0.157364000000	0.142792000000	0.013589561442	0.011682003476	8000
5	3	0.500000000000	0.300000000000	5	0.159432000000	0.144296000000	0.011673116021	0.009714667198	30000
5	4	0.500000000000	0.400000000000	1	0.157964000000	0.149600000000	0.013552504358	0.013992132782	30000
5	4	0.500000000000	0.400000000000	2	0.145088000000	0.172464000000	0.012242472550	0.017794531445	30000
5	4	0.500000000000	0.400000000000	3	0.164396000000	0.153188000000	0.014760387971	0.009790429434	12000
5	4	0.500000000000	0.400000000000	4	0.172872000000	0.150840000000	0.016053202837	0.016293553323	30000
5	4	0.500000000000	0.400000000000	5	0.154408000000	0.170968000000	0.011660596276	0.015089953038	30000
5	5	0.500000000000	0.500000000000	1	0.152692000000	0.147712000000	0.011349799732	0.012199749583	30000
5	5	0.500000000000	0.500000000000	2	0.163220000000	0.143036000000	0.014173513625	0.015546588063	26000
5	5	0.500000000000	0.500000000000	3	0.140692000000	0.171492000000	0.013760759227	0.014133849500	22000
5	5	0.500000000000	0.500000000000	4	0.170704000000	0.136188000000	0.011037853877	0.009806774639	30000
5	5	0.500000000000	0.500000000000	5	0.149676000000	0.147560000000	0.010341468463	0.011615391398	30000
5	6	0.500000000000	0.600000000000	1	0.169460000000	0.161288000000	0.013542961708	0.010606675142	30000
5	6	0.500000000000	0.600000000000	2	0.142376000000	0.152508000000	0.012788360574	0.011076851206	30000
5	6	0.500000000000	0.600000000000	3	0.152628000000	0.151344000000	0.015094683351	0.011630000899	30000
5	6	0.500000000000	0.600000000000	4	0.146860000000	0.158352000000	0.012390557934	0.009377207902	30000
5	6	0.500000000000	0.600000000000	5	0.153132000000	0.147396000000	0.011804826552	0.014123266288	30000
5	7	0.500000000000	0.700000000000	1	0.159024000000	0.152776000000	0.017807991143	0.016737920480	28000
5	7	0.500000000000	0.700000000000	2	0.170556000000	0.133724000000	0.012943662635	0.012782144077	6000
5	7	0.500000000000	0.700000000000	3	0.159380000000	0.131784000000	0.017530856537	0.015666741550	30000
5	7	0.500000000000	0.700000000000	4	0.158928000000	0.155636000000	0.011443328439	0.013200976092	30000
5	7	0.500000000000	0.700000000000	5	0.163684000000	0.151420000000	0.011723036022	0.010133819334	30000
5	8	0.500000000000	0.800000000000	1	0.155308000000	0.156692000000	0.013630955173	0.013124533873	30000
5	8	0.500000000000	0.800000000000	2	0.160388000000	0.151252000000	0.012272247718	0.010262641854	30000
5	8	0.500000000000	0.800000000000	3	0.152932000000	0.151968000000	0.010164383439	0.015073227199	30000
5	8	0.500000000000	0.800000000000	4	0.166252000000	0.150216000000	0.012702198307	0.015641163320	30000
5	8	0.500000000000	0.800000000000	5	0.153976000000	0.146204000000	0.011960538386	0.019330702524	30000
5	9	0.500000000000	0.900000000000	1	0.156036000000	0.143664000000	0.014307319924	0.016801231663	30000
5	9	0.500000000000	0.900000000000	2	0.155088000000	0.161848000000	0.012402341475	0.011271554637	30000
5	9	0.500000000000	0.900000000000	3	0.153140000000	0.163392000000	0.012982640292	0.010392032060	16000
5	9	0.500000000000	0.900000000000	4	0.169392000000	0.147080000000	0.010230493585	0.011641009970	30000
5	9	0.500000000000	0.900000000000	5	0.163968000000	0.148392000000	0.012071151092	0.013481694704	30000
5	10	0.500000000000	1.000000000000	1	0.000000000000	1.000000000000	0.000000000000	0.000000000000	6000
5	10	0.500000000000	1.000000000000	2	0.000000000000	1.000000000000	0.000000000000	0.000000000000	6000
5	10	0.500000000000	1.000000000000	3	0.000000000000	1.000000000000	0.000000000000	0.000000000000	6000
5	10	0.500000000000	1.000000000000	4	0.000000000000	1.000000000000	0.000000000000	0.000000000000	6000
5	10	0.500000000000	1.000000000000	5	0.000000000000	1.000000000000	0.000000000000	0.000000000000	6000
6	0	0.600000000000	0.000000000000	1	0.212384000000	0.000000000000	0.011353829902	0.000000000000	24000
6	0	0.600000000000	0.000000000000	2	0.212400000000	0.000000000000	0.015149571265	0.000000000000	24000
6	0	0.600000000000	0.000000000000	3	0.212364000000	0.000000000000	0.014031407071	0.000000000000	18000
6	0	0.600000000000	0.000000000000	4	0.230368000000	0.000000000000	0.011185244105	0.000000000000	20000
6	0	0.600000000000	0.000000000000	5	0.225128000000	0.000000000000	0.010609815464	0.000000000000	30000
6	1	0.600000000000	0.100000000000	1	0.157536000000	0.147880000000	0.011602039101	0.008467898518	30000
6	1	0.600000000000	0.100000000000	2	0.180184000000	0.123956000000	0.016536492966	0.022489282599	30000
6	1	0.600000000000	0.100000000000	3	0.166456000000	0.140544000000	0.016592147642	0.012951594798	30000
6	1	0.600000000000	0.100000000000	4	0.157076000000	0.146372000000	0.012410489283	0.018374962728	30000
6	1	0.600000000000	0.100000000000	5	0.153352000000	0.139384000000	0.013647796832	0.017240353064	30000
6	2	0.600000000000	0.200000000000	1	0.143916000000	0.170320000000	0.015905909026	0.012645058224	30000
6	2	0.600000000000	0.200000000000	2	0.163064000000	0.152808000000	0.013161197556	0.012755776960	30000
6	2	0.600000000000	0.200000000000	3	0.147972000000	0.161684000000	0.011924991464	0.011938956516	30000
6	2	0.600000000000	0.200000000000	4	0.167908000000	0.145144000000	0.018113852369	0.012530933257	30000
6	2	0.600000000000	0.200000000000	5	0.144040000000	0.156920000000	0.010873298884	0.010513235854	30000
6	3	0.600000000000	0.300000000000	1	0.153296000000	0.162668000000	0.015575460795	0.010510958865	30000
6	3	0.600000000000	0.300000000000	2	0.147692000000	0.152376000000	0.010907984237	0.012425015292	30000
6	3	0.600000000000	0.300000000000	3	0.150856000000	0.153524000000	0.011915084273	0.013746067742	30000
6	3	0.600000000000	0.300000000000	4	0.150388000000	0.160584000000	0.018027935613	0.016077233015	16000
6	3	0.600000000000	0.300000000000	5	0.147564000000	0.163600000000	0.012176295256	0.012851348457	18000
6	4	0.600000000000	0.400000000000	1	0.174360000000	0.132860000000	0.013164030222	0.009839370570	30000
6	4	0.600000000000	0.400000000000	2	0.153508000000	0.151844000000	0.010233604578	0.011230930407	24000
6	4	0.600000000000	0.400000000000	3	0.163412000000	0.143440000000	0.010627097026	0.013044560574	30000
6	4	0.600000000000	0.400000000000	4	0.158580000000	0.150136000000	0.015657482453	0.010431985925	30000
6	4	0.600000000000	0.400000000000	5	0.144876000000	0.165976000000	0.012194643633	0.013093313517	30000
6	5	0.600000000000	0.500000000000	1	0.158028000000	0.143080000000	0.017347626816	0.014785269839	30000
6	5	0.600000000000	0.500000000000	2	0.176140000000	0.148296000000	0.013875912256	0.010562952237	30000
6	5	0.600000000000	0.500000000000	3	0.152944000000	0.150724000000	0.008618999429	0.014698430796	16000
6	5	0.600000000000	0.500000000000	4	0.154332000000	0.160984000000	0.009771041360	0.016748021980	30000
6	5	0.600000000000	0.500000000000	5	0.151136000000	0.159872000000	0.012333272624	0.014546037371	30000
6	6	0.600000000000	0.600000000000	1	0.155880000000	0.148944000000	0.013424970385	0.013417335387	30000
6	6	0.600000000000	0.600000000000	2	0.151644000000	0.147068000000	0.014758152563	0.010569157160	30000
6	6	0.600000000000	0.600000000000	3	0.157356000000	0.156076000000	0.013200587847	0.015667536363	30000
6	6	0.600000000000	0.600000000000	4	0.153304000000	0.156256000000	0.013830794441	0.014331359037	30000
6	6	0.600000000000	0.600000000000	5	0.150592000000	0.166592000000	0.010753472610	0.010562627756	30000
6	7	0.600000000000	0.700000000000	1	0.162240000000	0.152596000000	0.010864826020	0.012082332836	30000
6	7	0.600000000000	0.700000000000	2	0.134604000000	0.159736000000	0.014695139711	0.014005658230	30000
6	7	0.600000000000	0.700000000000	3	0.154076000000	0.147108000000	0.013042865496	0.011711083873	30000
6	7	0.600000000000	0.700000000000	4	0.159096000000	0.138372000000	0.016294056594	0.015861942416	26000
6	7	0.600000000000	0.700000000000	5	0.140256000000	0.149640000000	0.013464760071	0.011764727316	30000
6	8	0.600000000000	0.800000000000	1	0.150836000000	0.156068000000	0.012340396646	0.010939975277	18000
6	8	0.600000000000	0.800000000000	2	0.157964000000	0.162232000000	0.013221100616	0.013153523908	30000
6	8	0.600000000000	0.800000000000	3	0.147900000000	0.165172000000	0.011951436601	0.011421596599	30000
6	8	0.600000000000	0.800000000000	4	0.144596000000	0.155640000000	0.011635298198	0.010103686678	30000
6	8	0.600000000000	0.800000000000	5	0.160136000000	0.147440000000	0.011240456034	0.011529932322	30000
6	9	0.600000000000	0.900000000000	1	0.158804000000	0.144840000000	0.015200020547	0.013103056517	26000
6	9	0.600000000000	0.900000000000	2	0.146232000000	0.160948000000	0.011683264727	0.014696029031	30000
6	9	0.600000000000	0.900000000000	3	0.155036000000	0.150856000000	0.013939907640	0.011093706970	26000
6	9	0.600000000000	0.900000000000	4	0.153272000000	0.170208000000	0.011606408778	0.015524101705	30000
6	9	0.600000000000	0.900000000000	5	0.156420000000	0.152244000000	0.012166331395	0.012642321476	30000
6	10	0.600000000000	1.000000000000	1	0.000000000000	1.000000000000	0.000000000000	0.000000000000	6000
6	10	0.600000000000	1.000000000000	2	0.000000000000	1.000000000000	0.000000000000	0.000000000000	6000
6	10	0.600000000000	1.000000000000	3	0.000000000000	1.000000000000	0.000000000000	0.000000000000	6000
6	10	0.600000000000	1.000000000000	4	0.000000000000	1.000000000000	0.000000000000	0.000000000000	8000
6	10	0.600000000000	1.000000000000	5	0.000000000000	1.000000000000	0.000000000000	0.000000000000	6000
7	0	0.700000000000	0.000000000000	1	0.227688000000	0.000000000000	0.009018202924	0.000000000000	20000
7	0	0.700000000000	0.000000000000	2	0.219452000000	0.000000000000	0.010869122956	0.000000000000	12000
7	0	0.700000000000	0.000000000000	3	0.221536000000	0.000000000000	0.010457823391	0.000000000000	16000
7	0	0.700000000000	0.000000000000	4	0.215448000000	0.000000000000	0.013426077445	0.000000000000	18000
7	0	0.700000000000	0.000000000000	5	0.214228000000	0.000000000000	0.012094225328	0.000000000000	30000
7	1	0.700000000000	0.100000000000	1	0.152048000000	0.157800000000	0.012685685737	0.011962905630	20000
7	1	0.700000000000	0.100000000000	2	0.169200000000	0.161056000000	0.011802851660	0.016583119847	30000
7	1	0.700000000000	0.100000000000	3	0.159000000000	0.141556000000	0.013990701903	0.009410814387	30000
7	1	0.700000000000	0.100000000000	4	0.143104000000	0.161900000000	0.012341373242	0.012594149936	30000
7	1	0.700000000000	0.100000000000	5	0.171936000000	0.144808000000	0.011862234891	0.013336453689	30000
7	2	0.700000000000	0.200000000000	1	0.167884000000	0.145924000000	0.014196763437	0.011391048239	30000
7	2	0.700000000000	0.200000000000	2	0.171372000000	0.160968000000	0.013263692606	0.011577781351	30000
7	2	0.700000000000	0.200000000000	3	0.149344000000	0.152424000000	0.017045474831	0.015260573682	30000
7	2	0.700000000000	0.200000000000	4	0.141328000000	0.159764000000	0.011400982344	0.011379710093	30000
7	2	0.700000000000	0.200000000000	5	0.148200000000	0.167448000000	0.011590268950	0.019946256520	30000
7	3	0.700000000000	0.300000000000	1	0.162912000000	0.149936000000	0.013402831488	0.012960396440	30000
7	3	0.700000000000	0.300000000000	2	0.154640000000	0.136344000000	0.012568068919	0.014161999372	18000
7	3	0.700000000000	0.300000000000	3	0.161552000000	0.149368000000	0.012175201499	0.012244447824	30000
7	3	0.700000000000	0.300000000000	4	0.156360000000	0.147700000000	0.010896840879	0.012828506171	30000
7	3	0.700000000000	0.300000000000	5	0.166596000000	0.140464000000	0.010717445948	0.010309752422	30000
7	4	0.700000000000	0.400000000000	1	0.150284000000	0.151372000000	0.010060047144	0.008947271633	30000
7	4	0.700000000000	0.400000000000	2	0.147664000000	0.152732000000	0.011398992984	0.012902040096	30000
7	4	0.700000000000	0.400000000000	3	0.157940000000	0.146208000000	0.012907168357	0.013214664709	30000
7	4	0.700000000000	0.400000000000	4	0.167112000000	0.133648000000	0.014594260805	0.009248222836	30000
7	4	0.700000000000	0.400000000000	5	0.163916000000	0.160504000000	0.009212046776	0.012305177829	20000
7	5	0.700000000000	0.500000000000	1	0.149944000000	0.153392000000	0.016256110393	0.016625845986	30000
7	5	0.700000000000	0.500000000000	2	0.152436000000	0.151244000000	0.009214271909	0.008208766524	30000
7	5	0.700000000000	0.500000000000	3	0.155608000000	0.150436000000	0.010832343960	0.014752204294	30000
7	5	0.700000000000	0.500000000000	4	0.159168000000	0.150768000000	0.014757966444	0.016915327496	30000
7	5	0.700000000000	0.500000000000	5	0.158324000000	0.160032000000	0.013786554794	0.015623157781	30000
7	6	0.700000000000	0.600000000000	1	0.157108000000	0.154308000000	0.013955611599	0.016493913580	30000
7	6	0.700000000000	0.600000000000	2	0.162368000000	0.141372000000	0.015663905450	0.014890108506	30000
7	6	0.700000000000	0.600000000000	3	0.143560000000	0.159484000000	0.012041902151	0.013150919766	30000
7	6	0.700000000000	0.600000000000	4	0.153056000000	0.155404000000	0.015995146411	0.009736302151	6000
7	6	0.700000000000	0.600000000000	5	0.143040000000	0.161356000000	0.011404229762	0.018049017453	30000
7	7	0.700000000000	0.700000000000	1	0.167976000000	0.145996000000	0.013285176699	0.009715882996	30000
7	7	0.700000000000	0.700000000000	2	0.154624000000	0.142600000000	0.016487888721	0.014635237962	12000
7	7	0.700000000000	0.700000000000	3	0.153364000000	0.141820000000	0.018943768642	0.014586170037	30000
7	7	0.700000000000	0.700000000000	4	0.166752000000	0.144848000000	0.014656647410	0.012250999265	30000
7	7	0.700000000000	0.700000000000	5	0.159480000000	0.149776000000	0.019089631060	0.013764130022	30000
7	8	0.700000000000	0.800000000000	1	0.156420000000	0.150200000000	0.009730687863	0.013678124546	30000
7	8	0.700000000000	0.800000000000	2	0.160300000000	0.157492000000	0.017912421803	0.013797256985	16000
7	8	0.700000000000	0.800000000000	3	0.147964000000	0.161168000000	0.016788822727	0.015277341823	30000
7	8	0.700000000000	0.800000000000	4	0.165488000000	0.159940000000	0.012631128271	0.014706892693	30000
7	8	0.700000000000	0.800000000000	5	0.156856000000	0.146912000000	0.010233082624	0.012810166133	30000
7	9	0.700000000000	0.900000000000	1	0.156492000000	0.150668000000	0.013144531742	0.010902873412	30000
7	9	0.700000000000	0.900000000000	2	0.145772000000	0.151052000000	0.009746127590	0.013734989841	30000
7	9	0.700000000000	0.900000000000	3	0.153380000000	0.157368000000	0.012808890181	0.013113525100	30000
7	9	0.700000000000	0.900000000000	4	0.154372000000	0.151660000000	0.012725704678	0.009480415512	30000
7	9	0.700000000000	0.900000000000	5	0.159144000000	0.144040000000	0.012371431458	0.016413037129	30000
7	10	0.700000000000	1.000000000000	1	0.000000000000	1.000000000000	0.000000000000	0.000000000000	6000
7	10	0.700000000000	1.000000000000	2	0.000000000000	1.000000000000	0.000000000000	0.000000000000	6000
7	10	0.700000000000	1.000000000000	3	0.000000000000	1.000000000000	0.000000000000	0.000000000000	6000
7	10	0.700000000000	1.000000000000	4	0.000000000000	1.000000000000	0.000000000000	0.000000000000	8000
7	10	0.700000000000	1.000000000000	5	0.000000000000	1.000000000000	0.000000000000	0.000000000000	6000
8	0	0.800000000000	0.000000000000	1	0.221836000000	0.000000000000	0.009210099344	0.000000000000	8000
8	0	0.800000000000	0.000000000000	2	0.218212000000	0.000000000000	0.009418905020	0.000000000000	12000
8	0	0.800000000000	0.000000000000	3	0.228164000000	0.000000000000	0.008439687929	0.000000000000	30000
8	0	0.800000000000	0.000000000000	4	0.216340000000	0.000000000000	0.014108275708	0.000000000000	30000
8	0	0.800000000000	0.000000000000	5	0.220300000000	0.000000000000	0.009969221905	0.000000000000	24000
8	1	0.800000000000	0.100000000000	1	0.162624000000	0.155780000000	0.016253085454	0.012294663833	30000
8	1	0.800000000000	0.100000000000	2	0.160624000000	0.148652000000	0.013157801935	0.015495774102	30000
8	1	0.800000000000	0.100000000000	3	0.153916000000	0.151448000000	0.008251850522	0.012912863278	30000
8	1	0.800000000000	0.100000000000	4	0.146916000000	0.171620000000	0.016435299299	0.010815756126	30000
8	1	0.800000000000	0.100000000000	5	0.163876000000	0.154796000000	0.013877218785	0.018252987579	20000
8	2	0.800000000000	0.200000000000	1	0.152404000000	0.158356000000	0.014246675112	0.013278010753	16000
8	2	0.800000000000	0.200000000000	2	0.148932000000	0.149000000000	0.009184319666	0.012788570974	30000
8	2	0.800000000000	0.200000000000	3	0.153908000000	0.146020000000	0.021452919703	0.015961904096	30000
8	2	0.800000000000	0.200000000000	4	0.155000000000	0.150812000000	0.015385340708	0.011475903117	30000
8	2	0.800000000000	0.200000000000	5	0.156840000000	0.150876000000	0.011992590305	0.012977867662	30000
8	3	0.800000000000	0.300000000000	1	0.149500000000	0.146720000000	0.010149927144	0.012219939727	26000
8	3	0.800000000000	0.300000000000	2	0.145296000000	0.155352000000	0.015808171377	0.013409844142	30000
8	3	0.800000000000	0.300000000000	3	0.145340000000	0.169364000000	0.013855698480	0.012158920320	30000
8	3	0.800000000000	0.300000000000	4	0.145804000000	0.143384000000	0.029872628909	0.022533181939	30000
8	3	0.800000000000	0.300000000000	5	0.150484000000	0.148956000000	0.015225161725	0.014238286161	30000
8	4	0.800000000000	0.400000000000	1	0.154384000000	0.159636000000	0.011949030225	0.013959311099	18000
8	4	0.800000000000	0.400000000000	2	0.162988000000	0.138204000000	0.013544863208	0.018048715748	30000
8	4	0.800000000000	0.400000000000	3	0.160260000000	0.143856000000	0.011671015920	0.011912731726	20000
8	4	0.800000000000	0.400000000000	4	0.150384000000	0.156296000000	0.013694088946	0.017326644124	30000
8	4	0.800000000000	0.400000000000	5	0.149460000000	0.163856000000	0.010355657374	0.011936907211	30000
8	5	0.800000000000	0.500000000000	1	0.148092000000	0.152500000000	0.011070776761	0.016842377079	30000
8	5	0.800000000000	0.500000000000	2	0.144352000000	0.150000000000	0.019302037837	0.015898577445	30000
8	5	0.800000000000	0.500000000000	3	0.168684000000	0.140408000000	0.011441636905	0.015728220272	30000
8	5	0.800000000000	0.500000000000	4	0.150480000000	0.155400000000	0.014188548725	0.012394257445	30000
8	5	0.800000000000	0.500000000000	5	0.150696000000	0.158600000000	0.014076424607	0.017214887521	30000
8	6	0.800000000000	0.600000000000	1	0.162696000000	0.153620000000	0.015647633445	0.013862747771	30000
8	6	0.800000000000	0.600000000000	2	0.161508000000	0.143276000000	0.018158184261	0.010374558085	30000
8	6	0.800000000000	0.600000000000	3	0.160256000000	0.147644000000	0.013495651025	0.013942297216	30000
8	6	0.800000000000	0.600000000000	4	0.168240000000	0.148328000000	0.011021427851	0.012643586369	30000
8	6	0.800000000000	0.600000000000	5	0.164860000000	0.140580000000	0.013674186754	0.014702100250	8000
8	7	0.800000000000	0.700000000000	1	0.172416000000	0.131464000000	0.010063409771	0.011955234487	6000
8	7	0.800000000000	0.700000000000	2	0.155320000000	0.151868000000	0.013301523617	0.015680448095	30000
8	7	0.800000000000	0.700000000000	3	0.149276000000	0.159892000000	0.009190009808	0.010304878773	30000
8	7	0.800000000000	0.700000000000	4	0.154476000000	0.159108000000	0.011530931722	0.016031635891	30000
8	7	0.800000000000	0.700000000000	5	0.159940000000	0.143568000000	0.011270289234	0.014422946904	30000
8	8	0.800000000000	0.800000000000	1	0.155468000000	0.154840000000	0.010616481794	0.017110557302	30000
8	8	0.800000000000	0.800000000000	2	0.159444000000	0.151388000000	0.012430502057	0.013107756073	28000
8	8	0.800000000000	0.800000000000	3	0.147716000000	0.154408000000	0.011276812959	0.009795993951	30000
8	8	0.800000000000	0.800000000000	4	0.168244000000	0.148996000000	0.009388322779	0.009133860707	30000
8	8	0.800000000000	0.800000000000	5	0.164792000000	0.152816000000	0.014094090229	0.013160674274	30000
8	9	0.800000000000	0.900000000000	1	0.164500000000	0.152192000000	0.015978651924	0.015008143802	30000
8	9	0.800000000000	0.900000000000	2	0.154700000000	0.166336000000	0.013573438704	0.013559017330	30000
8	9	0.800000000000	0.900000000000	3	0.156480000000	0.156296000000	0.012001734943	0.013115654936	30000
8	9	0.800000000000	0.900000000000	4	0.140320000000	0.174356000000	0.012983765947	0.014272104153	30000
8	9	0.800000000000	0.900000000000	5	0.156344000000	0.160780000000	0.011499473984	0.012706575347	30000
8	10	0.800000000000	1.000000000000	1	0.000000000000	1.000000000000	0.000000000000	0.000000000000	6000
8	10	0.800000000000	1.000000000000	2	0.000000000000	1.000000000000	0.000000000000	0.000000000000	8000
8	10	0.800000000000	1.000000000000	3	0.000000000000	1.000000000000	0.000000000000	0.000000000000	6000
8	10	0.800000000000	1.000000000000	4	0.000000000000	1.000000000000	0.000000000000	0.000000000000	6000
8	10	0.800000000000	1.000000000000	5	0.000000000000	1.000000000000	0.000000000000	0.000000000000	6000
9	0	0.900000000000	0.000000000000	1	0.207728000000	0.000000000000	0.010540831330	0.000000000000	30000
9	0	0.900000000000	0.000000000000	2	0.209200000000	0.000000000000	0.011279682231	0.000000000000	20000
9	0	0.900000000000	0.000000000000	3	0.222108000000	0.000000000000	0.015282863014	0.000000000000	30000
9	0	0.900000000000	0.000000000000	4	0.210108000000	0.000000000000	0.011761576028	0.000000000000	30000
9	0	0.900000000000	0.000000000000	5	0.210612000000	0.000000000000	0.011255938528	0.000000000000	18000
9	1	0.900000000000	0.100000000000	1	0.155520000000	0.162088000000	0.010560735255	0.013021897935	30000
9	1	0.900000000000	0.100000000000	2	0.134504000000	0.159712000000	0.011953948339	0.008634327282	30000
9	1	0.900000000000	0.100000000000	3	0.140492000000	0.158724000000	0.013502750100	0.019397631095	30000
9	1	0.900000000000	0.100000000000	4	0.146836000000	0.154544000000	0.014188954522	0.010087508207	12000
9	1	0.900000000000	0.100000000000	5	0.164164000000	0.154112000000	0.016173889412	0.012322796245	30000
9	2	0.900000000000	0.200000000000	1	0.153252000000	0.146668000000	0.011683535467	0.010948316841	30000
9	2	0.900000000000	0.200000000000	2	0.152912000000	0.158160000000	0.013788051580	0.012864053944	30000
9	2	0.900000000000	0.200000000000	3	0.152384000000	0.147592000000	0.012803142757	0.011591717039	30000
9	2	0.900000000000	0.200000000000	4	0.150516000000	0.168732000000	0.012038881953	0.011262282851	30000
9	2	0.900000000000	0.200000000000	5	0.150340000000	0.156588000000	0.014594293179	0.012372199777	30000
9	3	0.900000000000	0.300000000000	1	0.146608000000	0.154620000000	0.013595557185	0.014674840747	30000
9	3	0.900000000000	0.300000000000	2	0.160064000000	0.140504000000	0.015521237477	0.010594443177	30000
9	3	0.900000000000	0.300000000000	3	0.162112000000	0.156664000000	0.012891922186	0.009411465331	30000
9	3	0.900000000000	0.300000000000	4	0.160448000000	0.145696000000	0.011516767425	0.016731154040	24000
9	3	0.900000000000	0.300000000000	5	0.161280000000	0.147852000000	0.011407880598	0.012619720811	30000
9	4	0.900000000000	0.400000000000	1	0.160568000000	0.147560000000	0.009977621406	0.009003969762	30000
9	4	0.900000000000	0.400000000000	2	0.152424000000	0.155752000000	0.011958395679	0.011433513074	30000
9	4	0.900000000000	0.400000000000	3	0.150008000000	0.152536000000	0.011812343860	0.019538640241	30000
9	4	0.900000000000	0.400000000000	4	0.152604000000	0.153108000000	0.013872693885	0.014171985788	30000
9	4	0.900000000000	0.400000000000	5	0.165404000000	0.149912000000	0.012626171399	0.010836128353	12000
9	5	0.900000000000	0.500000000000	1	0.158392000000	0.146924000000	0.014634633870	0.008617452320	14000
9	5	0.900000000000	0.500000000000	2	0.147432000000	0.153744000000	0.016333773850	0.010791984569	30000
9	5	0.900000000000	0.500000000000	3	0.154344000000	0.142524000000	0.018361557963	0.014603104967	30000
9	5	0.900000000000	0.500000000000	4	0.152444000000	0.149200000000	0.013141368253	0.010840919035	30000
9	5	0.900000000000	0.500000000000	5	0.146340000000	0.152828000000	0.011478682858	0.010449861990	30000
9	6	0.900000000000	0.600000000000	1	0.148836000000	0.168764000000	0.009060198187	0.011563304632	30000
9	6	0.900000000000	0.600000000000	2	0.152008000000	0.161784000000	0.016292617512	0.015507476449	30000
9	6	0.900000000000	0.600000000000	3	0.139380000000	0.158928000000	0.017273157267	0.014283376031	22000
9	6	0.900000000000	0.600000000000	4	0.155356000000	0.153708000000	0.013252051950	0.012242900989	30000
9	6	0.900000000000	0.600000000000	5	0.164848000000	0.133820000000	0.013537805146	0.011517128299	30000
9	7	0.900000000000	0.700000000000	1	0.151840000000	0.144596000000	0.011565992053	0.011900689493	30000
9	7	0.900000000000	0.700000000000	2	0.153008000000	0.156736000000	0.021312488315	0.013470848814	30000
9	7	0.900000000000	0.700000000000	3	0.144060000000	0.161940000000	0.012476219622	0.011155305502	30000
9	7	0.900000000000	0.700000000000	4	0.154176000000	0.158060000000	0.012298629203	0.014970789041	30000
9	7	0.900000000000	0.700000000000	5	0.165584000000	0.155020000000	0.017518157147	0.014952162625	30000
9	8	0.900000000000	0.800000000000	1	0.150356000000	0.157452000000	0.011235635429	0.012520081807	30000
9	8	0.900000000000	0.800000000000	2	0.150516000000	0.157304000000	0.010604442380	0.010257719279	30000
9	8	0.900000000000	0.800000000000	3	0.161116000000	0.151716000000	0.012361689017	0.013993253916	30000
9	8	0.900000000000	0.800000000000	4	0.149148000000	0.144760000000	0.024893167050	0.014825727712	30000
9	8	0.900000000000	0.800000000000	5	0.173552000000	0.141132000000	0.011813333604	0.013623809459	30000
9	9	0.900000000000	0.900000000000	1	0.150956000000	0.155484000000	0.013949073110	0.014265526603	30000
9	9	0.900000000000	0.900000000000	2	0.158516000000	0.164256000000	0.015260885906	0.018651175039	14000
9	9	0.900000000000	0.900000000000	3	0.152624000000	0.144384000000	0.013237895069	0.013885724949	30000
9	9	0.900000000000	0.900000000000	4	0.145208000000	0.151824000000	0.013801275710	0.010921918893	30000
9	9	0.900000000000	0.900000000000	5	0.164660000000	0.141940000000	0.013436105423	0.016135450187	30000
9	10	0.900000000000	1.000000000000	1	0.000000000000	1.000000000000	0.000000000000	0.000000000000	6000
9	10	0.900000000000	1.000000000000	2	0.000000000000	1.000000000000	0.000000000000	0.000000000000	6000
9	10	0.900000000000	1.000000000000	3	0.000000000000	1.000000000000	0.000000000000	0.000000000000	6000
9	10	0.900000000000	1.000000000000	4	0.000000000000	1.000000000000	0.000000000000	0.000000000000	6000
9	10	0.900000000000	1.000000000000	5	0.000000000000	1.000000000000	0.000000000000	0.000000000000	6000
10	0	1.000000000000	0.000000000000	1	1.000000000000	0.000000000000	0.000000000000	0.000000000000	4000
10	0	1.000000000000	0.000000000000	2	1.000000000000	0.000000000000	0.000000000000	0.000000000000	4000
10	0	1.000000000000	0.000000000000	3	1.000000000000	0.000000000000	0.000000000000	0.000000000000	4000
10	0	1.000000000000	0.000000000000	4	1.000000000000	0.000000000000	0.000000000000	0.000000000000	4000
10	0	1.000000000000	0.000000000000	5	1.000000000000	0.000000000000	0.000000000000	0.000000000000	4000
10	1	1.000000000000	0.100000000000	1	1.000000000000	0.000000000000	0.000000000000	0.000000000000	6000
10	1	1.000000000000	0.100000000000	2	1.000000000000	0.000000000000	0.000000000000	0.000000000000	6000
10	1	1.000000000000	0.100000000000	3	1.000000000000	0.000000000000	0.000000000000	0.000000000000	6000
10	1	1.000000000000	0.100000000000	4	1.000000000000	0.000000000000	0.000000000000	0.000000000000	8000
10	1	1.000000000000	0.100000000000	5	1.000000000000	0.000000000000	0.000000000000	0.000000000000	6000
10	2	1.000000000000	0.200000000000	1	1.000000000000	0.000000000000	0.000000000000	0.000000000000	6000
10	2	1.000000000000	0.200000000000	2	1.000000000000	0.000000000000	0.000000000000	0.000000000000	6000
10	2	1.000000000000	0.200000000000	3	1.000000000000	0.000000000000	0.000000000000	0.000000000000	6000
10	2	1.000000000000	0.200000000000	4	1.000000000000	0.000000000000	0.000000000000	0.000000000000	6000
10	2	1.000000000000	0.200000000000	5	1.000000000000	0.000000000000	0.000000000000	0.000000000000	8000
10	3	1.000000000000	0.300000000000	1	1.000000000000	0.000000000000	0.000000000000	0.000000000000	6000
10	3	1.000000000000	0.300000000000	2	1.000000000000	0.000000000000	0.000000000000	0.000000000000	8000
10	3	1.000000000000	0.300000000000	3	1.000000000000	0.000000000000	0.000000000000	0.000000000000	6000
10	3	1.000000000000	0.300000000000	4	1.000000000000	0.000000000000	0.000000000000	0.000000000000	6000
10	3	1.000000000000	0.300000000000	5	1.000000000000	0.000000000000	0.000000000000	0.000000000000	8000
10	4	1.000000000000	0.400000000000	1	1.000000000000	0.000000000000	0.000000000000	0.000000000000	6000
10	4	1.000000000000	0.400000000000	2	1.000000000000	0.000000000000	0.000000000000	0.000000000000	6000
10	4	1.000000000000	0.400000000000	3	1.000000000000	0.000000000000	0.000000000000	0.000000000000	6000
10	4	1.000000000000	0.400000000000	4	1.000000000000	0.000000000000	0.000000000000	0.000000000000	6000
10	4	1.000000000000	0.400000000000	5	1.000000000000	0.000000000000	0.000000000000	0.000000000000	6000
10	5	1.000000000000	0.500000000000	1	1.000000000000	0.000000000000	0.000000000000	0.000000000000	8000
10	5	1.000000000000	0.500000000000	2	1.000000000000	0.000000000000	0.000000000000	0.000000000000	6000
10	5	1.000000000000	0.500000000000	3	1.000000000000	0.000000000000	0.000000000000	0.000000000000	6000
10	5	1.000000000000	0.500000000000	4	1.000000000000	0.000000000000	0.000000000000	0.000000000000	6000
10	5	1.000000000000	0.500000000000	5	1.000000000000	0.000000000000	0.000000000000	0.000000000000	6000
10	6	1.000000000000	0.600000000000	1	1.000000000000	0.000000000000	0.000000000000	0.000000000000	8000
10	6	1.000000000000	0.600000000000	2	1.000000000000	0.000000000000	0.000000000000	0.000000000000	6000
10	6	1.000000000000	0.600000000000	3	1.000000000000	0.000000000000	0.000000000000	0.000000000000	6000
10	6	1.000000000000	0.600000000000	4	1.000000000000	0.000000000000	0.000000000000	0.000000000000	6000
10	6	1.000000000000	0.600000000000	5	1.000000000000	0.000000000000	0.000000000000	0.000000000000	6000
10	7	1.000000000000	0.700000000000	1	1.000000000000	0.000000000000	0.000000000000	0.000000000000	6000
10	7	1.000000000000	0.700000000000	2	1.000000000000	0.000000000000	0.000000000000	0.000000000000	6000
10	7	1.000000000000	0.700000000000	3	1.000000000000	0.000000000000	0.000000000000	0.000000000000	6000
10	7	1.000000000000	0.700000000000	4	1.000000000000	0.000000000000	0.000000000000	0.000000000000	6000
10	7	1.000000000000	0.700000000000	5	1.000000000000	0.000000000000	0.000000000000	0.000000000000	6000
10	8	1.000000000000	0.800000000000	1	1.000000000000	0.000000000000	0.000000000000	0.000000000000	6000
10	8	1.000000000000	0.800000000000	2	1.000000000000	0.000000000000	0.000000000000	0.000000000000	8000
10	8	1.000000000000	0.800000000000	3	1.000000000000	0.000000000000	0.000000000000	0.000000000000	6000
10	8	1.000000000000	0.800000000000	4	1.000000000000	0.000000000000	0.000000000000	0.000000000000	10000
10	8	1.000000000000	0.800000000000	5	1.000000000000	0.000000000000	0.000000000000	0.000000000000	6000
10	9	1.000000000000	0.900000000000	1	1.000000000000	0.000000000000	0.000000000000	0.000000000000	6000
10	9	1.000000000000	0.900000000000	2	1.000000000000	0.000000000000	0.000000000000	0.000000000000	6000
10	9	1.000000000000	0.900000000000	3	1.000000000000	0.000000000000	0.000000000000	0.000000000000	6000
10	9	1.000000000000	0.900000000000	4	1.000000000000	0.000000000000	0.000000000000	0.000000000000	6000
10	9	1.000000000000	0.900000000000	5	1.000000000000	0.000000000000	0.000000000000	0.000000000000	6000
10	10	1.000000000000	1.000000000000	1	1.000000000000	1.000000000000	0.000000000000	0.000000000000	4000
10	10	1.000000000000	1.000000000000	2	1.000000000000	1.000000000000	0.000000000000	0.000000000000	4000
10	10	1.000000000000	1.000000000000	3	1.000000000000	1.000000000000	0.000000000000	0.000000000000	4000
10	10	1.000000000000	1.000000000000	4	1.000000000000	1.000000000000	0.000000000000	0.000000000000	4000
10	10	1.000000000000	1.000000000000	5	1.000000000000	1.000000000000	0.000000000000	0.000000000000	4000
