# scan initial plane
# b 1.174
# r 0
# e -0.4
# p12 0.3
# ndiv 10
# n_reps 5
# A:(0,1),	A':(0,0.690),	B:(1,0),	B'=(0.690,0),	C:(1,1),	D:(0,0),	E:(0.347,0.347) 
# columns: ix iy x1_0 x2_0 rep x1_inf x2_inf sigma_1 sigma_2 t_relax
0	0	0.000000000000	0.000000000000	1	0.000000000000	0.000000000000	0.000000000000	0.000000000000	4000
0	0	0.000000000000	0.000000000000	2	0.000000000000	0.000000000000	0.000000000000	0.000000000000	4000
0	0	0.000000000000	0.000000000000	3	0.000000000000	0.000000000000	0.000000000000	0.000000000000	4000
0	0	0.000000000000	0.000000000000	4	0.000000000000	0.000000000000	0.000000000000	0.000000000000	4000
0	0	0.000000000000	0.000000000000	5	0.000000000000	0.000000000000	0.000000000000	0.000000000000	4000
0	1	0.000000000000	0.100000000000	1	0.000000000000	0.713045454545	0.000000000000	0.007976747742	30000
0	1	0.000000000000	0.100000000000	2	0.000000000000	0.716178181818	0.000000000000	0.007041458009	12000
0	1	0.000000000000	0.100000000000	3	0.000000000000	0.712221818182	0.000000000000	0.007081552308	6000
0	1	0.000000000000	0.100000000000	4	0.000000000000	0.717189090909	0.000000000000	0.011882982985	18000
0	1	0.000000000000	0.100000000000	5	0.000000000000	0.719110909091	0.000000000000	0.011889107125	6000
0	2	0.000000000000	0.200000000000	1	0.000000000000	0.719003636364	0.000000000000	0.008235422827	30000
0	2	0.000000000000	0.200000000000	2	0.000000000000	0.719490909091	0.000000000000	0.006517224083	22000
0	2	0.000000000000	0.200000000000	3	0.000000000000	0.707209090909	0.000000000000	0.009572255448	18000
0	2	0.000000000000	0.200000000000	4	0.000000000000	0.719943636364	0.000000000000	0.007005283457	6000
0	2	0.000000000000	0.200000000000	5	0.000000000000	0.708614545455	0.000000000000	0.008505368113	16000
0	3	0.000000000000	0.300000000000	1	0.000000000000	0.711320000000	0.000000000000	0.007997162776	12000
0	3	0.000000000000	0.300000000000	2	0.000000000000	0.707680000000	0.000000000000	0.007970823457	30000
0	3	0.000000000000	0.300000000000	3	0.000000000000	0.716356363636	0.000000000000	0.007771159279	30000
0	3	0.000000000000	0.300000000000	4	0.000000000000	0.719870909091	0.000000000000	0.007214242732	30000
0	3	0.000000000000	0.300000000000	5	0.000000000000	0.719361818182	0.000000000000	0.007531522287	30000
0	4	0.000000000000	0.400000000000	1	0.000000000000	0.717841818182	0.000000000000	0.008733161290	4000
0	4	0.000000000000	0.400000000000	2	0.000000000000	0.717860000000	0.000000000000	0.008050928447	24000
0	4	0.000000000000	0.400000000000	3	0.000000000000	0.716183636364	0.000000000000	0.008176851912	30000
0	4	0.000000000000	0.400000000000	4	0.000000000000	0.711129090909	0.000000000000	0.008073234029	14000
0	4	0.000000000000	0.400000000000	5	0.000000000000	0.704178181818	0.000000000000	0.007613978605	4000
0	5	0.000000000000	0.500000000000	1	0.000000000000	0.711972727273	0.000000000000	0.008591578445	8000
0	5	0.000000000000	0.500000000000	2	0.000000000000	0.710843636364	0.000000000000	0.010367657787	16000
0	5	0.000000000000	0.500000000000	3	0.000000000000	0.709001818182	0.000000000000	0.009217356839	24000
0	5	0.000000000000	0.500000000000	4	0.000000000000	0.714925454545	0.000000000000	0.008911194620	4000
0	5	0.000000000000	0.500000000000	5	0.000000000000	0.714689090909	0.000000000000	0.010490459900	16000
0	6	0.000000000000	0.600000000000	1	0.000000000000	0.717961818182	0.000000000000	0.006907366242	14000
0	6	0.000000000000	0.600000000000	2	0.000000000000	0.706907272727	0.000000000000	0.009440121262	6000
0	6	0.000000000000	0.600000000000	3	0.000000000000	0.708676363636	0.000000000000	0.007728467091	12000
0	6	0.000000000000	0.600000000000	4	0.000000000000	0.715029090909	0.000000000000	0.007423865006	10000
0	6	0.000000000000	0.600000000000	5	0.000000000000	0.707809090909	0.000000000000	0.009265941715	30000
0	7	0.000000000000	0.700000000000	1	0.000000000000	0.718174545455	0.000000000000	0.006116581258	30000
0	7	0.000000000000	0.700000000000	2	0.000000000000	0.718670909091	0.000000000000	0.008985030721	10000
0	7	0.000000000000	0.700000000000	3	0.000000000000	0.708129090909	0.000000000000	0.007477143369	12000
0	7	0.000000000000	0.700000000000	4	0.000000000000	0.710054545455	0.000000000000	0.008400008745	18000
0	7	0.000000000000	0.700000000000	5	0.000000000000	0.710720000000	0.000000000000	0.007388106523	24000
0	8	0.000000000000	0.800000000000	1	0.000000000000	0.713065454545	0.000000000000	0.009730593494	14000
0	8	0.000000000000	0.800000000000	2	0.000000000000	0.716572727273	0.000000000000	0.008939826565	30000
0	8	0.000000000000	0.800000000000	3	0.000000000000	0.709638181818	0.000000000000	0.007060887608	16000
0	8	0.000000000000	0.800000000000	4	0.000000000000	0.714961818182	0.000000000000	0.007726013933	22000
0	8	0.000000000000	0.800000000000	5	0.000000000000	0.713738181818	0.000000000000	0.008872406231	30000
0	9	0.000000000000	0.900000000000	1	0.000000000000	0.714858181818	0.000000000000	0.007053858323	30000
0	9	0.000000000000	0.900000000000	2	0.000000000000	0.714534545455	0.000000000000	0.007145109269	8000
0	9	0.000000000000	0.900000000000	3	0.000000000000	0.721138181818	0.000000000000	0.006567934421	30000
0	9	0.000000000000	0.900000000000	4	0.000000000000	0.719980000000	0.000000000000	0.008107697345	24000
0	9	0.000000000000	0.900000000000	5	0.000000000000	0.720349090909	0.000000000000	0.007793090287	10000
0	10	0.000000000000	1.000000000000	1	0.000000000000	1.000000000000	0.000000000000	0.000000000000	4000
0	10	0.000000000000	1.000000000000	2	0.000000000000	1.000000000000	0.000000000000	0.000000000000	4000
0	10	0.000000000000	1.000000000000	3	0.000000000000	1.000000000000	0.000000000000	0.000000000000	4000
0	10	0.000000000000	1.000000000000	4	0.000000000000	1.000000000000	0.000000000000	0.000000000000	4000
0	10	0.000000000000	1.000000000000	5	0.000000000000	1.000000000000	0.000000000000	0.000000000000	4000
1	0	0.100000000000	0.000000000000	1	0.708380000000	0.000000000000	0.008725596458	0.000000000000	14000
1	0	0.100000000000	0.000000000000	2	0.711943636364	0.000000000000	0.008515843509	0.000000000000	6000
1	0	0.100000000000	0.000000000000	3	0.715718181818	0.000000000000	0.008260153204	0.000000000000	6000
1	0	0.100000000000	0.000000000000	4	0.707298181818	0.000000000000	0.010636912189	0.000000000000	28000
1	0	0.100000000000	0.000000000000	5	0.710501818182	0.000000000000	0.008843820924	0.000000000000	6000
1	1	0.100000000000	0.100000000000	1	0.689570909091	0.015712727273	0.009471215974	0.005345107743	30000
1	1	0.100000000000	0.100000000000	2	0.702976363636	0.000000000000	0.010092472122	0.000000000000	22000
1	1	0.100000000000	0.100000000000	3	0.664801818182	0.037600000000	0.008979040334	0.007378788019	30000
1	1	0.100000000000	0.100000000000	4	0.000000000000	0.716272727273	0.000000000000	0.009343740541	18000
1	1	0.100000000000	0.100000000000	5	0.710705454545	0.000000000000	0.008864681006	0.000000000000	26000
1	2	0.100000000000	0.200000000000	1	0.000000000000	0.709174545455	0.000000000000	0.006247694898	14000
1	2	0.100000000000	0.200000000000	2	0.000000000000	0.708078181818	0.000000000000	0.008861935969	10000
1	2	0.100000000000	0.200000000000	3	0.000000000000	0.711183636364	0.000000000000	0.009859778317	30000
1	2	0.100000000000	0.200000000000	4	0.000000000000	0.714463636364	0.000000000000	0.009412102772	8000
1	2	0.100000000000	0.200000000000	5	0.000000000000	0.712030909091	0.000000000000	0.006841407585	12000
1	3	0.100000000000	0.300000000000	1	0.000000000000	0.718021818182	0.000000000000	0.006678879935	8000
1	3	0.100000000000	0.300000000000	2	0.000000000000	0.702078181818	0.000000000000	0.007495132204	30000
1	3	0.100000000000	0.300000000000	3	0.000000000000	0.715216363636	0.000000000000	0.008708270749	30000
1	3	0.100000000000	0.300000000000	4	0.000000000000	0.719796363636	0.000000000000	0.008522877221	8000
1	3	0.100000000000	0.300000000000	5	0.000000000000	0.711690909091	0.000000000000	0.009667765880	28000
1	4	0.100000000000	0.400000000000	1	0.000000000000	0.721232727273	0.000000000000	0.006477170846	30000
1	4	0.100000000000	0.400000000000	2	0.000000000000	0.708298181818	0.000000000000	0.006680278958	24000
1	4	0.100000000000	0.400000000000	3	0.000000000000	0.710554545455	0.000000000000	0.008417299661	20000
1	4	0.100000000000	0.400000000000	4	0.000000000000	0.703463636364	0.000000000000	0.007975835036	10000
1	4	0.100000000000	0.400000000000	5	0.000000000000	0.718978181818	0.000000000000	0.008071962672	18000
1	5	0.100000000000	0.500000000000	1	0.000000000000	0.713596363636	0.000000000000	0.006964416806	30000
1	5	0.100000000000	0.500000000000	2	0.000000000000	0.713050909091	0.000000000000	0.006608165629	8000
1	5	0.100000000000	0.500000000000	3	0.000000000000	0.721276363636	0.000000000000	0.008814094028	30000
1	5	0.100000000000	0.500000000000	4	0.000000000000	0.707612727273	0.000000000000	0.006941218510	8000
1	5	0.100000000000	0.500000000000	5	0.000000000000	0.719141818182	0.000000000000	0.011164127753	12000
1	6	0.100000000000	0.600000000000	1	0.000000000000	0.710630909091	0.000000000000	0.006994777601	14000
1	6	0.100000000000	0.600000000000	2	0.000000000000	0.709120000000	0.000000000000	0.008640157315	6000
1	6	0.100000000000	0.600000000000	3	0.000000000000	0.711660000000	0.000000000000	0.008550200915	10000
1	6	0.100000000000	0.600000000000	4	0.000000000000	0.710632727273	0.000000000000	0.008835786085	12000
1	6	0.100000000000	0.600000000000	5	0.000000000000	0.718063636364	0.000000000000	0.008270122360	10000
1	7	0.100000000000	0.700000000000	1	0.000000000000	0.711858181818	0.000000000000	0.008045962819	6000
1	7	0.100000000000	0.700000000000	2	0.000000000000	0.710356363636	0.000000000000	0.008536480322	14000
1	7	0.100000000000	0.700000000000	3	0.000000000000	0.712287272727	0.000000000000	0.006741308008	30000
1	7	0.100000000000	0.700000000000	4	0.000000000000	0.713629090909	0.000000000000	0.008479773842	18000
1	7	0.100000000000	0.700000000000	5	0.000000000000	0.719398181818	0.000000000000	0.009412184338	18000
1	8	0.100000000000	0.800000000000	1	0.000000000000	0.711643636364	0.000000000000	0.008241264713	30000
1	8	0.100000000000	0.800000000000	2	0.000000000000	0.713329090909	0.000000000000	0.008278653456	10000
1	8	0.100000000000	0.800000000000	3	0.000000000000	0.709040000000	0.000000000000	0.007200298180	30000
1	8	0.100000000000	0.800000000000	4	0.000000000000	0.710074545455	0.000000000000	0.011888333342	30000
1	8	0.100000000000	0.800000000000	5	0.000000000000	0.708950909091	0.000000000000	0.008898885811	30000
1	9	0.100000000000	0.900000000000	1	0.000000000000	0.712714545455	0.000000000000	0.008078682016	12000
1	9	0.100000000000	0.900000000000	2	0.000000000000	0.711912727273	0.000000000000	0.009257602856	26000
1	9	0.100000000000	0.900000000000	3	0.000000000000	0.706170909091	0.000000000000	0.007013480207	12000
1	9	0.100000000000	0.900000000000	4	0.000000000000	0.712527272727	0.000000000000	0.007310372132	30000
1	9	0.100000000000	0.900000000000	5	0.000000000000	0.705920000000	0.000000000000	0.008105979905	30000
1	10	0.100000000000	1.000000000000	1	0.000000000000	1.000000000000	0.000000000000	0.000000000000	6000
1	10	0.100000000000	1.000000000000	2	0.000000000000	1.000000000000	0.000000000000	0.000000000000	6000
1	10	0.100000000000	1.000000000000	3	0.000000000000	1.000000000000	0.000000000000	0.000000000000	6000
1	10	0.100000000000	1.000000000000	4	0.000000000000	1.000000000000	0.000000000000	0.000000000000	6000
1	10	0.100000000000	1.000000000000	5	0.000000000000	1.000000000000	0.000000000000	0.000000000000	6000
2	0	0.200000000000	0.000000000000	1	0.716489090909	0.000000000000	0.005269164200	0.000000000000	14000
2	0	0.200000000000	0.000000000000	2	0.707081818182	0.000000000000	0.009243415494	0.000000000000	24000
2	0	0.200000000000	0.000000000000	3	0.714867272727	0.000000000000	0.008900856424	0.000000000000	30000
2	0	0.200000000000	0.000000000000	4	0.710361818182	0.000000000000	0.009088251318	0.000000000000	30000
2	0	0.200000000000	0.000000000000	5	0.702369090909	0.000000000000	0.007665521383	0.000000000000	14000
2	1	0.200000000000	0.100000000000	1	0.707136363636	0.000000000000	0.008167574380	0.000000000000	6000
2	1	0.200000000000	0.100000000000	2	0.707832727273	0.000000000000	0.007332346405	0.000000000000	30000
2	1	0.200000000000	0.100000000000	3	0.697170909091	0.009894545455	0.008118706652	0.003813432126	30000
2	1	0.200000000000	0.100000000000	4	0.707107272727	0.000000000000	0.010726583110	0.000000000000	30000
2	1	0.200000000000	0.100000000000	5	0.706420000000	0.000000000000	0.009151140718	0.000000000000	10000
2	2	0.200000000000	0.200000000000	1	0.000000000000	0.713718181818	0.000000000000	0.009506381034	20000
2	2	0.200000000000	0.200000000000	2	0.709567272727	0.000000000000	0.010667906884	0.000000000000	30000
2	2	0.200000000000	0.200000000000	3	0.706100000000	0.000000000000	0.007605668498	0.000000000000	30000
2	2	0.200000000000	0.200000000000	4	0.702656363636	0.000000000000	0.008829713746	0.000000000000	16000
2	2	0.200000000000	0.200000000000	5	0.000000000000	0.710827272727	0.000000000000	0.008374733979	8000
2	3	0.200000000000	0.300000000000	1	0.000000000000	0.716003636364	0.000000000000	0.007903486351	12000
2	3	0.200000000000	0.300000000000	2	0.000000000000	0.716345454545	0.000000000000	0.005740927408	14000
2	3	0.200000000000	0.300000000000	3	0.000000000000	0.716905454545	0.000000000000	0.010044152727	30000
2	3	0.200000000000	0.300000000000	4	0.000000000000	0.717687272727	0.000000000000	0.007996561112	22000
2	3	0.200000000000	0.300000000000	5	0.000000000000	0.708778181818	0.000000000000	0.007196436694	22000
2	4	0.200000000000	0.400000000000	1	0.000000000000	0.713183636364	0.000000000000	0.009289486300	6000
2	4	0.200000000000	0.400000000000	2	0.000000000000	0.716038181818	0.000000000000	0.006715124067	6000
2	4	0.200000000000	0.400000000000	3	0.000000000000	0.713923636364	0.000000000000	0.006287070030	10000
2	4	0.200000000000	0.400000000000	4	0.000000000000	0.712061818182	0.000000000000	0.007249495153	26000
2	4	0.200000000000	0.400000000000	5	0.000000000000	0.714932727273	0.000000000000	0.008182198553	28000
2	5	0.200000000000	0.500000000000	1	0.000000000000	0.710896363636	0.000000000000	0.008380259211	30000
2	5	0.200000000000	0.500000000000	2	0.000000000000	0.713069090909	0.000000000000	0.006642712780	22000
2	5	0.200000000000	0.500000000000	3	0.000000000000	0.722050909091	0.000000000000	0.007360831341	10000
2	5	0.200000000000	0.500000000000	4	0.000000000000	0.714352727273	0.000000000000	0.007474842803	30000
2	5	0.200000000000	0.500000000000	5	0.000000000000	0.718950909091	0.000000000000	0.008212966059	6000
2	6	0.200000000000	0.600000000000	1	0.000000000000	0.711500000000	0.000000000000	0.007996842294	6000
2	6	0.200000000000	0.600000000000	2	0.000000000000	0.717463636364	0.000000000000	0.007911474857	30000
2	6	0.200000000000	0.600000000000	3	0.000000000000	0.723285454545	0.000000000000	0.007662188046	16000
2	6	0.200000000000	0.600000000000	4	0.000000000000	0.709303636364	0.000000000000	0.008461672454	30000
2	6	0.200000000000	0.600000000000	5	0.000000000000	0.708978181818	0.000000000000	0.008089980325	30000
2	7	0.200000000000	0.700000000000	1	0.000000000000	0.714549090909	0.000000000000	0.009300522008	28000
2	7	0.200000000000	0.700000000000	2	0.000000000000	0.710814545455	0.000000000000	0.009552447464	30000
2	7	0.200000000000	0.700000000000	3	0.000000000000	0.715332727273	0.000000000000	0.006705890864	10000
2	7	0.200000000000	0.700000000000	4	0.000000000000	0.717610909091	0.000000000000	0.009654117025	20000
2	7	0.200000000000	0.700000000000	5	0.000000000000	0.711976363636	0.000000000000	0.009498450978	18000
2	8	0.200000000000	0.800000000000	1	0.000000000000	0.712507272727	0.000000000000	0.007227624042	12000
2	8	0.200000000000	0.800000000000	2	0.000000000000	0.713405454545	0.000000000000	0.008026270576	26000
2	8	0.200000000000	0.800000000000	3	0.000000000000	0.718350909091	0.000000000000	0.010227493815	18000
2	8	0.200000000000	0.800000000000	4	0.000000000000	0.712432727273	0.000000000000	0.009289443019	22000
2	8	0.200000000000	0.800000000000	5	0.000000000000	0.712438181818	0.000000000000	0.007647483335	10000
2	9	0.200000000000	0.900000000000	1	0.000000000000	0.709829090909	0.000000000000	0.008421660114	30000
2	9	0.200000000000	0.900000000000	2	0.000000000000	0.709558181818	0.000000000000	0.008443201679	20000
2	9	0.200000000000	0.900000000000	3	0.000000000000	0.723945454545	0.000000000000	0.007551114711	8000
2	9	0.200000000000	0.900000000000	4	0.000000000000	0.713129090909	0.000000000000	0.007589811480	16000
2	9	0.200000000000	0.900000000000	5	0.000000000000	0.718896363636	0.000000000000	0.009718197996	10000
2	10	0.200000000000	1.000000000000	1	0.000000000000	1.000000000000	0.000000000000	0.000000000000	6000
2	10	0.200000000000	1.000000000000	2	0.000000000000	1.000000000000	0.000000000000	0.000000000000	6000
2	10	0.200000000000	1.000000000000	3	0.000000000000	1.000000000000	0.000000000000	0.000000000000	6000
2	10	0.200000000000	1.000000000000	4	0.000000000000	1.000000000000	0.000000000000	0.000000000000	6000
2	10	0.200000000000	1.000000000000	5	0.000000000000	1.000000000000	0.000000000000	0.000000000000	6000
3	0	0.300000000000	0.000000000000	1	0.720783636364	0.000000000000	0.006654802686	0.000000000000	6000
3	0	0.300000000000	0.000000000000	2	0.699021818182	0.000000000000	0.007859771671	0.000000000000	30000
3	0	0.300000000000	0.000000000000	3	0.710045454545	0.000000000000	0.008490574683	0.000000000000	30000
3	0	0.300000000000	0.000000000000	4	0.712112727273	0.000000000000	0.006796627683	0.000000000000	30000
3	0	0.300000000000	0.000000000000	5	0.715474545455	0.000000000000	0.007731006362	0.000000000000	6000
3	1	0.300000000000	0.100000000000	1	0.714085454545	0.000000000000	0.009079251967	0.000000000000	30000
3	1	0.300000000000	0.100000000000	2	0.692670909091	0.021956363636	0.013195630596	0.007644995966	30000
3	1	0.300000000000	0.100000000000	3	0.710656363636	0.000000000000	0.007556498370	0.000000000000	28000
3	1	0.300000000000	0.100000000000	4	0.712758181818	0.000000000000	0.007456214564	0.000000000000	30000
3	1	0.300000000000	0.100000000000	5	0.706221818182	0.000000000000	0.006720285703	0.000000000000	16000
3	2	0.300000000000	0.200000000000	1	0.698556363636	0.013287272727	0.008728903751	0.003913853239	30000
3	2	0.300000000000	0.200000000000	2	0.711070909091	0.000000000000	0.007914005793	0.000000000000	10000
3	2	0.300000000000	0.200000000000	3	0.708561818182	0.000000000000	0.009116955861	0.000000000000	28000
3	2	0.300000000000	0.200000000000	4	0.708612727273	0.000000000000	0.008474669414	0.000000000000	30000
3	2	0.300000000000	0.200000000000	5	0.707041818182	0.000000000000	0.006592763130	0.000000000000	20000
3	3	0.300000000000	0.300000000000	1	0.000000000000	0.706312727273	0.000000000000	0.007447445398	30000
3	3	0.300000000000	0.300000000000	2	0.691729090909	0.022530909091	0.008056665888	0.004579754471	30000
3	3	0.300000000000	0.300000000000	3	0.704890909091	0.000000000000	0.009200342341	0.000000000000	20000
3	3	0.300000000000	0.300000000000	4	0.698881818182	0.013698181818	0.008864180597	0.004315061639	30000
3	3	0.300000000000	0.300000000000	5	0.000000000000	0.705614545455	0.000000000000	0.006951276207	30000
3	4	0.300000000000	0.400000000000	1	0.000000000000	0.718009090909	0.000000000000	0.007122382441	30000
3	4	0.300000000000	0.400000000000	2	0.000000000000	0.717174545455	0.000000000000	0.008374755514	10000
3	4	0.300000000000	0.400000000000	3	0.000000000000	0.717356363636	0.000000000000	0.006147852495	18000
3	4	0.300000000000	0.400000000000	4	0.000000000000	0.713740000000	0.000000000000	0.008848857131	20000
3	4	0.300000000000	0.400000000000	5	0.000000000000	0.714932727273	0.000000000000	0.008286282880	30000
3	5	0.300000000000	0.500000000000	1	0.000000000000	0.711214545455	0.000000000000	0.005896712712	16000
3	5	0.300000000000	0.500000000000	2	0.000000000000	0.709754545455	0.000000000000	0.008722117377	30000
3	5	0.300000000000	0.500000000000	3	0.000000000000	0.711920000000	0.000000000000	0.007136049389	24000
3	5	0.300000000000	0.500000000000	4	0.000000000000	0.704058181818	0.000000000000	0.008435992097	14000
3	5	0.300000000000	0.500000000000	5	0.000000000000	0.710407272727	0.000000000000	0.007739122880	30000
3	6	0.300000000000	0.600000000000	1	0.000000000000	0.712196363636	0.000000000000	0.009003444200	30000
3	6	0.300000000000	0.600000000000	2	0.000000000000	0.713281818182	0.000000000000	0.008534617695	10000
3	6	0.300000000000	0.600000000000	3	0.000000000000	0.709852727273	0.000000000000	0.007949542438	16000
3	6	0.300000000000	0.600000000000	4	0.000000000000	0.719081818182	0.000000000000	0.009093998019	30000
3	6	0.300000000000	0.600000000000	5	0.000000000000	0.714298181818	0.000000000000	0.006380190888	22000
3	7	0.300000000000	0.700000000000	1	0.000000000000	0.714118181818	0.000000000000	0.008760352080	30000
3	7	0.300000000000	0.700000000000	2	0.000000000000	0.711641818182	0.000000000000	0.008819235011	8000
3	7	0.300000000000	0.700000000000	3	0.000000000000	0.710892727273	0.000000000000	0.008279348929	30000
3	7	0.300000000000	0.700000000000	4	0.000000000000	0.715496363636	0.000000000000	0.005957482192	28000
3	7	0.300000000000	0.700000000000	5	0.000000000000	0.714760000000	0.000000000000	0.007260449186	28000
3	8	0.300000000000	0.800000000000	1	0.000000000000	0.724000000000	0.000000000000	0.008748677001	6000
3	8	0.300000000000	0.800000000000	2	0.000000000000	0.711660000000	0.000000000000	0.009635422856	30000
3	8	0.300000000000	0.800000000000	3	0.000000000000	0.718610909091	0.000000000000	0.006781163559	30000
3	8	0.300000000000	0.800000000000	4	0.000000000000	0.714930909091	0.000000000000	0.008557671964	24000
3	8	0.300000000000	0.800000000000	5	0.000000000000	0.717394545455	0.000000000000	0.006629961497	8000
3	9	0.300000000000	0.900000000000	1	0.000000000000	0.715609090909	0.000000000000	0.007147149285	30000
3	9	0.300000000000	0.900000000000	2	0.000000000000	0.712376363636	0.000000000000	0.007350964877	20000
3	9	0.300000000000	0.900000000000	3	0.000000000000	0.714221818182	0.000000000000	0.009587547385	22000
3	9	0.300000000000	0.900000000000	4	0.000000000000	0.716810909091	0.000000000000	0.008333640379	14000
3	9	0.300000000000	0.900000000000	5	0.000000000000	0.716567272727	0.000000000000	0.006860039200	30000
3	10	0.300000000000	1.000000000000	1	0.000000000000	1.000000000000	0.000000000000	0.000000000000	6000
3	10	0.300000000000	1.000000000000	2	0.000000000000	1.000000000000	0.000000000000	0.000000000000	6000
3	10	0.300000000000	1.000000000000	3	0.000000000000	1.000000000000	0.000000000000	0.000000000000	6000
3	10	0.300000000000	1.000000000000	4	0.000000000000	1.000000000000	0.000000000000	0.000000000000	6000
3	10	0.300000000000	1.000000000000	5	0.000000000000	1.000000000000	0.000000000000	0.000000000000	6000
4	0	0.400000000000	0.000000000000	1	0.705745454545	0.000000000000	0.006410433343	0.000000000000	14000
4	0	0.400000000000	0.000000000000	2	0.705723636364	0.000000000000	0.006386046885	0.000000000000	6000
4	0	0.400000000000	0.000000000000	3	0.720980000000	0.000000000000	0.008349309184	0.000000000000	8000
4	0	0.400000000000	0.000000000000	4	0.706490909091	0.000000000000	0.010127472844	0.000000000000	20000
4	0	0.400000000000	0.000000000000	5	0.703965454545	0.000000000000	0.009103865369	0.000000000000	16000
4	1	0.400000000000	0.100000000000	1	0.712201818182	0.000000000000	0.007024020982	0.000000000000	30000
4	1	0.400000000000	0.100000000000	2	0.704712727273	0.000000000000	0.007369349964	0.000000000000	12000
4	1	0.400000000000	0.100000000000	3	0.709850909091	0.000000000000	0.009137794467	0.000000000000	30000
4	1	0.400000000000	0.100000000000	4	0.708621818182	0.000000000000	0.008471858548	0.000000000000	30000
4	1	0.400000000000	0.100000000000	5	0.707225454545	0.000000000000	0.007692267927	0.000000000000	14000
4	2	0.400000000000	0.200000000000	1	0.710781818182	0.000000000000	0.006759853029	0.000000000000	30000
4	2	0.400000000000	0.200000000000	2	0.707100000000	0.000000000000	0.007261793355	0.000000000000	16000
4	2	0.400000000000	0.200000000000	3	0.706330909091	0.000000000000	0.008634397523	0.000000000000	8000
4	2	0.400000000000	0.200000000000	4	0.692114545455	0.023058181818	0.012018598002	0.009808071558	30000
4	2	0.400000000000	0.200000000000	5	0.712921818182	0.000000000000	0.007004223376	0.000000000000	30000
4	3	0.400000000000	0.300000000000	1	0.712310909091	0.000000000000	0.007069823821	0.000000000000	16000
4	3	0.400000000000	0.300000000000	2	0.706554545455	0.000000000000	0.007185060624	0.000000000000	16000
4	3	0.400000000000	0.300000000000	3	0.703981818182	0.000000000000	0.007066392350	0.000000000000	30000
4	3	0.400000000000	0.300000000000	4	0.710700000000	0.000000000000	0.007711269581	0.000000000000	26000
4	3	0.400000000000	0.300000000000	5	0.705634545455	0.000000000000	0.008850810468	0.000000000000	8000
4	4	0.400000000000	0.400000000000	1	0.714301818182	0.000000000000	0.008533467816	0.000000000000	30000
4	4	0.400000000000	0.400000000000	2	0.000000000000	0.714158181818	0.000000000000	0.008366561901	16000
4	4	0.400000000000	0.400000000000	3	0.000000000000	0.709860000000	0.000000000000	0.006666436102	30000
4	4	0.400000000000	0.400000000000	4	0.000000000000	0.715214545455	0.000000000000	0.008148753931	30000
4	4	0.400000000000	0.400000000000	5	0.714063636364	0.000000000000	0.009730146460	0.000000000000	30000
4	5	0.400000000000	0.500000000000	1	0.000000000000	0.714625454545	0.000000000000	0.007840277162	30000
4	5	0.400000000000	0.500000000000	2	0.000000000000	0.712781818182	0.000000000000	0.005461245014	12000
4	5	0.400000000000	0.500000000000	3	0.707709090909	0.000000000000	0.007630303225	0.000000000000	8000
4	5	0.400000000000	0.500000000000	4	0.000000000000	0.718940000000	0.000000000000	0.007430073092	30000
4	5	0.400000000000	0.500000000000	5	0.000000000000	0.701943636364	0.000000000000	0.007661429639	10000
4	6	0.400000000000	0.600000000000	1	0.000000000000	0.706249090909	0.000000000000	0.007828866182	30000
4	6	0.400000000000	0.600000000000	2	0.000000000000	0.715800000000	0.000000000000	0.012091678462	10000
4	6	0.400000000000	0.600000000000	3	0.000000000000	0.713194545455	0.000000000000	0.008424368318	20000
4	6	0.400000000000	0.600000000000	4	0.000000000000	0.713094545455	0.000000000000	0.007500570604	10000
4	6	0.400000000000	0.600000000000	5	0.000000000000	0.707074545455	0.000000000000	0.007028645770	8000
4	7	0.400000000000	0.700000000000	1	0.000000000000	0.715161818182	0.000000000000	0.009890252095	18000
4	7	0.400000000000	0.700000000000	2	0.000000000000	0.712985454545	0.000000000000	0.007479063175	8000
4	7	0.400000000000	0.700000000000	3	0.000000000000	0.711763636364	0.000000000000	0.006376454467	12000
4	7	0.400000000000	0.700000000000	4	0.000000000000	0.710521818182	0.000000000000	0.008439022734	20000
4	7	0.400000000000	0.700000000000	5	0.000000000000	0.713032727273	0.000000000000	0.006448359226	20000
4	8	0.400000000000	0.800000000000	1	0.000000000000	0.720878181818	0.000000000000	0.008478159487	26000
4	8	0.400000000000	0.800000000000	2	0.000000000000	0.707856363636	0.000000000000	0.010190803564	10000
4	8	0.400000000000	0.800000000000	3	0.000000000000	0.717689090909	0.000000000000	0.008120070941	14000
4	8	0.400000000000	0.800000000000	4	0.000000000000	0.716405454545	0.000000000000	0.009710008808	30000
4	8	0.400000000000	0.800000000000	5	0.000000000000	0.720529090909	0.000000000000	0.009868855893	22000
4	9	0.400000000000	0.900000000000	1	0.000000000000	0.710067272727	0.000000000000	0.007344858200	30000
4	9	0.400000000000	0.900000000000	2	0.000000000000	0.710070909091	0.000000000000	0.008144266054	16000
4	9	0.400000000000	0.900000000000	3	0.000000000000	0.710550909091	0.000000000000	0.006249894414	20000
4	9	0.400000000000	0.900000000000	4	0.000000000000	0.707467272727	0.000000000000	0.008186629863	18000
4	9	0.400000000000	0.900000000000	5	0.000000000000	0.712610909091	0.000000000000	0.008065349123	16000
4	10	0.400000000000	1.000000000000	1	0.000000000000	1.000000000000	0.000000000000	0.000000000000	6000
4	10	0.400000000000	1.000000000000	2	0.000000000000	1.000000000000	0.000000000000	0.000000000000	6000
4	10	0.400000000000	1.000000000000	3	0.000000000000	1.000000000000	0.000000000000	0.000000000000	6000
4	10	0.400000000000	1.000000000000	4	0.000000000000	1.000000000000	0.000000000000	0.000000000000	6000
4	10	0.400000000000	1.000000000000	5	0.000000000000	1.000000000000	0.000000000000	0.000000000000	6000
5	0	0.500000000000	0.000000000000	1	0.704361818182	0.000000000000	0.008184658712	0.000000000000	8000
5	0	0.500000000000	0.000000000000	2	0.702407272727	0.000000000000	0.007934039244	0.000000000000	18000
5	0	0.500000000000	0.000000000000	3	0.713505454545	0.000000000000	0.009277869315	0.000000000000	30000
5	0	0.500000000000	0.000000000000	4	0.707385454545	0.000000000000	0.007419163662	0.000000000000	28000
5	0	0.500000000000	0.000000000000	5	0.712603636364	0.000000000000	0.008772356027	0.000000000000	22000
5	1	0.500000000000	0.100000000000	1	0.718423636364	0.000000000000	0.007570418211	0.000000000000	10000
5	1	0.500000000000	0.100000000000	2	0.710474545455	0.000000000000	0.009239459521	0.000000000000	30000
5	1	0.500000000000	0.100000000000	3	0.718485454545	0.000000000000	0.007386298375	0.000000000000	12000
5	1	0.500000000000	0.100000000000	4	0.708952727273	0.000000000000	0.011026489967	0.000000000000	22000
5	1	0.500000000000	0.100000000000	5	0.711092727273	0.000000000000	0.007757694981	0.000000000000	18000
5	2	0.500000000000	0.200000000000	1	0.710820000000	0.000000000000	0.007360602739	0.000000000000	30000
5	2	0.500000000000	0.200000000000	2	0.707703636364	0.000000000000	0.008195372237	0.000000000000	30000
5	2	0.500000000000	0.200000000000	3	0.715883636364	0.000000000000	0.007878221698	0.000000000000	30000
5	2	0.500000000000	0.200000000000	4	0.710254545455	0.000000000000	0.006613692691	0.000000000000	8000
5	2	0.500000000000	0.200000000000	5	0.713334545455	0.000000000000	0.007004906731	0.000000000000	10000
5	3	0.500000000000	0.300000000000	1	0.705865454545	0.000000000000	0.008223606693	0.000000000000	30000
5	3	0.500000000000	0.300000000000	2	0.707407272727	0.000000000000	0.008698325366	0.000000000000	10000
5	3	0.500000000000	0.300000000000	3	0.711761818182	0.000000000000	0.011090051121	0.000000000000	30000
5	3	0.500000000000	0.300000000000	4	0.703994545455	0.000000000000	0.006802573453	0.000000000000	30000
5	3	0.500000000000	0.300000000000	5	0.703992727273	0.000000000000	0.006596956160	0.000000000000	30000
5	4	0.500000000000	0.400000000000	1	0.706363636364	0.000000000000	0.010050213526	0.000000000000	30000
5	4	0.500000000000	0.400000000000	2	0.713556363636	0.000000000000	0.007693287397	0.000000000000	30000
5	4	0.500000000000	0.400000000000	3	0.693200000000	0.014414545455	0.008867096608	0.002935912391	30000
5	4	0.500000000000	0.400000000000	4	0.716030909091	0.000000000000	0.008760679948	0.000000000000	12000
5	4	0.500000000000	0.400000000000	5	0.712383636364	0.000000000000	0.008073832438	0.000000000000	18000
5	5	0.500000000000	0.500000000000	1	0.000000000000	0.715269090909	0.000000000000	0.010346073791	18000
5	5	0.500000000000	0.500000000000	2	0.000000000000	0.707354545455	0.000000000000	0.008773034805	30000
5	5	0.500000000000	0.500000000000	3	0.000000000000	0.719598181818	0.000000000000	0.006937911115	30000
5	5	0.500000000000	0.500000000000	4	0.687489090909	0.028892727273	0.010021335623	0.005278224891	14000
5	5	0.500000000000	0.500000000000	5	0.699472727273	0.000000000000	0.009609195292	0.000000000000	30000
5	6	0.500000000000	0.600000000000	1	0.000000000000	0.715998181818	0.000000000000	0.006966099322	24000
5	6	0.500000000000	0.600000000000	2	0.000000000000	0.712129090909	0.000000000000	0.006372212933	14000
5	6	0.500000000000	0.600000000000	3	0.000000000000	0.714241818182	0.000000000000	0.007173568951	30000
5	6	0.500000000000	0.600000000000	4	0.000000000000	0.715858181818	0.000000000000	0.007433992383	26000
5	6	0.500000000000	0.600000000000	5	0.000000000000	0.717563636364	0.000000000000	0.007570656213	30000
5	7	0.500000000000	0.700000000000	1	0.000000000000	0.713898181818	0.000000000000	0.009471383677	30000
5	7	0.500000000000	0.700000000000	2	0.000000000000	0.717807272727	0.000000000000	0.005880919146	18000
5	7	0.500000000000	0.700000000000	3	0.000000000000	0.714118181818	0.000000000000	0.006279891746	30000
5	7	0.500000000000	0.700000000000	4	0.000000000000	0.716947272727	0.000000000000	0.007594998008	16000
5	7	0.500000000000	0.700000000000	5	0.000000000000	0.714312727273	0.000000000000	0.007535435362	12000
5	8	0.500000000000	0.800000000000	1	0.000000000000	0.714465454545	0.000000000000	0.008491098669	12000
5	8	0.500000000000	0.800000000000	2	0.000000000000	0.710450909091	0.000000000000	0.006577090613	30000
5	8	0.500000000000	0.800000000000	3	0.000000000000	0.704881818182	0.000000000000	0.007092538739	30000
5	8	0.500000000000	0.800000000000	4	0.000000000000	0.717758181818	0.000000000000	0.006281192087	8000
5	8	0.500000000000	0.800000000000	5	0.000000000000	0.711541818182	0.000000000000	0.008261339123	30000
5	9	0.500000000000	0.900000000000	1	0.000000000000	0.713689090909	0.000000000000	0.007479798266	8000
5	9	0.500000000000	0.900000000000	2	0.000000000000	0.710207272727	0.000000000000	0.008435762230	30000
5	9	0.500000000000	0.900000000000	3	0.000000000000	0.702318181818	0.000000000000	0.007981931589	22000
5	9	0.500000000000	0.900000000000	4	0.000000000000	0.716121818182	0.000000000000	0.006431282746	30000
5	9	0.500000000000	0.900000000000	5	0.000000000000	0.708249090909	0.000000000000	0.010909793256	30000
5	10	0.500000000000	1.000000000000	1	0.000000000000	1.000000000000	0.000000000000	0.000000000000	6000
5	10	0.500000000000	1.000000000000	2	0.000000000000	1.000000000000	0.000000000000	0.000000000000	6000
5	10	0.500000000000	1.000000000000	3	0.000000000000	1.000000000000	0.000000000000	0.000000000000	6000
5	10	0.500000000000	1.000000000000	4	0.000000000000	1.000000000000	0.000000000000	0.000000000000	6000
5	10	0.500000000000	1.000000000000	5	0.000000000000	1.000000000000	0.000000000000	0.000000000000	6000
6	0	0.600000000000	0.000000000000	1	0.704278181818	0.000000000000	0.007082410890	0.000000000000	22000
6	0	0.600000000000	0.000000000000	2	0.713381818182	0.000000000000	0.007258699731	0.000000000000	24000
6	0	0.600000000000	0.000000000000	3	0.712600000000	0.000000000000	0.007330081427	0.000000000000	26000
6	0	0.600000000000	0.000000000000	4	0.712332727273	0.000000000000	0.009298371859	0.000000000000	10000
6	0	0.600000000000	0.000000000000	5	0.705601818182	0.000000000000	0.006642160553	0.000000000000	20000
6	1	0.600000000000	0.100000000000	1	0.706172727273	0.000000000000	0.008503348460	0.000000000000	30000
6	1	0.600000000000	0.100000000000	2	0.713187272727	0.000000000000	0.006694403126	0.000000000000	8000
6	1	0.600000000000	0.100000000000	3	0.707509090909	0.000000000000	0.009696816133	0.000000000000	12000
6	1	0.600000000000	0.100000000000	4	0.705245454545	0.000000000000	0.007236641524	0.000000000000	18000
6	1	0.600000000000	0.100000000000	5	0.704094545455	0.000000000000	0.006519989696	0.000000000000	30000
6	2	0.600000000000	0.200000000000	1	0.708594545455	0.000000000000	0.007392872154	0.000000000000	28000
6	2	0.600000000000	0.200000000000	2	0.696527272727	0.016970909091	0.008376497054	0.004289525975	30000
6	2	0.600000000000	0.200000000000	3	0.718634545455	0.000000000000	0.006445080016	0.000000000000	10000
6	2	0.600000000000	0.200000000000	4	0.712370909091	0.000000000000	0.007612324308	0.000000000000	30000
6	2	0.600000000000	0.200000000000	5	0.704130909091	0.000000000000	0.007096792723	0.000000000000	30000
6	3	0.600000000000	0.300000000000	1	0.702052727273	0.013605454545	0.010385779850	0.006137031372	30000
6	3	0.600000000000	0.300000000000	2	0.716676363636	0.000000000000	0.007943499552	0.000000000000	30000
6	3	0.600000000000	0.300000000000	3	0.710434545455	0.000000000000	0.007141151910	0.000000000000	10000
6	3	0.600000000000	0.300000000000	4	0.712567272727	0.000000000000	0.006757688017	0.000000000000	28000
6	3	0.600000000000	0.300000000000	5	0.711358181818	0.000000000000	0.007079046056	0.000000000000	30000
6	4	0.600000000000	0.400000000000	1	0.707229090909	0.000000000000	0.007396665314	0.000000000000	30000
6	4	0.600000000000	0.400000000000	2	0.698098181818	0.009574545455	0.007737425201	0.003332089213	30000
6	4	0.600000000000	0.400000000000	3	0.692872727273	0.013349090909	0.006767314116	0.003062907318	30000
6	4	0.600000000000	0.400000000000	4	0.712541818182	0.000000000000	0.007808459079	0.000000000000	30000
6	4	0.600000000000	0.400000000000	5	0.711052727273	0.000000000000	0.007905153181	0.000000000000	10000
6	5	0.600000000000	0.500000000000	1	0.720501818182	0.000000000000	0.008943536383	0.000000000000	16000
6	5	0.600000000000	0.500000000000	2	0.708487272727	0.000000000000	0.008787883683	0.000000000000	20000
6	5	0.600000000000	0.500000000000	3	0.714778181818	0.000000000000	0.006901436914	0.000000000000	30000
6	5	0.600000000000	0.500000000000	4	0.701534545455	0.000000000000	0.007485216860	0.000000000000	16000
6	5	0.600000000000	0.500000000000	5	0.704987272727	0.000000000000	0.007613925365	0.000000000000	30000
6	6	0.600000000000	0.600000000000	1	0.000000000000	0.714654545455	0.000000000000	0.008023905579	30000
6	6	0.600000000000	0.600000000000	2	0.704412727273	0.000000000000	0.007985516013	0.000000000000	30000
6	6	0.600000000000	0.600000000000	3	0.000000000000	0.718132727273	0.000000000000	0.006830748512	20000
6	6	0.600000000000	0.600000000000	4	0.000000000000	0.714380000000	0.000000000000	0.008245667289	8000
6	6	0.600000000000	0.600000000000	5	0.709605454545	0.000000000000	0.010126788455	0.000000000000	14000
6	7	0.600000000000	0.700000000000	1	0.000000000000	0.706054545455	0.000000000000	0.007217714402	26000
6	7	0.600000000000	0.700000000000	2	0.000000000000	0.718636363636	0.000000000000	0.008690518505	8000
6	7	0.600000000000	0.700000000000	3	0.000000000000	0.712945454545	0.000000000000	0.007407433880	14000
6	7	0.600000000000	0.700000000000	4	0.000000000000	0.704041818182	0.000000000000	0.007302530390	12000
6	7	0.600000000000	0.700000000000	5	0.000000000000	0.714961818182	0.000000000000	0.007992948315	30000
6	8	0.600000000000	0.800000000000	1	0.000000000000	0.716810909091	0.000000000000	0.009729586831	12000
6	8	0.600000000000	0.800000000000	2	0.000000000000	0.713640000000	0.000000000000	0.007814051016	14000
6	8	0.600000000000	0.800000000000	3	0.000000000000	0.722794545455	0.000000000000	0.006140513624	26000
6	8	0.600000000000	0.800000000000	4	0.000000000000	0.708098181818	0.000000000000	0.008120952156	16000
6	8	0.600000000000	0.800000000000	5	0.000000000000	0.708154545455	0.000000000000	0.007691074288	30000
6	9	0.600000000000	0.900000000000	1	0.007643636364	0.700001818182	0.003379979872	0.009802692676	6000
6	9	0.600000000000	0.900000000000	2	0.000000000000	0.715712727273	0.000000000000	0.009136085041	30000
6	9	0.600000000000	0.900000000000	3	0.000000000000	0.713069090909	0.000000000000	0.007271966472	16000
6	9	0.600000000000	0.900000000000	4	0.000000000000	0.711161818182	0.000000000000	0.007711248983	18000
6	9	0.600000000000	0.900000000000	5	0.000000000000	0.712770909091	0.000000000000	0.007494883415	28000
6	10	0.600000000000	1.000000000000	1	0.000000000000	1.000000000000	0.000000000000	0.000000000000	6000
6	10	0.600000000000	1.000000000000	2	0.000000000000	1.000000000000	0.000000000000	0.000000000000	6000
6	10	0.600000000000	1.000000000000	3	0.000000000000	1.000000000000	0.000000000000	0.000000000000	6000
6	10	0.600000000000	1.000000000000	4	0.000000000000	1.000000000000	0.000000000000	0.000000000000	6000
6	10	0.600000000000	1.000000000000	5	0.000000000000	1.000000000000	0.000000000000	0.000000000000	6000
7	0	0.700000000000	0.000000000000	1	0.707674545455	0.000000000000	0.007575846901	0.000000000000	8000
7	0	0.700000000000	0.000000000000	2	0.709061818182	0.000000000000	0.007102788419	0.000000000000	22000
7	0	0.700000000000	0.000000000000	3	0.707174545455	0.000000000000	0.007800718655	0.000000000000	24000
7	0	0.700000000000	0.000000000000	4	0.711040000000	0.000000000000	0.007151787221	0.000000000000	30000
7	0	0.700000000000	0.000000000000	5	0.708900000000	0.000000000000	0.007167307438	0.000000000000	10000
7	1	0.700000000000	0.100000000000	1	0.707390909091	0.000000000000	0.007819295961	0.000000000000	22000
7	1	0.700000000000	0.100000000000	2	0.712152727273	0.000000000000	0.007659681260	0.000000000000	26000
7	1	0.700000000000	0.100000000000	3	0.714589090909	0.000000000000	0.007193909058	0.000000000000	30000
7	1	0.700000000000	0.100000000000	4	0.719121818182	0.000000000000	0.006582928038	0.000000000000	8000
7	1	0.700000000000	0.100000000000	5	0.714649090909	0.000000000000	0.008170486081	0.000000000000	10000
7	2	0.700000000000	0.200000000000	1	0.710767272727	0.000000000000	0.007080898081	0.000000000000	6000
7	2	0.700000000000	0.200000000000	2	0.702716363636	0.000000000000	0.008285950019	0.000000000000	24000
7	2	0.700000000000	0.200000000000	3	0.707225454545	0.000000000000	0.007218224201	0.000000000000	28000
7	2	0.700000000000	0.200000000000	4	0.704138181818	0.000000000000	0.010104365918	0.000000000000	30000
7	2	0.700000000000	0.200000000000	5	0.706229090909	0.000000000000	0.007591634796	0.000000000000	30000
7	3	0.700000000000	0.300000000000	1	0.687334545455	0.020176363636	0.008838771927	0.003873251834	30000
7	3	0.700000000000	0.300000000000	2	0.684458181818	0.030894545455	0.008771284661	0.005465132444	30000
7	3	0.700000000000	0.300000000000	3	0.710432727273	0.000000000000	0.007721900463	0.000000000000	14000
7	3	0.700000000000	0.300000000000	4	0.668121818182	0.046234545455	0.010929533278	0.008521615865	30000
7	3	0.700000000000	0.300000000000	5	0.707167272727	0.000000000000	0.007481452011	0.000000000000	10000
7	4	0.700000000000	0.400000000000	1	0.712425454545	0.000000000000	0.008309176313	0.000000000000	22000
7	4	0.700000000000	0.400000000000	2	0.709340000000	0.000000000000	0.008183128680	0.000000000000	30000
7	4	0.700000000000	0.400000000000	3	0.707452727273	0.000000000000	0.007902733305	0.000000000000	26000
7	4	0.700000000000	0.400000000000	4	0.680187272727	0.028969090909	0.007352009169	0.006428503678	30000
7	4	0.700000000000	0.400000000000	5	0.711150909091	0.000000000000	0.007418529172	0.000000000000	24000
7	5	0.700000000000	0.500000000000	1	0.709732727273	0.000000000000	0.007836124435	0.000000000000	30000
7	5	0.700000000000	0.500000000000	2	0.709040000000	0.000000000000	0.010195552532	0.000000000000	30000
7	5	0.700000000000	0.500000000000	3	0.686609090909	0.018087272727	0.008982661569	0.005073699185	30000
7	5	0.700000000000	0.500000000000	4	0.713100000000	0.000000000000	0.009421239382	0.000000000000	22000
7	5	0.700000000000	0.500000000000	5	0.709296363636	0.000000000000	0.010163535286	0.000000000000	30000
7	6	0.700000000000	0.600000000000	1	0.700098181818	0.012341818182	0.008925621618	0.002236118663	30000
7	6	0.700000000000	0.600000000000	2	0.702460000000	0.000000000000	0.008191648577	0.000000000000	30000
7	6	0.700000000000	0.600000000000	3	0.707661818182	0.000000000000	0.009282752205	0.000000000000	12000
7	6	0.700000000000	0.600000000000	4	0.703218181818	0.000036363636	0.008360521998	0.000254672823	30000
7	6	0.700000000000	0.600000000000	5	0.648989090909	0.062169090909	0.009203392563	0.005510902174	30000
7	7	0.700000000000	0.700000000000	1	0.000000000000	0.710849090909	0.000000000000	0.007231640928	22000
7	7	0.700000000000	0.700000000000	2	0.705620000000	0.000000000000	0.006475740975	0.000000000000	30000
7	7	0.700000000000	0.700000000000	3	0.717349090909	0.000000000000	0.007683855802	0.000000000000	12000
7	7	0.700000000000	0.700000000000	4	0.000000000000	0.715058181818	0.000000000000	0.008229952344	10000
7	7	0.700000000000	0.700000000000	5	0.690538181818	0.020260000000	0.008754799311	0.005247866747	12000
7	8	0.700000000000	0.800000000000	1	0.000000000000	0.717165454545	0.000000000000	0.007292837561	30000
7	8	0.700000000000	0.800000000000	2	0.000000000000	0.721658181818	0.000000000000	0.008895386898	12000
7	8	0.700000000000	0.800000000000	3	0.000000000000	0.714118181818	0.000000000000	0.008711108085	20000
7	8	0.700000000000	0.800000000000	4	0.000000000000	0.713407272727	0.000000000000	0.007486644655	10000
7	8	0.700000000000	0.800000000000	5	0.000000000000	0.714889090909	0.000000000000	0.007139854317	22000
7	9	0.700000000000	0.900000000000	1	0.000000000000	0.721325454545	0.000000000000	0.008772767751	8000
7	9	0.700000000000	0.900000000000	2	0.000000000000	0.716767272727	0.000000000000	0.008879089478	30000
7	9	0.700000000000	0.900000000000	3	0.000000000000	0.713029090909	0.000000000000	0.008914744864	30000
7	9	0.700000000000	0.900000000000	4	0.000000000000	0.720394545455	0.000000000000	0.006181676595	12000
7	9	0.700000000000	0.900000000000	5	0.000000000000	0.716816363636	0.000000000000	0.007438505301	28000
7	10	0.700000000000	1.000000000000	1	0.000000000000	1.000000000000	0.000000000000	0.000000000000	6000
7	10	0.700000000000	1.000000000000	2	0.000000000000	1.000000000000	0.000000000000	0.000000000000	6000
7	10	0.700000000000	1.000000000000	3	0.000000000000	1.000000000000	0.000000000000	0.000000000000	6000
7	10	0.700000000000	1.000000000000	4	0.000000000000	1.000000000000	0.000000000000	0.000000000000	6000
7	10	0.700000000000	1.000000000000	5	0.000000000000	1.000000000000	0.000000000000	0.000000000000	6000
8	0	0.800000000000	0.000000000000	1	0.711341818182	0.000000000000	0.007584402602	0.000000000000	20000
8	0	0.800000000000	0.000000000000	2	0.712169090909	0.000000000000	0.008009117770	0.000000000000	6000
8	0	0.800000000000	0.000000000000	3	0.709167272727	0.000000000000	0.005847250842	0.000000000000	30000
8	0	0.800000000000	0.000000000000	4	0.717789090909	0.000000000000	0.007039988809	0.000000000000	16000
8	0	0.800000000000	0.000000000000	5	0.717412727273	0.000000000000	0.006484767095	0.000000000000	22000
8	1	0.800000000000	0.100000000000	1	0.703692727273	0.000000000000	0.007812789579	0.000000000000	30000
8	1	0.800000000000	0.100000000000	2	0.706778181818	0.000000000000	0.010242635210	0.000000000000	14000
8	1	0.800000000000	0.100000000000	3	0.711163636364	0.000000000000	0.006991656701	0.000000000000	30000
8	1	0.800000000000	0.100000000000	4	0.706949090909	0.000000000000	0.009336799439	0.000000000000	14000
8	1	0.800000000000	0.100000000000	5	0.714096363636	0.000000000000	0.006814675229	0.000000000000	12000
8	2	0.800000000000	0.200000000000	1	0.716400000000	0.000000000000	0.009573262235	0.000000000000	12000
8	2	0.800000000000	0.200000000000	2	0.708620000000	0.000000000000	0.010286785060	0.000000000000	30000
8	2	0.800000000000	0.200000000000	3	0.712169090909	0.000000000000	0.008989469725	0.000000000000	8000
8	2	0.800000000000	0.200000000000	4	0.701880000000	0.000000000000	0.007074101755	0.000000000000	30000
8	2	0.800000000000	0.200000000000	5	0.709887272727	0.000000000000	0.007806882446	0.000000000000	30000
8	3	0.800000000000	0.300000000000	1	0.716416363636	0.000000000000	0.006507203375	0.000000000000	8000
8	3	0.800000000000	0.300000000000	2	0.706569090909	0.000000000000	0.007182355753	0.000000000000	28000
8	3	0.800000000000	0.300000000000	3	0.705558181818	0.000000000000	0.010353771889	0.000000000000	30000
8	3	0.800000000000	0.300000000000	4	0.712081818182	0.000000000000	0.009545461045	0.000000000000	12000
8	3	0.800000000000	0.300000000000	5	0.710161818182	0.000000000000	0.009167947129	0.000000000000	18000
8	4	0.800000000000	0.400000000000	1	0.702429090909	0.000000000000	0.006624866849	0.000000000000	18000
8	4	0.800000000000	0.400000000000	2	0.704234545455	0.000000000000	0.011287864075	0.000000000000	30000
8	4	0.800000000000	0.400000000000	3	0.700485454545	0.013638181818	0.009454326877	0.004461782996	28000
8	4	0.800000000000	0.400000000000	4	0.706234545455	0.000000000000	0.008058587864	0.000000000000	30000
8	4	0.800000000000	0.400000000000	5	0.705209090909	0.000000000000	0.008211093115	0.000000000000	30000
8	5	0.800000000000	0.500000000000	1	0.706698181818	0.000000000000	0.007746029491	0.000000000000	30000
8	5	0.800000000000	0.500000000000	2	0.713520000000	0.000000000000	0.011672829385	0.000000000000	30000
8	5	0.800000000000	0.500000000000	3	0.706256363636	0.000000000000	0.008118228740	0.000000000000	24000
8	5	0.800000000000	0.500000000000	4	0.709549090909	0.000000000000	0.010924322185	0.000000000000	28000
8	5	0.800000000000	0.500000000000	5	0.708329090909	0.000000000000	0.008845245463	0.000000000000	30000
8	6	0.800000000000	0.600000000000	1	0.706327272727	0.000000000000	0.008361016733	0.000000000000	22000
8	6	0.800000000000	0.600000000000	2	0.702449090909	0.000000000000	0.007997093881	0.000000000000	30000
8	6	0.800000000000	0.600000000000	3	0.716809090909	0.000000000000	0.007179992764	0.000000000000	20000
8	6	0.800000000000	0.600000000000	4	0.673280000000	0.037601818182	0.008057484221	0.005325695956	30000
8	6	0.800000000000	0.600000000000	5	0.681449090909	0.035861818182	0.011283617219	0.006229113613	30000
8	7	0.800000000000	0.700000000000	1	0.708225454545	0.000000000000	0.007026363191	0.000000000000	24000
8	7	0.800000000000	0.700000000000	2	0.706929090909	0.000000000000	0.007481151900	0.000000000000	22000
8	7	0.800000000000	0.700000000000	3	0.684245454545	0.020392727273	0.009555128153	0.004163830320	30000
8	7	0.800000000000	0.700000000000	4	0.699838181818	0.013401818182	0.008487788383	0.006410680858	10000
8	7	0.800000000000	0.700000000000	5	0.693681818182	0.014309090909	0.011638117389	0.005659421688	14000
8	8	0.800000000000	0.800000000000	1	0.000000000000	0.711401818182	0.000000000000	0.009771681710	26000
8	8	0.800000000000	0.800000000000	2	0.680678181818	0.024421818182	0.014073453679	0.009716976358	30000
8	8	0.800000000000	0.800000000000	3	0.690105454545	0.017560000000	0.009276410439	0.005343002428	30000
8	8	0.800000000000	0.800000000000	4	0.000000000000	0.710558181818	0.000000000000	0.009130272591	12000
8	8	0.800000000000	0.800000000000	5	0.708665454545	0.009407272727	0.009147561036	0.004055278653	30000
8	9	0.800000000000	0.900000000000	1	0.000000000000	0.708623636364	0.000000000000	0.009246453654	30000
8	9	0.800000000000	0.900000000000	2	0.000000000000	0.709167272727	0.000000000000	0.009932012867	16000
8	9	0.800000000000	0.900000000000	3	0.000000000000	0.715125454545	0.000000000000	0.006307092236	30000
8	9	0.800000000000	0.900000000000	4	0.000000000000	0.710998181818	0.000000000000	0.007285592180	14000
8	9	0.800000000000	0.900000000000	5	0.000000000000	0.719527272727	0.000000000000	0.007580266199	10000
8	10	0.800000000000	1.000000000000	1	0.000000000000	1.000000000000	0.000000000000	0.000000000000	6000
8	10	0.800000000000	1.000000000000	2	0.000000000000	1.000000000000	0.000000000000	0.000000000000	6000
8	10	0.800000000000	1.000000000000	3	0.000000000000	1.000000000000	0.000000000000	0.000000000000	6000
8	10	0.800000000000	1.000000000000	4	0.000000000000	1.000000000000	0.000000000000	0.000000000000	6000
8	10	0.800000000000	1.000000000000	5	0.000000000000	1.000000000000	0.000000000000	0.000000000000	6000
9	0	0.900000000000	0.000000000000	1	0.718101818182	0.000000000000	0.007433847269	0.000000000000	24000
9	0	0.900000000000	0.000000000000	2	0.705580000000	0.000000000000	0.006642608914	0.000000000000	30000
9	0	0.900000000000	0.000000000000	3	0.712598181818	0.000000000000	0.006984449248	0.000000000000	30000
9	0	0.900000000000	0.000000000000	4	0.710594545455	0.000000000000	0.008081573333	0.000000000000	16000
9	0	0.900000000000	0.000000000000	5	0.709201818182	0.000000000000	0.008706074104	0.000000000000	28000
9	1	0.900000000000	0.100000000000	1	0.713767272727	0.000000000000	0.007602587707	0.000000000000	20000
9	1	0.900000000000	0.100000000000	2	0.710040000000	0.000000000000	0.008301421239	0.000000000000	18000
9	1	0.900000000000	0.100000000000	3	0.720818181818	0.000000000000	0.008623242472	0.000000000000	6000
9	1	0.900000000000	0.100000000000	4	0.703630909091	0.000000000000	0.006658717868	0.000000000000	18000
9	1	0.900000000000	0.100000000000	5	0.703372727273	0.000000000000	0.007410644029	0.000000000000	22000
9	2	0.900000000000	0.200000000000	1	0.708323636364	0.000000000000	0.008336902122	0.000000000000	14000
9	2	0.900000000000	0.200000000000	2	0.700383636364	0.000000000000	0.009000088518	0.000000000000	30000
9	2	0.900000000000	0.200000000000	3	0.717925454545	0.000000000000	0.006872488309	0.000000000000	6000
9	2	0.900000000000	0.200000000000	4	0.708341818182	0.000000000000	0.007802239702	0.000000000000	8000
9	2	0.900000000000	0.200000000000	5	0.706190909091	0.000000000000	0.009525680544	0.000000000000	24000
9	3	0.900000000000	0.300000000000	1	0.703632727273	0.000000000000	0.007976669129	0.000000000000	30000
9	3	0.900000000000	0.300000000000	2	0.707352727273	0.000000000000	0.007396808473	0.000000000000	28000
9	3	0.900000000000	0.300000000000	3	0.706325454545	0.000000000000	0.007473247815	0.000000000000	30000
9	3	0.900000000000	0.300000000000	4	0.707500000000	0.000000000000	0.008277041652	0.000000000000	30000
9	3	0.900000000000	0.300000000000	5	0.711894545455	0.000000000000	0.006809391245	0.000000000000	22000
9	4	0.900000000000	0.400000000000	1	0.710900000000	0.000000000000	0.007532219968	0.000000000000	12000
9	4	0.900000000000	0.400000000000	2	0.715307272727	0.000000000000	0.008799109621	0.000000000000	18000
9	4	0.900000000000	0.400000000000	3	0.712094545455	0.000000000000	0.007798133129	0.000000000000	26000
9	4	0.900000000000	0.400000000000	4	0.709989090909	0.000000000000	0.007531119158	0.000000000000	20000
9	4	0.900000000000	0.400000000000	5	0.698767272727	0.017316363636	0.012402191868	0.008471856205	30000
9	5	0.900000000000	0.500000000000	1	0.705872727273	0.000000000000	0.007671111614	0.000000000000	30000
9	5	0.900000000000	0.500000000000	2	0.708494545455	0.000000000000	0.008630706080	0.000000000000	16000
9	5	0.900000000000	0.500000000000	3	0.703409090909	0.011070909091	0.006910483310	0.004169284513	30000
9	5	0.900000000000	0.500000000000	4	0.687040000000	0.024510909091	0.007443978848	0.003472339953	30000
9	5	0.900000000000	0.500000000000	5	0.709023636364	0.000000000000	0.010160181208	0.000000000000	16000
9	6	0.900000000000	0.600000000000	1	0.706676363636	0.005790909091	0.007804393940	0.002404213604	30000
9	6	0.900000000000	0.600000000000	2	0.704461818182	0.000000000000	0.007673005961	0.000000000000	30000
9	6	0.900000000000	0.600000000000	3	0.704363636364	0.000000000000	0.007104711339	0.000000000000	24000
9	6	0.900000000000	0.600000000000	4	0.701189090909	0.000000000000	0.007602907180	0.000000000000	30000
9	6	0.900000000000	0.600000000000	5	0.697072727273	0.016574545455	0.008544290827	0.003564929445	30000
9	7	0.900000000000	0.700000000000	1	0.710592727273	0.000000000000	0.008991121089	0.000000000000	12000
9	7	0.900000000000	0.700000000000	2	0.701178181818	0.000000000000	0.008829641978	0.000000000000	8000
9	7	0.900000000000	0.700000000000	3	0.717174545455	0.000000000000	0.008698431885	0.000000000000	20000
9	7	0.900000000000	0.700000000000	4	0.713152727273	0.000000000000	0.008838472415	0.000000000000	12000
9	7	0.900000000000	0.700000000000	5	0.666509090909	0.040381818182	0.010959570169	0.009606095485	14000
9	8	0.900000000000	0.800000000000	1	0.703447272727	0.000000000000	0.009625931439	0.000000000000	12000
9	8	0.900000000000	0.800000000000	2	0.713007272727	0.000000000000	0.007666620591	0.000000000000	24000
9	8	0.900000000000	0.800000000000	3	0.709041818182	0.000000000000	0.007280065231	0.000000000000	10000
9	8	0.900000000000	0.800000000000	4	0.707649090909	0.000000000000	0.008217815676	0.000000000000	26000
9	8	0.900000000000	0.800000000000	5	0.693423636364	0.013003636364	0.008931778800	0.003766396523	30000
9	9	0.900000000000	0.900000000000	1	0.000000000000	0.717140000000	0.000000000000	0.009308466222	24000
9	9	0.900000000000	0.900000000000	2	0.000000000000	0.719558181818	0.000000000000	0.007383349918	24000
9	9	0.900000000000	0.900000000000	3	0.705498181818	0.000000000000	0.009276907695	0.000000000000	30000
9	9	0.900000000000	0.900000000000	4	0.705360000000	0.000000000000	0.007571726145	0.000000000000	30000
9	9	0.900000000000	0.900000000000	5	0.000000000000	0.706060000000	0.000000000000	0.007456525220	18000
9	10	0.900000000000	1.000000000000	1	0.000000000000	1.000000000000	0.000000000000	0.000000000000	6000
9	10	0.900000000000	1.000000000000	2	0.000000000000	1.000000000000	0.000000000000	0.000000000000	6000
9	10	0.900000000000	1.000000000000	3	0.000000000000	1.000000000000	0.000000000000	0.000000000000	6000
9	10	0.900000000000	1.000000000000	4	0.000000000000	1.000000000000	0.000000000000	0.000000000000	6000
9	10	0.900000000000	1.000000000000	5	0.000000000000	1.000000000000	0.000000000000	0.000000000000	6000
10	0	1.000000000000	0.000000000000	1	1.000000000000	0.000000000000	0.000000000000	0.000000000000	4000
10	0	1.000000000000	0.000000000000	2	1.000000000000	0.000000000000	0.000000000000	0.000000000000	4000
10	0	1.000000000000	0.000000000000	3	1.000000000000	0.000000000000	0.000000000000	0.000000000000	4000
10	0	1.000000000000	0.000000000000	4	1.000000000000	0.000000000000	0.000000000000	0.000000000000	4000
10	0	1.000000000000	0.000000000000	5	1.000000000000	0.000000000000	0.000000000000	0.000000000000	4000
10	1	1.000000000000	0.100000000000	1	1.000000000000	0.000000000000	0.000000000000	0.000000000000	6000
10	1	1.000000000000	0.100000000000	2	1.000000000000	0.000000000000	0.000000000000	0.000000000000	6000
10	1	1.000000000000	0.100000000000	3	1.000000000000	0.000000000000	0.000000000000	0.000000000000	6000
10	1	1.000000000000	0.100000000000	4	1.000000000000	0.000000000000	0.000000000000	0.000000000000	6000
10	1	1.000000000000	0.100000000000	5	1.000000000000	0.000000000000	0.000000000000	0.000000000000	6000
10	2	1.000000000000	0.200000000000	1	1.000000000000	0.000000000000	0.000000000000	0.000000000000	6000
10	2	1.000000000000	0.200000000000	2	1.000000000000	0.000000000000	0.000000000000	0.000000000000	6000
10	2	1.000000000000	0.200000000000	3	1.000000000000	0.000000000000	0.000000000000	0.000000000000	6000
10	2	1.000000000000	0.200000000000	4	1.000000000000	0.000000000000	0.000000000000	0.000000000000	6000
10	2	1.000000000000	0.200000000000	5	1.000000000000	0.000000000000	0.000000000000	0.000000000000	6000
10	3	1.000000000000	0.300000000000	1	1.000000000000	0.000000000000	0.000000000000	0.000000000000	6000
10	3	1.000000000000	0.300000000000	2	1.000000000000	0.000000000000	0.000000000000	0.000000000000	6000
10	3	1.000000000000	0.300000000000	3	1.000000000000	0.000000000000	0.000000000000	0.000000000000	6000
10	3	1.000000000000	0.300000000000	4	1.000000000000	0.000000000000	0.000000000000	0.000000000000	6000
10	3	1.000000000000	0.300000000000	5	1.000000000000	0.000000000000	0.000000000000	0.000000000000	6000
10	4	1.000000000000	0.400000000000	1	1.000000000000	0.000000000000	0.000000000000	0.000000000000	6000
10	4	1.000000000000	0.400000000000	2	1.000000000000	0.000000000000	0.000000000000	0.000000000000	6000
10	4	1.000000000000	0.400000000000	3	1.000000000000	0.000000000000	0.000000000000	0.000000000000	6000
10	4	1.000000000000	0.400000000000	4	1.000000000000	0.000000000000	0.000000000000	0.000000000000	6000
10	4	1.000000000000	0.400000000000	5	1.000000000000	0.000000000000	0.000000000000	0.000000000000	6000
10	5	1.000000000000	0.500000000000	1	1.000000000000	0.000000000000	0.000000000000	0.000000000000	6000
10	5	1.000000000000	0.500000000000	2	1.000000000000	0.000000000000	0.000000000000	0.000000000000	6000
10	5	1.000000000000	0.500000000000	3	1.000000000000	0.000000000000	0.000000000000	0.000000000000	6000
10	5	1.000000000000	0.500000000000	4	1.000000000000	0.000000000000	0.000000000000	0.000000000000	10000
10	5	1.000000000000	0.500000000000	5	1.000000000000	0.000000000000	0.000000000000	0.000000000000	6000
10	6	1.000000000000	0.600000000000	1	1.000000000000	0.000000000000	0.000000000000	0.000000000000	6000
10	6	1.000000000000	0.600000000000	2	1.000000000000	0.000000000000	0.000000000000	0.000000000000	6000
10	6	1.000000000000	0.600000000000	3	1.000000000000	0.000000000000	0.000000000000	0.000000000000	8000
10	6	1.000000000000	0.600000000000	4	1.000000000000	0.000000000000	0.000000000000	0.000000000000	8000
10	6	1.000000000000	0.600000000000	5	1.000000000000	0.000000000000	0.000000000000	0.000000000000	6000
10	7	1.000000000000	0.700000000000	1	1.000000000000	0.000000000000	0.000000000000	0.000000000000	8000
10	7	1.000000000000	0.700000000000	2	1.000000000000	0.000000000000	0.000000000000	0.000000000000	6000
10	7	1.000000000000	0.700000000000	3	1.000000000000	0.000000000000	0.000000000000	0.000000000000	6000
10	7	1.000000000000	0.700000000000	4	1.000000000000	0.000000000000	0.000000000000	0.000000000000	6000
10	7	1.000000000000	0.700000000000	5	1.000000000000	0.000000000000	0.000000000000	0.000000000000	6000
10	8	1.000000000000	0.800000000000	1	1.000000000000	0.000000000000	0.000000000000	0.000000000000	6000
10	8	1.000000000000	0.800000000000	2	1.000000000000	0.000000000000	0.000000000000	0.000000000000	6000
10	8	1.000000000000	0.800000000000	3	1.000000000000	0.000000000000	0.000000000000	0.000000000000	6000
10	8	1.000000000000	0.800000000000	4	1.000000000000	0.000000000000	0.000000000000	0.000000000000	6000
10	8	1.000000000000	0.800000000000	5	1.000000000000	0.000000000000	0.000000000000	0.000000000000	6000
10	9	1.000000000000	0.900000000000	1	1.000000000000	0.000000000000	0.000000000000	0.000000000000	6000
10	9	1.000000000000	0.900000000000	2	1.000000000000	0.000000000000	0.000000000000	0.000000000000	6000
10	9	1.000000000000	0.900000000000	3	1.000000000000	0.000000000000	0.000000000000	0.000000000000	6000
10	9	1.000000000000	0.900000000000	4	1.000000000000	0.000000000000	0.000000000000	0.000000000000	6000
10	9	1.000000000000	0.900000000000	5	1.000000000000	0.000000000000	0.000000000000	0.000000000000	8000
10	10	1.000000000000	1.000000000000	1	1.000000000000	1.000000000000	0.000000000000	0.000000000000	4000
10	10	1.000000000000	1.000000000000	2	1.000000000000	1.000000000000	0.000000000000	0.000000000000	4000
10	10	1.000000000000	1.000000000000	3	1.000000000000	1.000000000000	0.000000000000	0.000000000000	4000
10	10	1.000000000000	1.000000000000	4	1.000000000000	1.000000000000	0.000000000000	0.000000000000	4000
10	10	1.000000000000	1.000000000000	5	1.000000000000	1.000000000000	0.000000000000	0.000000000000	4000
