# scan initial plane
# b 1.3
# r 0
# e -0.4
# p12 0.3
# ndiv 10
# n_reps 5
# A:(0,1),	A':(0,0.400),	B:(1,0),	B'=(0.400,0),	C:(1,1),	D:(0,0),	E:(0.235,0.235) 
# columns: ix iy x1_0 x2_0 rep x1_inf x2_inf sigma_1 sigma_2 t_relax
0	0	0.000000000000	0.000000000000	1	0.000000000000	0.000000000000	0.000000000000	0.000000000000	4000
0	0	0.000000000000	0.000000000000	2	0.000000000000	0.000000000000	0.000000000000	0.000000000000	4000
0	0	0.000000000000	0.000000000000	3	0.000000000000	0.000000000000	0.000000000000	0.000000000000	4000
0	0	0.000000000000	0.000000000000	4	0.000000000000	0.000000000000	0.000000000000	0.000000000000	4000
0	0	0.000000000000	0.000000000000	5	0.000000000000	0.000000000000	0.000000000000	0.000000000000	4000
0	1	0.000000000000	0.100000000000	1	0.000000000000	0.406420000000	0.000000000000	0.013327085623	10000
0	1	0.000000000000	0.100000000000	2	0.000000000000	0.408020000000	0.000000000000	0.010088675898	6000
0	1	0.000000000000	0.100000000000	3	0.000000000000	0.410315000000	0.000000000000	0.014400804080	18000
0	1	0.000000000000	0.100000000000	4	0.000000000000	0.406825000000	0.000000000000	0.013081111975	14000
0	1	0.000000000000	0.100000000000	5	0.000000000000	0.416725000000	0.000000000000	0.011235016716	26000
0	2	0.000000000000	0.200000000000	1	0.000000000000	0.413255000000	0.000000000000	0.016079132860	4000
0	2	0.000000000000	0.200000000000	2	0.000000000000	0.410730000000	0.000000000000	0.013268125080	14000
0	2	0.000000000000	0.200000000000	3	0.000000000000	0.411940000000	0.000000000000	0.014847789629	30000
0	2	0.000000000000	0.200000000000	4	0.000000000000	0.405475000000	0.000000000000	0.013610092197	6000
0	2	0.000000000000	0.200000000000	5	0.000000000000	0.405725000000	0.000000000000	0.011308282463	18000
0	3	0.000000000000	0.300000000000	1	0.000000000000	0.407945000000	0.000000000000	0.010978273885	14000
0	3	0.000000000000	0.300000000000	2	0.000000000000	0.404485000000	0.000000000000	0.012564539094	4000
0	3	0.000000000000	0.300000000000	3	0.000000000000	0.407115000000	0.000000000000	0.014223363845	6000
0	3	0.000000000000	0.300000000000	4	0.000000000000	0.409075000000	0.000000000000	0.012315479936	10000
0	3	0.000000000000	0.300000000000	5	0.000000000000	0.405950000000	0.000000000000	0.011987126061	4000
0	4	0.000000000000	0.400000000000	1	0.000000000000	0.403120000000	0.000000000000	0.012333601166	24000
0	4	0.000000000000	0.400000000000	2	0.000000000000	0.403240000000	0.000000000000	0.013214651983	10000
0	4	0.000000000000	0.400000000000	3	0.000000000000	0.412070000000	0.000000000000	0.014680961502	26000
0	4	0.000000000000	0.400000000000	4	0.000000000000	0.402040000000	0.000000000000	0.013054072499	8000
0	4	0.000000000000	0.400000000000	5	0.000000000000	0.413130000000	0.000000000000	0.014249777407	6000
0	5	0.000000000000	0.500000000000	1	0.000000000000	0.413055000000	0.000000000000	0.010418758349	16000
0	5	0.000000000000	0.500000000000	2	0.000000000000	0.406480000000	0.000000000000	0.014408928385	8000
0	5	0.000000000000	0.500000000000	3	0.000000000000	0.410150000000	0.000000000000	0.012050839088	8000
0	5	0.000000000000	0.500000000000	4	0.000000000000	0.406425000000	0.000000000000	0.014031794834	30000
0	5	0.000000000000	0.500000000000	5	0.000000000000	0.413365000000	0.000000000000	0.010102169511	4000
0	6	0.000000000000	0.600000000000	1	0.000000000000	0.408995000000	0.000000000000	0.011449719257	10000
0	6	0.000000000000	0.600000000000	2	0.000000000000	0.416950000000	0.000000000000	0.013818047562	6000
0	6	0.000000000000	0.600000000000	3	0.000000000000	0.407665000000	0.000000000000	0.011412844870	6000
0	6	0.000000000000	0.600000000000	4	0.000000000000	0.412905000000	0.000000000000	0.014326242222	10000
0	6	0.000000000000	0.600000000000	5	0.000000000000	0.403585000000	0.000000000000	0.012327803931	30000
0	7	0.000000000000	0.700000000000	1	0.000000000000	0.410350000000	0.000000000000	0.013522587044	8000
0	7	0.000000000000	0.700000000000	2	0.000000000000	0.411235000000	0.000000000000	0.013732747845	24000
0	7	0.000000000000	0.700000000000	3	0.000000000000	0.413140000000	0.000000000000	0.014258109752	8000
0	7	0.000000000000	0.700000000000	4	0.000000000000	0.408815000000	0.000000000000	0.011390808818	6000
0	7	0.000000000000	0.700000000000	5	0.000000000000	0.410260000000	0.000000000000	0.014568618488	24000
0	8	0.000000000000	0.800000000000	1	0.000000000000	0.413150000000	0.000000000000	0.011548197299	10000
0	8	0.000000000000	0.800000000000	2	0.000000000000	0.411320000000	0.000000000000	0.012948948810	8000
0	8	0.000000000000	0.800000000000	3	0.000000000000	0.408790000000	0.000000000000	0.011888112854	30000
0	8	0.000000000000	0.800000000000	4	0.000000000000	0.409345000000	0.000000000000	0.014063917263	30000
0	8	0.000000000000	0.800000000000	5	0.000000000000	0.407610000000	0.000000000000	0.014328056155	8000
0	9	0.000000000000	0.900000000000	1	0.000000000000	0.400785000000	0.000000000000	0.011933196394	12000
0	9	0.000000000000	0.900000000000	2	0.000000000000	0.409000000000	0.000000000000	0.013130971877	10000
0	9	0.000000000000	0.900000000000	3	0.000000000000	0.407480000000	0.000000000000	0.014548582792	6000
0	9	0.000000000000	0.900000000000	4	0.000000000000	0.408715000000	0.000000000000	0.013394147161	6000
0	9	0.000000000000	0.900000000000	5	0.000000000000	0.408195000000	0.000000000000	0.012669944850	30000
0	10	0.000000000000	1.000000000000	1	0.000000000000	1.000000000000	0.000000000000	0.000000000000	4000
0	10	0.000000000000	1.000000000000	2	0.000000000000	1.000000000000	0.000000000000	0.000000000000	4000
0	10	0.000000000000	1.000000000000	3	0.000000000000	1.000000000000	0.000000000000	0.000000000000	4000
0	10	0.000000000000	1.000000000000	4	0.000000000000	1.000000000000	0.000000000000	0.000000000000	4000
0	10	0.000000000000	1.000000000000	5	0.000000000000	1.000000000000	0.000000000000	0.000000000000	4000
1	0	0.100000000000	0.000000000000	1	0.404215000000	0.000000000000	0.013751286226	0.000000000000	22000
1	0	0.100000000000	0.000000000000	2	0.399490000000	0.000000000000	0.012433603440	0.000000000000	20000
1	0	0.100000000000	0.000000000000	3	0.402015000000	0.000000000000	0.014726902480	0.000000000000	16000
1	0	0.100000000000	0.000000000000	4	0.394130000000	0.000000000000	0.014836212900	0.000000000000	8000
1	0	0.100000000000	0.000000000000	5	0.396995000000	0.000000000000	0.013299317533	0.000000000000	14000
1	1	0.100000000000	0.100000000000	1	0.229355000000	0.227095000000	0.023073607572	0.022407321640	30000
1	1	0.100000000000	0.100000000000	2	0.204385000000	0.242750000000	0.019213691497	0.015785648124	30000
1	1	0.100000000000	0.100000000000	3	0.223245000000	0.225035000000	0.032054991772	0.030453262160	30000
1	1	0.100000000000	0.100000000000	4	0.246115000000	0.203350000000	0.016797736125	0.021040917761	30000
1	1	0.100000000000	0.100000000000	5	0.265510000000	0.178810000000	0.027159299099	0.027313548468	30000
1	2	0.100000000000	0.200000000000	1	0.208745000000	0.246130000000	0.015252298437	0.017944221775	10000
1	2	0.100000000000	0.200000000000	2	0.230745000000	0.223360000000	0.023287599432	0.030617770132	30000
1	2	0.100000000000	0.200000000000	3	0.206790000000	0.254965000000	0.020828579638	0.024736322699	30000
1	2	0.100000000000	0.200000000000	4	0.235855000000	0.215835000000	0.023985814439	0.027877498631	30000
1	2	0.100000000000	0.200000000000	5	0.239300000000	0.207060000000	0.022169833141	0.022135862224	30000
1	3	0.100000000000	0.300000000000	1	0.250370000000	0.203815000000	0.016692565463	0.015385300858	30000
1	3	0.100000000000	0.300000000000	2	0.222695000000	0.232895000000	0.037600875000	0.037909512080	30000
1	3	0.100000000000	0.300000000000	3	0.218965000000	0.231150000000	0.045809412540	0.048311090460	30000
1	3	0.100000000000	0.300000000000	4	0.234190000000	0.219415000000	0.017307323405	0.023112051876	30000
1	3	0.100000000000	0.300000000000	5	0.238830000000	0.209730000000	0.026756251550	0.023043613174	30000
1	4	0.100000000000	0.400000000000	1	0.233055000000	0.212985000000	0.023470040857	0.025129589556	16000
1	4	0.100000000000	0.400000000000	2	0.227405000000	0.213420000000	0.020227459680	0.023135229388	30000
1	4	0.100000000000	0.400000000000	3	0.238025000000	0.209220000000	0.013947003043	0.013835932677	22000
1	4	0.100000000000	0.400000000000	4	0.220330000000	0.243380000000	0.018874515818	0.018467990326	30000
1	4	0.100000000000	0.400000000000	5	0.200815000000	0.250340000000	0.030036027333	0.025680613192	30000
1	5	0.100000000000	0.500000000000	1	0.208230000000	0.242315000000	0.017276155983	0.015595158992	30000
1	5	0.100000000000	0.500000000000	2	0.286330000000	0.151515000000	0.024077184445	0.028041328269	30000
1	5	0.100000000000	0.500000000000	3	0.224395000000	0.234185000000	0.021939469349	0.018172534661	30000
1	5	0.100000000000	0.500000000000	4	0.244430000000	0.204085000000	0.016901501731	0.017589689371	22000
1	5	0.100000000000	0.500000000000	5	0.220540000000	0.233565000000	0.016948322797	0.025624644337	30000
1	6	0.100000000000	0.600000000000	1	0.214855000000	0.237790000000	0.018743139552	0.020312027926	30000
1	6	0.100000000000	0.600000000000	2	0.239090000000	0.212840000000	0.018065111354	0.015742688215	30000
1	6	0.100000000000	0.600000000000	3	0.243405000000	0.209770000000	0.023608013752	0.023786822253	30000
1	6	0.100000000000	0.600000000000	4	0.271770000000	0.183340000000	0.025213147420	0.028021056004	30000
1	6	0.100000000000	0.600000000000	5	0.252425000000	0.197985000000	0.028420099878	0.027899698353	30000
1	7	0.100000000000	0.700000000000	1	0.254215000000	0.207080000000	0.021651271384	0.024763619219	30000
1	7	0.100000000000	0.700000000000	2	0.205835000000	0.245870000000	0.021629739264	0.020524725683	30000
1	7	0.100000000000	0.700000000000	3	0.209355000000	0.244010000000	0.029964259240	0.029535440444	28000
1	7	0.100000000000	0.700000000000	4	0.218450000000	0.232745000000	0.021132772986	0.022865099776	30000
1	7	0.100000000000	0.700000000000	5	0.209645000000	0.234380000000	0.013863302859	0.015821375285	30000
1	8	0.100000000000	0.800000000000	1	0.206915000000	0.240855000000	0.015743431349	0.014982270971	18000
1	8	0.100000000000	0.800000000000	2	0.194370000000	0.264475000000	0.027969365123	0.021597820280	30000
1	8	0.100000000000	0.800000000000	3	0.214895000000	0.228045000000	0.023594929449	0.023383750229	30000
1	8	0.100000000000	0.800000000000	4	0.242615000000	0.206480000000	0.017423844735	0.014479960955	30000
1	8	0.100000000000	0.800000000000	5	0.219600000000	0.236980000000	0.022556568861	0.028771642418	30000
1	9	0.100000000000	0.900000000000	1	0.245125000000	0.204725000000	0.017539013427	0.014565765910	30000
1	9	0.100000000000	0.900000000000	2	0.216825000000	0.226505000000	0.021113743514	0.020767553208	30000
1	9	0.100000000000	0.900000000000	3	0.275040000000	0.181690000000	0.021406930108	0.020418393933	30000
1	9	0.100000000000	0.900000000000	4	0.194985000000	0.256960000000	0.032067165108	0.026155161871	30000
1	9	0.100000000000	0.900000000000	5	0.260515000000	0.193360000000	0.017133398038	0.018516296964	28000
1	10	0.100000000000	1.000000000000	1	0.000000000000	1.000000000000	0.000000000000	0.000000000000	6000
1	10	0.100000000000	1.000000000000	2	0.000000000000	1.000000000000	0.000000000000	0.000000000000	6000
1	10	0.100000000000	1.000000000000	3	0.000000000000	1.000000000000	0.000000000000	0.000000000000	6000
1	10	0.100000000000	1.000000000000	4	0.000000000000	1.000000000000	0.000000000000	0.000000000000	6000
1	10	0.100000000000	1.000000000000	5	0.000000000000	1.000000000000	0.000000000000	0.000000000000	6000
2	0	0.200000000000	0.000000000000	1	0.398000000000	0.000000000000	0.013060266864	0.000000000000	6000
2	0	0.200000000000	0.000000000000	2	0.410430000000	0.000000000000	0.013838591207	0.000000000000	4000
2	0	0.200000000000	0.000000000000	3	0.400040000000	0.000000000000	0.014647967878	0.000000000000	4000
2	0	0.200000000000	0.000000000000	4	0.409965000000	0.000000000000	0.013542790783	0.000000000000	14000
2	0	0.200000000000	0.000000000000	5	0.399720000000	0.000000000000	0.013673278998	0.000000000000	16000
2	1	0.200000000000	0.100000000000	1	0.196980000000	0.248845000000	0.013686377056	0.011757091656	30000
2	1	0.200000000000	0.100000000000	2	0.230925000000	0.215495000000	0.033566293675	0.031154463173	30000
2	1	0.200000000000	0.100000000000	3	0.235165000000	0.204985000000	0.025681848304	0.030394054905	30000
2	1	0.200000000000	0.100000000000	4	0.188735000000	0.256095000000	0.025339037903	0.022262560423	30000
2	1	0.200000000000	0.100000000000	5	0.251650000000	0.194735000000	0.020484069349	0.021943935639	30000
2	2	0.200000000000	0.200000000000	1	0.221415000000	0.241730000000	0.017917695689	0.016281037196	30000
2	2	0.200000000000	0.200000000000	2	0.221365000000	0.235030000000	0.020990530660	0.020408714208	12000
2	2	0.200000000000	0.200000000000	3	0.245310000000	0.214290000000	0.017862613834	0.018163860433	30000
2	2	0.200000000000	0.200000000000	4	0.195680000000	0.254935000000	0.027862410411	0.025735833154	30000
2	2	0.200000000000	0.200000000000	5	0.208590000000	0.237145000000	0.015994302664	0.019429397224	30000
2	3	0.200000000000	0.300000000000	1	0.231515000000	0.218820000000	0.022026459996	0.022300334188	30000
2	3	0.200000000000	0.300000000000	2	0.248695000000	0.197335000000	0.024658264436	0.024754505864	18000
2	3	0.200000000000	0.300000000000	3	0.229250000000	0.218615000000	0.015484743371	0.016794011248	8000
2	3	0.200000000000	0.300000000000	4	0.236040000000	0.220580000000	0.016877596193	0.018185001905	30000
2	3	0.200000000000	0.300000000000	5	0.241025000000	0.205145000000	0.020933527834	0.018349132559	30000
2	4	0.200000000000	0.400000000000	1	0.223420000000	0.217005000000	0.016334638668	0.020766227660	24000
2	4	0.200000000000	0.400000000000	2	0.258720000000	0.193535000000	0.017836191570	0.020056945332	30000
2	4	0.200000000000	0.400000000000	3	0.227135000000	0.229715000000	0.019440800388	0.017025970124	30000
2	4	0.200000000000	0.400000000000	4	0.215580000000	0.237725000000	0.032154276504	0.033193390550	30000
2	4	0.200000000000	0.400000000000	5	0.268020000000	0.180225000000	0.020559725249	0.020189898638	28000
2	5	0.200000000000	0.500000000000	1	0.243560000000	0.204820000000	0.018004181474	0.018847355858	30000
2	5	0.200000000000	0.500000000000	2	0.235000000000	0.217220000000	0.019362978204	0.013846057681	30000
2	5	0.200000000000	0.500000000000	3	0.251560000000	0.207955000000	0.019659677080	0.029810764107	30000
2	5	0.200000000000	0.500000000000	4	0.221570000000	0.231800000000	0.020623055312	0.018881644963	22000
2	5	0.200000000000	0.500000000000	5	0.240875000000	0.205045000000	0.017233873081	0.019024586984	30000
2	6	0.200000000000	0.600000000000	1	0.233655000000	0.218295000000	0.022350962855	0.020592280520	30000
2	6	0.200000000000	0.600000000000	2	0.243040000000	0.206990000000	0.018598502744	0.020174164094	30000
2	6	0.200000000000	0.600000000000	3	0.197565000000	0.258630000000	0.017239285599	0.019808217120	30000
2	6	0.200000000000	0.600000000000	4	0.225685000000	0.213480000000	0.017405709803	0.018181588769	30000
2	6	0.200000000000	0.600000000000	5	0.238550000000	0.211125000000	0.017592811231	0.021000008938	30000
2	7	0.200000000000	0.700000000000	1	0.243930000000	0.211105000000	0.018902709129	0.022734793728	30000
2	7	0.200000000000	0.700000000000	2	0.254235000000	0.202150000000	0.023407000292	0.023387485424	30000
2	7	0.200000000000	0.700000000000	3	0.217880000000	0.230260000000	0.021053475933	0.017286735702	30000
2	7	0.200000000000	0.700000000000	4	0.239065000000	0.208585000000	0.017933833873	0.015783595816	24000
2	7	0.200000000000	0.700000000000	5	0.234475000000	0.218280000000	0.019947362539	0.024135536541	30000
2	8	0.200000000000	0.800000000000	1	0.219230000000	0.233070000000	0.017104082836	0.019902794307	30000
2	8	0.200000000000	0.800000000000	2	0.262960000000	0.199510000000	0.023462499630	0.017418763254	30000
2	8	0.200000000000	0.800000000000	3	0.225580000000	0.230250000000	0.015948917454	0.012218297213	30000
2	8	0.200000000000	0.800000000000	4	0.240170000000	0.226455000000	0.022439354372	0.020618756221	30000
2	8	0.200000000000	0.800000000000	5	0.223960000000	0.230120000000	0.019115014616	0.018554780513	30000
2	9	0.200000000000	0.900000000000	1	0.225450000000	0.227145000000	0.019233237310	0.018346950307	30000
2	9	0.200000000000	0.900000000000	2	0.259850000000	0.203075000000	0.016241652973	0.016745141826	30000
2	9	0.200000000000	0.900000000000	3	0.229875000000	0.214155000000	0.027639162402	0.029559850469	30000
2	9	0.200000000000	0.900000000000	4	0.243695000000	0.209080000000	0.024223103305	0.024777358970	30000
2	9	0.200000000000	0.900000000000	5	0.247080000000	0.197260000000	0.022955403515	0.019576149408	30000
2	10	0.200000000000	1.000000000000	1	0.000000000000	1.000000000000	0.000000000000	0.000000000000	6000
2	10	0.200000000000	1.000000000000	2	0.000000000000	1.000000000000	0.000000000000	0.000000000000	6000
2	10	0.200000000000	1.000000000000	3	0.000000000000	1.000000000000	0.000000000000	0.000000000000	6000
2	10	0.200000000000	1.000000000000	4	0.000000000000	1.000000000000	0.000000000000	0.000000000000	6000
2	10	0.200000000000	1.000000000000	5	0.000000000000	1.000000000000	0.000000000000	0.000000000000	6000
3	0	0.300000000000	0.000000000000	1	0.393280000000	0.000000000000	0.012775163592	0.000000000000	10000
3	0	0.300000000000	0.000000000000	2	0.412225000000	0.000000000000	0.013466838186	0.000000000000	8000
3	0	0.300000000000	0.000000000000	3	0.406005000000	0.000000000000	0.014715009565	0.000000000000	30000
3	0	0.300000000000	0.000000000000	4	0.403185000000	0.000000000000	0.012922761809	0.000000000000	18000
3	0	0.300000000000	0.000000000000	5	0.408575000000	0.000000000000	0.016583708704	0.000000000000	8000
3	1	0.300000000000	0.100000000000	1	0.225575000000	0.219350000000	0.033879081557	0.028044857176	30000
3	1	0.300000000000	0.100000000000	2	0.248645000000	0.203870000000	0.012515814820	0.014229391258	30000
3	1	0.300000000000	0.100000000000	3	0.265260000000	0.177440000000	0.014473834733	0.012641447947	30000
3	1	0.300000000000	0.100000000000	4	0.208265000000	0.245180000000	0.025366478534	0.023767256520	30000
3	1	0.300000000000	0.100000000000	5	0.233980000000	0.218975000000	0.032209424817	0.041675667196	30000
3	2	0.300000000000	0.200000000000	1	0.248395000000	0.205000000000	0.015146894183	0.011230588859	30000
3	2	0.300000000000	0.200000000000	2	0.248925000000	0.198310000000	0.018941440102	0.019073743935	30000
3	2	0.300000000000	0.200000000000	3	0.242685000000	0.208180000000	0.020472784615	0.017382167291	30000
3	2	0.300000000000	0.200000000000	4	0.193200000000	0.252300000000	0.018843170250	0.015529042184	30000
3	2	0.300000000000	0.200000000000	5	0.244695000000	0.209175000000	0.019064244554	0.017707567109	30000
3	3	0.300000000000	0.300000000000	1	0.239645000000	0.213200000000	0.025363206959	0.024591965451	30000
3	3	0.300000000000	0.300000000000	2	0.213895000000	0.240380000000	0.025108452947	0.021274590671	30000
3	3	0.300000000000	0.300000000000	3	0.193655000000	0.252225000000	0.020970353615	0.023059838055	30000
3	3	0.300000000000	0.300000000000	4	0.222320000000	0.225100000000	0.016581391454	0.018196733804	30000
3	3	0.300000000000	0.300000000000	5	0.291795000000	0.154335000000	0.030316201066	0.031289164047	30000
3	4	0.300000000000	0.400000000000	1	0.235720000000	0.222875000000	0.015423017522	0.014221871770	4000
3	4	0.300000000000	0.400000000000	2	0.225320000000	0.227310000000	0.017428463826	0.015995929788	30000
3	4	0.300000000000	0.400000000000	3	0.282835000000	0.166660000000	0.025415225923	0.022885981914	30000
3	4	0.300000000000	0.400000000000	4	0.202465000000	0.251905000000	0.019521266733	0.020419670368	8000
3	4	0.300000000000	0.400000000000	5	0.255665000000	0.198370000000	0.024973114172	0.020404888127	30000
3	5	0.300000000000	0.500000000000	1	0.204185000000	0.254280000000	0.023011742987	0.022501954092	30000
3	5	0.300000000000	0.500000000000	2	0.251580000000	0.198640000000	0.029000769725	0.027574639812	30000
3	5	0.300000000000	0.500000000000	3	0.211055000000	0.234905000000	0.020976224088	0.022693191842	30000
3	5	0.300000000000	0.500000000000	4	0.189385000000	0.261620000000	0.024915207054	0.022808898392	30000
3	5	0.300000000000	0.500000000000	5	0.229270000000	0.218575000000	0.015870380240	0.015559127915	30000
3	6	0.300000000000	0.600000000000	1	0.208640000000	0.241355000000	0.022277717493	0.018530578981	30000
3	6	0.300000000000	0.600000000000	2	0.246720000000	0.204780000000	0.025579208273	0.032623087927	30000
3	6	0.300000000000	0.600000000000	3	0.251675000000	0.198330000000	0.020246710950	0.027175349116	30000
3	6	0.300000000000	0.600000000000	4	0.225860000000	0.225020000000	0.027724159663	0.030783066728	30000
3	6	0.300000000000	0.600000000000	5	0.238485000000	0.209570000000	0.021681786709	0.029299719684	30000
3	7	0.300000000000	0.700000000000	1	0.226590000000	0.222920000000	0.013145139584	0.015892645349	30000
3	7	0.300000000000	0.700000000000	2	0.195410000000	0.252270000000	0.031569423950	0.030426515950	30000
3	7	0.300000000000	0.700000000000	3	0.233895000000	0.227035000000	0.018497192250	0.020190131659	30000
3	7	0.300000000000	0.700000000000	4	0.248485000000	0.211935000000	0.016392024691	0.016571221451	30000
3	7	0.300000000000	0.700000000000	5	0.222495000000	0.226480000000	0.015214514664	0.016511578732	30000
3	8	0.300000000000	0.800000000000	1	0.238970000000	0.210135000000	0.030139633334	0.033540001591	30000
3	8	0.300000000000	0.800000000000	2	0.231860000000	0.216810000000	0.017252189369	0.017170285924	30000
3	8	0.300000000000	0.800000000000	3	0.223840000000	0.226250000000	0.022623355547	0.026206378504	14000
3	8	0.300000000000	0.800000000000	4	0.281345000000	0.165525000000	0.040218571687	0.042820356817	30000
3	8	0.300000000000	0.800000000000	5	0.215730000000	0.236150000000	0.019727043779	0.022834160788	6000
3	9	0.300000000000	0.900000000000	1	0.233080000000	0.214705000000	0.017593269256	0.014180587578	30000
3	9	0.300000000000	0.900000000000	2	0.231590000000	0.222860000000	0.016356632888	0.017992891489	30000
3	9	0.300000000000	0.900000000000	3	0.236895000000	0.216445000000	0.028898427191	0.028248627577	30000
3	9	0.300000000000	0.900000000000	4	0.234575000000	0.214890000000	0.015379561304	0.016738221771	30000
3	9	0.300000000000	0.900000000000	5	0.242220000000	0.203430000000	0.031549436872	0.031397785287	30000
3	10	0.300000000000	1.000000000000	1	0.000000000000	1.000000000000	0.000000000000	0.000000000000	6000
3	10	0.300000000000	1.000000000000	2	0.000000000000	1.000000000000	0.000000000000	0.000000000000	6000
3	10	0.300000000000	1.000000000000	3	0.000000000000	1.000000000000	0.000000000000	0.000000000000	6000
3	10	0.300000000000	1.000000000000	4	0.000000000000	1.000000000000	0.000000000000	0.000000000000	6000
3	10	0.300000000000	1.000000000000	5	0.000000000000	1.000000000000	0.000000000000	0.000000000000	6000
4	0	0.400000000000	0.000000000000	1	0.387095000000	0.000000000000	0.016694750363	0.000000000000	14000
4	0	0.400000000000	0.000000000000	2	0.394045000000	0.000000000000	0.013190411743	0.000000000000	10000
4	0	0.400000000000	0.000000000000	3	0.400910000000	0.000000000000	0.013667798239	0.000000000000	6000
4	0	0.400000000000	0.000000000000	4	0.403155000000	0.000000000000	0.013524196053	0.000000000000	16000
4	0	0.400000000000	0.000000000000	5	0.404325000000	0.000000000000	0.011044970184	0.000000000000	6000
4	1	0.400000000000	0.100000000000	1	0.234615000000	0.215970000000	0.019121778615	0.018783288102	30000
4	1	0.400000000000	0.100000000000	2	0.203850000000	0.243955000000	0.016703487855	0.019112777749	18000
4	1	0.400000000000	0.100000000000	3	0.251255000000	0.198515000000	0.015221092492	0.016542170910	30000
4	1	0.400000000000	0.100000000000	4	0.216270000000	0.236830000000	0.026035840009	0.030307914307	30000
4	1	0.400000000000	0.100000000000	5	0.224230000000	0.235715000000	0.028732954646	0.027256314529	30000
4	2	0.400000000000	0.200000000000	1	0.220670000000	0.233730000000	0.031120243726	0.029986435038	16000
4	2	0.400000000000	0.200000000000	2	0.214610000000	0.241805000000	0.025076417741	0.019704193214	24000
4	2	0.400000000000	0.200000000000	3	0.263365000000	0.187855000000	0.022533520243	0.020781141230	30000
4	2	0.400000000000	0.200000000000	4	0.277420000000	0.168830000000	0.040644748684	0.032131971050	30000
4	2	0.400000000000	0.200000000000	5	0.213960000000	0.228125000000	0.020369912453	0.019034749715	30000
4	3	0.400000000000	0.300000000000	1	0.265055000000	0.187320000000	0.020988389350	0.021326566119	30000
4	3	0.400000000000	0.300000000000	2	0.247245000000	0.207465000000	0.019239416055	0.015588193185	30000
4	3	0.400000000000	0.300000000000	3	0.243510000000	0.207280000000	0.017859139085	0.020287019573	30000
4	3	0.400000000000	0.300000000000	4	0.240190000000	0.217620000000	0.016519285299	0.017461113667	30000
4	3	0.400000000000	0.300000000000	5	0.265860000000	0.184915000000	0.020093883750	0.021794328798	14000
4	4	0.400000000000	0.400000000000	1	0.222160000000	0.236295000000	0.020469572624	0.020523625269	30000
4	4	0.400000000000	0.400000000000	2	0.272670000000	0.172920000000	0.020492463030	0.022025183511	30000
4	4	0.400000000000	0.400000000000	3	0.201365000000	0.250070000000	0.022599170283	0.022825777448	30000
4	4	0.400000000000	0.400000000000	4	0.233370000000	0.217650000000	0.024664781602	0.023334995651	30000
4	4	0.400000000000	0.400000000000	5	0.193910000000	0.251695000000	0.022895110528	0.021900493296	30000
4	5	0.400000000000	0.500000000000	1	0.253635000000	0.191145000000	0.021205221914	0.021563370654	30000
4	5	0.400000000000	0.500000000000	2	0.228495000000	0.227360000000	0.020579929750	0.022122834805	30000
4	5	0.400000000000	0.500000000000	3	0.239820000000	0.212870000000	0.027068437345	0.022664438594	30000
4	5	0.400000000000	0.500000000000	4	0.265925000000	0.186215000000	0.019257212031	0.018726971845	30000
4	5	0.400000000000	0.500000000000	5	0.227610000000	0.219935000000	0.015776146132	0.016057042181	30000
4	6	0.400000000000	0.600000000000	1	0.233340000000	0.214710000000	0.026529195204	0.028442483627	30000
4	6	0.400000000000	0.600000000000	2	0.218940000000	0.219125000000	0.025575975652	0.029561516508	30000
4	6	0.400000000000	0.600000000000	3	0.218925000000	0.235850000000	0.026334632860	0.020951526590	30000
4	6	0.400000000000	0.600000000000	4	0.245350000000	0.212470000000	0.025924883791	0.035289438143	30000
4	6	0.400000000000	0.600000000000	5	0.210820000000	0.239100000000	0.016509092954	0.017145961157	30000
4	7	0.400000000000	0.700000000000	1	0.257885000000	0.190665000000	0.013438093516	0.012911215066	30000
4	7	0.400000000000	0.700000000000	2	0.221655000000	0.219225000000	0.019853970765	0.018408238325	30000
4	7	0.400000000000	0.700000000000	3	0.221095000000	0.223840000000	0.025390365213	0.031731077216	30000
4	7	0.400000000000	0.700000000000	4	0.234800000000	0.212490000000	0.020840929546	0.019729144410	30000
4	7	0.400000000000	0.700000000000	5	0.219305000000	0.223685000000	0.020286782114	0.020694783136	26000
4	8	0.400000000000	0.800000000000	1	0.277740000000	0.171935000000	0.021733954191	0.020340710890	30000
4	8	0.400000000000	0.800000000000	2	0.225870000000	0.229705000000	0.027950390415	0.021379781806	30000
4	8	0.400000000000	0.800000000000	3	0.224790000000	0.214850000000	0.021439812629	0.015771056598	16000
4	8	0.400000000000	0.800000000000	4	0.246865000000	0.200895000000	0.024025486447	0.025420861417	30000
4	8	0.400000000000	0.800000000000	5	0.234025000000	0.217215000000	0.020386023765	0.024093552546	30000
4	9	0.400000000000	0.900000000000	1	0.217320000000	0.237515000000	0.026540007008	0.020597913706	30000
4	9	0.400000000000	0.900000000000	2	0.242820000000	0.211810000000	0.018972547471	0.025704758988	30000
4	9	0.400000000000	0.900000000000	3	0.208300000000	0.248515000000	0.015430427671	0.018429851720	30000
4	9	0.400000000000	0.900000000000	4	0.246895000000	0.196685000000	0.014700342686	0.016353997317	30000
4	9	0.400000000000	0.900000000000	5	0.208250000000	0.240195000000	0.023023196293	0.021943529650	30000
4	10	0.400000000000	1.000000000000	1	0.000000000000	1.000000000000	0.000000000000	0.000000000000	6000
4	10	0.400000000000	1.000000000000	2	0.000000000000	1.000000000000	0.000000000000	0.000000000000	6000
4	10	0.400000000000	1.000000000000	3	0.000000000000	1.000000000000	0.000000000000	0.000000000000	6000
4	10	0.400000000000	1.000000000000	4	0.000000000000	1.000000000000	0.000000000000	0.000000000000	6000
4	10	0.400000000000	1.000000000000	5	0.000000000000	1.000000000000	0.000000000000	0.000000000000	6000
5	0	0.500000000000	0.000000000000	1	0.400625000000	0.000000000000	0.013637094461	0.000000000000	6000
5	0	0.500000000000	0.000000000000	2	0.401765000000	0.000000000000	0.012912261673	0.000000000000	14000
5	0	0.500000000000	0.000000000000	3	0.398690000000	0.000000000000	0.012629069380	0.000000000000	20000
5	0	0.500000000000	0.000000000000	4	0.404455000000	0.000000000000	0.013315602888	0.000000000000	8000
5	0	0.500000000000	0.000000000000	5	0.399080000000	0.000000000000	0.012188197248	0.000000000000	16000
5	1	0.500000000000	0.100000000000	1	0.201570000000	0.245580000000	0.018203474022	0.017682654673	30000
5	1	0.500000000000	0.100000000000	2	0.221995000000	0.234280000000	0.022188675317	0.018113798876	30000
5	1	0.500000000000	0.100000000000	3	0.243080000000	0.202915000000	0.021606259057	0.022121644201	30000
5	1	0.500000000000	0.100000000000	4	0.206890000000	0.238540000000	0.013607463506	0.013488897299	30000
5	1	0.500000000000	0.100000000000	5	0.239060000000	0.206505000000	0.026476733511	0.030670028132	30000
5	2	0.500000000000	0.200000000000	1	0.255860000000	0.202400000000	0.030544940553	0.024724508110	30000
5	2	0.500000000000	0.200000000000	2	0.251330000000	0.202375000000	0.025186612822	0.028294610087	30000
5	2	0.500000000000	0.200000000000	3	0.246390000000	0.201850000000	0.018489449958	0.017314077431	22000
5	2	0.500000000000	0.200000000000	4	0.228560000000	0.213890000000	0.024604507347	0.024177519568	30000
5	2	0.500000000000	0.200000000000	5	0.238070000000	0.204715000000	0.027391155057	0.026450773494	18000
5	3	0.500000000000	0.300000000000	1	0.250630000000	0.205225000000	0.026219087332	0.020245598516	4000
5	3	0.500000000000	0.300000000000	2	0.240105000000	0.208715000000	0.025597249739	0.028829757715	30000
5	3	0.500000000000	0.300000000000	3	0.241475000000	0.205910000000	0.022882810098	0.024086345760	30000
5	3	0.500000000000	0.300000000000	4	0.230470000000	0.222905000000	0.022793609820	0.020849956731	30000
5	3	0.500000000000	0.300000000000	5	0.236580000000	0.214270000000	0.015462622439	0.019895047447	30000
5	4	0.500000000000	0.400000000000	1	0.258130000000	0.192995000000	0.016702756721	0.022816124793	30000
5	4	0.500000000000	0.400000000000	2	0.205660000000	0.247435000000	0.021227694529	0.019740452387	30000
5	4	0.500000000000	0.400000000000	3	0.240330000000	0.211910000000	0.012579719764	0.015203059989	30000
5	4	0.500000000000	0.400000000000	4	0.231695000000	0.210280000000	0.018824354739	0.019728426466	30000
5	4	0.500000000000	0.400000000000	5	0.245270000000	0.199090000000	0.025908460941	0.024257170287	30000
5	5	0.500000000000	0.500000000000	1	0.198875000000	0.253705000000	0.021455062216	0.024272146838	30000
5	5	0.500000000000	0.500000000000	2	0.239570000000	0.209840000000	0.025751276245	0.017553704240	30000
5	5	0.500000000000	0.500000000000	3	0.244340000000	0.210155000000	0.022301608950	0.026663869504	30000
5	5	0.500000000000	0.500000000000	4	0.205065000000	0.246525000000	0.020989553029	0.021233233979	30000
5	5	0.500000000000	0.500000000000	5	0.252530000000	0.190565000000	0.028530915042	0.031977779056	30000
5	6	0.500000000000	0.600000000000	1	0.220095000000	0.233320000000	0.029385872533	0.029802949784	30000
5	6	0.500000000000	0.600000000000	2	0.255430000000	0.196085000000	0.031843824034	0.030032477832	30000
5	6	0.500000000000	0.600000000000	3	0.211145000000	0.242670000000	0.030850700814	0.032999394844	8000
5	6	0.500000000000	0.600000000000	4	0.220430000000	0.229430000000	0.020533794991	0.024097838198	30000
5	6	0.500000000000	0.600000000000	5	0.235535000000	0.212740000000	0.027638789367	0.023890650120	30000
5	7	0.500000000000	0.700000000000	1	0.214815000000	0.238185000000	0.030663186495	0.021767052616	16000
5	7	0.500000000000	0.700000000000	2	0.215400000000	0.230630000000	0.029643190090	0.029061101969	30000
5	7	0.500000000000	0.700000000000	3	0.243920000000	0.212595000000	0.019824899158	0.018910276930	30000
5	7	0.500000000000	0.700000000000	4	0.233930000000	0.217465000000	0.020621113702	0.019951110792	30000
5	7	0.500000000000	0.700000000000	5	0.234610000000	0.217550000000	0.039729413868	0.034582415234	30000
5	8	0.500000000000	0.800000000000	1	0.237830000000	0.212285000000	0.025550811023	0.023317321297	30000
5	8	0.500000000000	0.800000000000	2	0.270055000000	0.187070000000	0.022550620956	0.021253630674	30000
5	8	0.500000000000	0.800000000000	3	0.240160000000	0.209420000000	0.022005877821	0.020660117145	30000
5	8	0.500000000000	0.800000000000	4	0.223760000000	0.227515000000	0.014232531924	0.018901244193	30000
5	8	0.500000000000	0.800000000000	5	0.239470000000	0.211415000000	0.023414041029	0.021357174530	30000
5	9	0.500000000000	0.900000000000	1	0.199135000000	0.243760000000	0.024016735386	0.020136232713	30000
5	9	0.500000000000	0.900000000000	2	0.249850000000	0.206565000000	0.031256270642	0.035014308172	30000
5	9	0.500000000000	0.900000000000	3	0.198990000000	0.252905000000	0.033570178088	0.032617478058	30000
5	9	0.500000000000	0.900000000000	4	0.223330000000	0.236745000000	0.027024830091	0.029331558351	8000
5	9	0.500000000000	0.900000000000	5	0.233105000000	0.213200000000	0.017930573903	0.018254951198	30000
5	10	0.500000000000	1.000000000000	1	0.000000000000	1.000000000000	0.000000000000	0.000000000000	6000
5	10	0.500000000000	1.000000000000	2	0.000000000000	1.000000000000	0.000000000000	0.000000000000	6000
5	10	0.500000000000	1.000000000000	3	0.000000000000	1.000000000000	0.000000000000	0.000000000000	6000
5	10	0.500000000000	1.000000000000	4	0.000000000000	1.000000000000	0.000000000000	0.000000000000	6000
5	10	0.500000000000	1.000000000000	5	0.000000000000	1.000000000000	0.000000000000	0.000000000000	6000
6	0	0.600000000000	0.000000000000	1	0.399190000000	0.000000000000	0.013467563821	0.000000000000	30000
6	0	0.600000000000	0.000000000000	2	0.399375000000	0.000000000000	0.014676504174	0.000000000000	6000
6	0	0.600000000000	0.000000000000	3	0.393590000000	0.000000000000	0.016923306364	0.000000000000	10000
6	0	0.600000000000	0.000000000000	4	0.398615000000	0.000000000000	0.016273340057	0.000000000000	6000
6	0	0.600000000000	0.000000000000	5	0.404170000000	0.000000000000	0.014202563600	0.000000000000	18000
6	1	0.600000000000	0.100000000000	1	0.222820000000	0.237635000000	0.023411443691	0.023926015741	30000
6	1	0.600000000000	0.100000000000	2	0.213430000000	0.237245000000	0.016506288425	0.016447050814	30000
6	1	0.600000000000	0.100000000000	3	0.219770000000	0.236145000000	0.021661401532	0.020703686088	18000
6	1	0.600000000000	0.100000000000	4	0.224535000000	0.217515000000	0.025821028262	0.022535696853	6000
6	1	0.600000000000	0.100000000000	5	0.221650000000	0.229735000000	0.023277012680	0.025111458746	30000
6	2	0.600000000000	0.200000000000	1	0.220880000000	0.227570000000	0.023444087212	0.019801191560	30000
6	2	0.600000000000	0.200000000000	2	0.219155000000	0.230790000000	0.032892139910	0.030006270616	30000
6	2	0.600000000000	0.200000000000	3	0.186680000000	0.266710000000	0.021393580469	0.025155689390	30000
6	2	0.600000000000	0.200000000000	4	0.235155000000	0.219250000000	0.021280362516	0.023985679328	30000
6	2	0.600000000000	0.200000000000	5	0.216570000000	0.228830000000	0.025114056140	0.021127647230	30000
6	3	0.600000000000	0.300000000000	1	0.205235000000	0.246090000000	0.025025907997	0.021911001620	30000
6	3	0.600000000000	0.300000000000	2	0.203570000000	0.241790000000	0.036857340701	0.030681219618	30000
6	3	0.600000000000	0.300000000000	3	0.219955000000	0.240405000000	0.012852554733	0.017196124031	30000
6	3	0.600000000000	0.300000000000	4	0.252050000000	0.193330000000	0.021867228349	0.018391556469	30000
6	3	0.600000000000	0.300000000000	5	0.240140000000	0.205680000000	0.015313879813	0.012499753751	30000
6	4	0.600000000000	0.400000000000	1	0.256560000000	0.209430000000	0.018958529105	0.019954279573	6000
6	4	0.600000000000	0.400000000000	2	0.214155000000	0.231185000000	0.017867014446	0.021916914156	22000
6	4	0.600000000000	0.400000000000	3	0.234455000000	0.217540000000	0.012396840592	0.016496075913	30000
6	4	0.600000000000	0.400000000000	4	0.252095000000	0.196405000000	0.015806195330	0.018865494478	6000
6	4	0.600000000000	0.400000000000	5	0.233805000000	0.212955000000	0.028192051482	0.026919651607	30000
6	5	0.600000000000	0.500000000000	1	0.242405000000	0.203535000000	0.023103565737	0.020752335638	30000
6	5	0.600000000000	0.500000000000	2	0.226910000000	0.223960000000	0.023840517408	0.028447806201	18000
6	5	0.600000000000	0.500000000000	3	0.207470000000	0.237890000000	0.020353460722	0.019847968204	30000
6	5	0.600000000000	0.500000000000	4	0.250825000000	0.206545000000	0.028196443294	0.036390414084	30000
6	5	0.600000000000	0.500000000000	5	0.231055000000	0.219845000000	0.027817904501	0.026106177574	18000
6	6	0.600000000000	0.600000000000	1	0.223695000000	0.223985000000	0.022479486255	0.019140562587	26000
6	6	0.600000000000	0.600000000000	2	0.252115000000	0.198045000000	0.030243452869	0.026036145180	30000
6	6	0.600000000000	0.600000000000	3	0.231385000000	0.214545000000	0.025117477235	0.021899716267	30000
6	6	0.600000000000	0.600000000000	4	0.205615000000	0.243565000000	0.019604364466	0.025472821588	30000
6	6	0.600000000000	0.600000000000	5	0.183475000000	0.269095000000	0.028906486469	0.030791298756	30000
6	7	0.600000000000	0.700000000000	1	0.249465000000	0.210875000000	0.022367142510	0.024361914495	30000
6	7	0.600000000000	0.700000000000	2	0.256455000000	0.199730000000	0.037090209741	0.034660185061	30000
6	7	0.600000000000	0.700000000000	3	0.210630000000	0.239605000000	0.014391324130	0.013740734434	30000
6	7	0.600000000000	0.700000000000	4	0.257825000000	0.206705000000	0.018253151853	0.020308382639	30000
6	7	0.600000000000	0.700000000000	5	0.287790000000	0.169120000000	0.016348797607	0.015540820992	14000
6	8	0.600000000000	0.800000000000	1	0.249945000000	0.197535000000	0.015632221254	0.015080656524	30000
6	8	0.600000000000	0.800000000000	2	0.230375000000	0.221630000000	0.020328492876	0.017887511371	30000
6	8	0.600000000000	0.800000000000	3	0.213910000000	0.235525000000	0.020674606147	0.026612169821	30000
6	8	0.600000000000	0.800000000000	4	0.212675000000	0.237775000000	0.023441819338	0.024059368824	20000
6	8	0.600000000000	0.800000000000	5	0.230150000000	0.224285000000	0.040676554452	0.038397762476	30000
6	9	0.600000000000	0.900000000000	1	0.186110000000	0.266450000000	0.020131397695	0.021280280786	30000
6	9	0.600000000000	0.900000000000	2	0.226150000000	0.227955000000	0.024405391272	0.023529696590	30000
6	9	0.600000000000	0.900000000000	3	0.264655000000	0.190790000000	0.024908360070	0.021103821248	28000
6	9	0.600000000000	0.900000000000	4	0.219855000000	0.231420000000	0.023640279986	0.029444024021	30000
6	9	0.600000000000	0.900000000000	5	0.221100000000	0.226180000000	0.038418953864	0.032081721226	30000
6	10	0.600000000000	1.000000000000	1	0.000000000000	1.000000000000	0.000000000000	0.000000000000	6000
6	10	0.600000000000	1.000000000000	2	0.000000000000	1.000000000000	0.000000000000	0.000000000000	6000
6	10	0.600000000000	1.000000000000	3	0.000000000000	1.000000000000	0.000000000000	0.000000000000	6000
6	10	0.600000000000	1.000000000000	4	0.000000000000	1.000000000000	0.000000000000	0.000000000000	6000
6	10	0.600000000000	1.000000000000	5	0.000000000000	1.000000000000	0.000000000000	0.000000000000	6000
7	0	0.700000000000	0.000000000000	1	0.398235000000	0.000000000000	0.013484866207	0.000000000000	8000
7	0	0.700000000000	0.000000000000	2	0.403155000000	0.000000000000	0.015619377066	0.000000000000	16000
7	0	0.700000000000	0.000000000000	3	0.403505000000	0.000000000000	0.013683099145	0.000000000000	8000
7	0	0.700000000000	0.000000000000	4	0.397065000000	0.000000000000	0.014290381030	0.000000000000	8000
7	0	0.700000000000	0.000000000000	5	0.391510000000	0.000000000000	0.013011117907	0.000000000000	8000
7	1	0.700000000000	0.100000000000	1	0.194030000000	0.257455000000	0.019474042681	0.017696359403	30000
7	1	0.700000000000	0.100000000000	2	0.218590000000	0.245715000000	0.023432049867	0.025523817117	18000
7	1	0.700000000000	0.100000000000	3	0.242260000000	0.206135000000	0.021515234261	0.021107636232	30000
7	1	0.700000000000	0.100000000000	4	0.227190000000	0.228250000000	0.021684651810	0.021733841351	30000
7	1	0.700000000000	0.100000000000	5	0.238810000000	0.209115000000	0.023104495617	0.017131411508	30000
7	2	0.700000000000	0.200000000000	1	0.235385000000	0.212720000000	0.032908353571	0.028867541200	30000
7	2	0.700000000000	0.200000000000	2	0.232890000000	0.222075000000	0.018273801789	0.019992976119	30000
7	2	0.700000000000	0.200000000000	3	0.226685000000	0.223330000000	0.018687830532	0.018306999925	30000
7	2	0.700000000000	0.200000000000	4	0.233040000000	0.217125000000	0.015690908342	0.017948022356	8000
7	2	0.700000000000	0.200000000000	5	0.247630000000	0.204080000000	0.018560107154	0.021836447294	20000
7	3	0.700000000000	0.300000000000	1	0.245995000000	0.198295000000	0.018834535161	0.021482072862	30000
7	3	0.700000000000	0.300000000000	2	0.210285000000	0.235715000000	0.020618411527	0.024666215705	30000
7	3	0.700000000000	0.300000000000	3	0.259810000000	0.198655000000	0.026806388837	0.029335585073	30000
7	3	0.700000000000	0.300000000000	4	0.213435000000	0.238950000000	0.015895862778	0.015546356139	30000
7	3	0.700000000000	0.300000000000	5	0.238200000000	0.207335000000	0.026717481615	0.022363427687	30000
7	4	0.700000000000	0.400000000000	1	0.249180000000	0.199265000000	0.015736112138	0.016823132669	30000
7	4	0.700000000000	0.400000000000	2	0.236970000000	0.210315000000	0.024277736890	0.025868803025	30000
7	4	0.700000000000	0.400000000000	3	0.217140000000	0.228715000000	0.025452273341	0.030691460388	30000
7	4	0.700000000000	0.400000000000	4	0.208000000000	0.240705000000	0.017816212207	0.019459101511	30000
7	4	0.700000000000	0.400000000000	5	0.196095000000	0.252355000000	0.023524016544	0.024561804845	30000
7	5	0.700000000000	0.500000000000	1	0.173130000000	0.267595000000	0.023534165737	0.022495488926	8000
7	5	0.700000000000	0.500000000000	2	0.214060000000	0.234080000000	0.027271048937	0.024696427141	30000
7	5	0.700000000000	0.500000000000	3	0.266500000000	0.180430000000	0.016872601598	0.018102286949	16000
7	5	0.700000000000	0.500000000000	4	0.263775000000	0.181070000000	0.021950083854	0.028222359958	30000
7	5	0.700000000000	0.500000000000	5	0.247735000000	0.204325000000	0.018155561115	0.020284990901	30000
7	6	0.700000000000	0.600000000000	1	0.223040000000	0.217860000000	0.016600722393	0.017825210746	30000
7	6	0.700000000000	0.600000000000	2	0.239750000000	0.217180000000	0.024193445865	0.025941676325	24000
7	6	0.700000000000	0.600000000000	3	0.194325000000	0.255295000000	0.018892493253	0.016997849920	20000
7	6	0.700000000000	0.600000000000	4	0.251405000000	0.200275000000	0.016268547589	0.018000649944	30000
7	6	0.700000000000	0.600000000000	5	0.216535000000	0.231705000000	0.018981018257	0.018294881188	30000
7	7	0.700000000000	0.700000000000	1	0.183665000000	0.257305000000	0.013270979387	0.020605498333	30000
7	7	0.700000000000	0.700000000000	2	0.221110000000	0.232815000000	0.017464905466	0.019207282335	30000
7	7	0.700000000000	0.700000000000	3	0.287270000000	0.159195000000	0.026398749857	0.032984313544	30000
7	7	0.700000000000	0.700000000000	4	0.210955000000	0.242580000000	0.017974594879	0.014317772124	30000
7	7	0.700000000000	0.700000000000	5	0.227885000000	0.227110000000	0.025724765082	0.023774211093	30000
7	8	0.700000000000	0.800000000000	1	0.206460000000	0.240230000000	0.029599738927	0.027641656267	30000
7	8	0.700000000000	0.800000000000	2	0.251505000000	0.191895000000	0.015119145596	0.014213937210	30000
7	8	0.700000000000	0.800000000000	3	0.238720000000	0.202965000000	0.021278260370	0.025637688392	30000
7	8	0.700000000000	0.800000000000	4	0.237380000000	0.214055000000	0.023519965748	0.020256907891	30000
7	8	0.700000000000	0.800000000000	5	0.232615000000	0.213035000000	0.031674754381	0.030904188128	30000
7	9	0.700000000000	0.900000000000	1	0.255920000000	0.195120000000	0.026038079453	0.025632843046	30000
7	9	0.700000000000	0.900000000000	2	0.230520000000	0.225650000000	0.015729813318	0.015231858373	30000
7	9	0.700000000000	0.900000000000	3	0.220780000000	0.232135000000	0.018588629243	0.015564672629	30000
7	9	0.700000000000	0.900000000000	4	0.223240000000	0.228185000000	0.017894765230	0.014981830003	30000
7	9	0.700000000000	0.900000000000	5	0.270530000000	0.183465000000	0.026091183374	0.031527968342	20000
7	10	0.700000000000	1.000000000000	1	0.000000000000	1.000000000000	0.000000000000	0.000000000000	6000
7	10	0.700000000000	1.000000000000	2	0.000000000000	1.000000000000	0.000000000000	0.000000000000	6000
7	10	0.700000000000	1.000000000000	3	0.000000000000	1.000000000000	0.000000000000	0.000000000000	6000
7	10	0.700000000000	1.000000000000	4	0.000000000000	1.000000000000	0.000000000000	0.000000000000	6000
7	10	0.700000000000	1.000000000000	5	0.000000000000	1.000000000000	0.000000000000	0.000000000000	6000
8	0	0.800000000000	0.000000000000	1	0.394670000000	0.000000000000	0.012657065272	0.000000000000	12000
8	0	0.800000000000	0.000000000000	2	0.398505000000	0.000000000000	0.014215908943	0.000000000000	10000
8	0	0.800000000000	0.000000000000	3	0.404440000000	0.000000000000	0.014623619602	0.000000000000	10000
8	0	0.800000000000	0.000000000000	4	0.401265000000	0.000000000000	0.016560465695	0.000000000000	10000
8	0	0.800000000000	0.000000000000	5	0.398850000000	0.000000000000	0.012753044348	0.000000000000	18000
8	1	0.800000000000	0.100000000000	1	0.219260000000	0.233345000000	0.025033559057	0.024829467926	30000
8	1	0.800000000000	0.100000000000	2	0.251755000000	0.193195000000	0.019044885998	0.019557593780	30000
8	1	0.800000000000	0.100000000000	3	0.259025000000	0.195460000000	0.026614520618	0.030981417790	28000
8	1	0.800000000000	0.100000000000	4	0.230770000000	0.223565000000	0.018271314702	0.013651085200	30000
8	1	0.800000000000	0.100000000000	5	0.188780000000	0.262220000000	0.023190502353	0.018590783125	30000
8	2	0.800000000000	0.200000000000	1	0.242520000000	0.211285000000	0.023356907868	0.022492881201	30000
8	2	0.800000000000	0.200000000000	2	0.223255000000	0.230380000000	0.020090634848	0.021678920074	30000
8	2	0.800000000000	0.200000000000	3	0.228800000000	0.220940000000	0.019267361813	0.014711656359	30000
8	2	0.800000000000	0.200000000000	4	0.226400000000	0.233300000000	0.020691015396	0.021618912493	30000
8	2	0.800000000000	0.200000000000	5	0.244770000000	0.204600000000	0.026456512375	0.023112208336	30000
8	3	0.800000000000	0.300000000000	1	0.272440000000	0.177280000000	0.021736349023	0.019085750335	30000
8	3	0.800000000000	0.300000000000	2	0.219450000000	0.235985000000	0.016285352705	0.019163037259	12000
8	3	0.800000000000	0.300000000000	3	0.231630000000	0.226245000000	0.028864793023	0.033538780908	30000
8	3	0.800000000000	0.300000000000	4	0.211400000000	0.238685000000	0.022693721709	0.021633626344	6000
8	3	0.800000000000	0.300000000000	5	0.261340000000	0.193630000000	0.029908174449	0.027260158037	30000
8	4	0.800000000000	0.400000000000	1	0.241030000000	0.210705000000	0.016497310728	0.017386208766	30000
8	4	0.800000000000	0.400000000000	2	0.264615000000	0.178715000000	0.018970678998	0.018844864125	30000
8	4	0.800000000000	0.400000000000	3	0.222485000000	0.224665000000	0.031595063270	0.030594914999	30000
8	4	0.800000000000	0.400000000000	4	0.238340000000	0.214255000000	0.017806219741	0.024795862756	30000
8	4	0.800000000000	0.400000000000	5	0.214040000000	0.223915000000	0.020983772747	0.020814202027	30000
8	5	0.800000000000	0.500000000000	1	0.217700000000	0.227640000000	0.029880643448	0.030496072049	30000
8	5	0.800000000000	0.500000000000	2	0.231705000000	0.235480000000	0.019199911761	0.022710908951	30000
8	5	0.800000000000	0.500000000000	3	0.244535000000	0.208080000000	0.026260205128	0.026577621601	30000
8	5	0.800000000000	0.500000000000	4	0.233620000000	0.211795000000	0.032866789101	0.033397130765	30000
8	5	0.800000000000	0.500000000000	5	0.214040000000	0.234250000000	0.037946255656	0.035131491880	30000
8	6	0.800000000000	0.600000000000	1	0.218615000000	0.232965000000	0.015937715827	0.014923353560	30000
8	6	0.800000000000	0.600000000000	2	0.219560000000	0.225650000000	0.022872025042	0.018245832686	30000
8	6	0.800000000000	0.600000000000	3	0.215330000000	0.234155000000	0.023764592482	0.022331808809	30000
8	6	0.800000000000	0.600000000000	4	0.208630000000	0.242425000000	0.024913727015	0.028095083355	22000
8	6	0.800000000000	0.600000000000	5	0.245975000000	0.206200000000	0.019546263874	0.015706899971	30000
8	7	0.800000000000	0.700000000000	1	0.212725000000	0.238220000000	0.025493122097	0.030365336383	30000
8	7	0.800000000000	0.700000000000	2	0.220000000000	0.228480000000	0.023039766293	0.027349361740	30000
8	7	0.800000000000	0.700000000000	3	0.237915000000	0.221475000000	0.026766475659	0.028343477693	30000
8	7	0.800000000000	0.700000000000	4	0.265900000000	0.177085000000	0.026318865528	0.025156721480	30000
8	7	0.800000000000	0.700000000000	5	0.221430000000	0.232350000000	0.020808365820	0.020666509251	30000
8	8	0.800000000000	0.800000000000	1	0.221105000000	0.226670000000	0.016351493704	0.015211590729	30000
8	8	0.800000000000	0.800000000000	2	0.237580000000	0.200080000000	0.019195365640	0.026055181298	30000
8	8	0.800000000000	0.800000000000	3	0.210295000000	0.245740000000	0.017975290988	0.019745690474	30000
8	8	0.800000000000	0.800000000000	4	0.235230000000	0.221840000000	0.018221666475	0.016284335405	10000
8	8	0.800000000000	0.800000000000	5	0.208395000000	0.236835000000	0.018075555336	0.018274072253	30000
8	9	0.800000000000	0.900000000000	1	0.244935000000	0.204190000000	0.019939115912	0.024189440445	30000
8	9	0.800000000000	0.900000000000	2	0.254990000000	0.199915000000	0.023716288967	0.019657166102	30000
8	9	0.800000000000	0.900000000000	3	0.236535000000	0.210895000000	0.028006305150	0.025365673506	16000
8	9	0.800000000000	0.900000000000	4	0.238310000000	0.212270000000	0.017292858148	0.016851738221	30000
8	9	0.800000000000	0.900000000000	5	0.196890000000	0.245010000000	0.032857381325	0.030897484599	10000
8	10	0.800000000000	1.000000000000	1	0.000000000000	1.000000000000	0.000000000000	0.000000000000	6000
8	10	0.800000000000	1.000000000000	2	0.000000000000	1.000000000000	0.000000000000	0.000000000000	6000
8	10	0.800000000000	1.000000000000	3	0.000000000000	1.000000000000	0.000000000000	0.000000000000	6000
8	10	0.800000000000	1.000000000000	4	0.000000000000	1.000000000000	0.000000000000	0.000000000000	6000
8	10	0.800000000000	1.000000000000	5	0.000000000000	1.000000000000	0.000000000000	0.000000000000	6000
9	0	0.900000000000	0.000000000000	1	0.398890000000	0.000000000000	0.013184905830	0.000000000000	24000
9	0	0.900000000000	0.000000000000	2	0.396145000000	0.000000000000	0.010614925890	0.000000000000	10000
9	0	0.900000000000	0.000000000000	3	0.396085000000	0.000000000000	0.012983310107	0.000000000000	18000
9	0	0.900000000000	0.000000000000	4	0.396965000000	0.000000000000	0.012396267279	0.000000000000	10000
9	0	0.900000000000	0.000000000000	5	0.401015000000	0.000000000000	0.014685381692	0.000000000000	16000
9	1	0.900000000000	0.100000000000	1	0.217720000000	0.240085000000	0.020471215662	0.021243094032	30000
9	1	0.900000000000	0.100000000000	2	0.218410000000	0.243515000000	0.015818410860	0.017210926500	30000
9	1	0.900000000000	0.100000000000	3	0.285395000000	0.159880000000	0.015394998570	0.019641063397	16000
9	1	0.900000000000	0.100000000000	4	0.248225000000	0.204315000000	0.029294753072	0.031542839532	30000
9	1	0.900000000000	0.100000000000	5	0.255835000000	0.193620000000	0.024925871581	0.024062930508	30000
9	2	0.900000000000	0.200000000000	1	0.230030000000	0.219990000000	0.022286673054	0.021475826203	30000
9	2	0.900000000000	0.200000000000	2	0.233225000000	0.225025000000	0.021527605831	0.021910144441	30000
9	2	0.900000000000	0.200000000000	3	0.227585000000	0.232525000000	0.023337467995	0.026176030248	30000
9	2	0.900000000000	0.200000000000	4	0.241280000000	0.210625000000	0.027333289387	0.022012926746	30000
9	2	0.900000000000	0.200000000000	5	0.198595000000	0.251910000000	0.015839882477	0.015623571807	30000
9	3	0.900000000000	0.300000000000	1	0.232345000000	0.223955000000	0.026126779051	0.030341449843	30000
9	3	0.900000000000	0.300000000000	2	0.227960000000	0.221410000000	0.025758530663	0.027725991968	30000
9	3	0.900000000000	0.300000000000	3	0.222610000000	0.229000000000	0.027119612338	0.032240338699	30000
9	3	0.900000000000	0.300000000000	4	0.205275000000	0.249050000000	0.024892147236	0.022891516366	26000
9	3	0.900000000000	0.300000000000	5	0.229500000000	0.208840000000	0.026933722829	0.025409644823	30000
9	4	0.900000000000	0.400000000000	1	0.256830000000	0.192635000000	0.022625494757	0.024543515623	10000
9	4	0.900000000000	0.400000000000	2	0.262270000000	0.195940000000	0.032542374008	0.040350893356	30000
9	4	0.900000000000	0.400000000000	3	0.243295000000	0.207180000000	0.033659336386	0.035454260740	26000
9	4	0.900000000000	0.400000000000	4	0.256885000000	0.192030000000	0.037105236471	0.040185743666	30000
9	4	0.900000000000	0.400000000000	5	0.236060000000	0.222555000000	0.018774420867	0.019830285303	30000
9	5	0.900000000000	0.500000000000	1	0.229685000000	0.222795000000	0.016950312330	0.015867096134	30000
9	5	0.900000000000	0.500000000000	2	0.256495000000	0.196690000000	0.017574095249	0.017398177968	30000
9	5	0.900000000000	0.500000000000	3	0.198470000000	0.251600000000	0.026648062204	0.023818213772	30000
9	5	0.900000000000	0.500000000000	4	0.242755000000	0.207115000000	0.028674155300	0.031449815037	30000
9	5	0.900000000000	0.500000000000	5	0.229010000000	0.221640000000	0.024264349541	0.028906677360	30000
9	6	0.900000000000	0.600000000000	1	0.198620000000	0.248495000000	0.024215325354	0.019168395927	20000
9	6	0.900000000000	0.600000000000	2	0.204075000000	0.248190000000	0.017210914868	0.017935874542	6000
9	6	0.900000000000	0.600000000000	3	0.187645000000	0.265535000000	0.024159110862	0.024156206186	30000
9	6	0.900000000000	0.600000000000	4	0.262850000000	0.187425000000	0.018632623934	0.019802437009	30000
9	6	0.900000000000	0.600000000000	5	0.232950000000	0.214270000000	0.014868374779	0.015797679154	30000
9	7	0.900000000000	0.700000000000	1	0.277865000000	0.164765000000	0.024536071279	0.025581716111	30000
9	7	0.900000000000	0.700000000000	2	0.217925000000	0.232470000000	0.022392427198	0.021216720982	30000
9	7	0.900000000000	0.700000000000	3	0.243655000000	0.213715000000	0.017650141713	0.022751734361	30000
9	7	0.900000000000	0.700000000000	4	0.247500000000	0.202170000000	0.017324841995	0.016870854327	30000
9	7	0.900000000000	0.700000000000	5	0.192040000000	0.258540000000	0.016649793260	0.015931799089	26000
9	8	0.900000000000	0.800000000000	1	0.233480000000	0.214855000000	0.015235541399	0.012754083332	30000
9	8	0.900000000000	0.800000000000	2	0.253560000000	0.198995000000	0.020352902511	0.022345341557	30000
9	8	0.900000000000	0.800000000000	3	0.223420000000	0.220995000000	0.039900446685	0.031573435937	6000
9	8	0.900000000000	0.800000000000	4	0.248260000000	0.197630000000	0.026734568206	0.026756288962	30000
9	8	0.900000000000	0.800000000000	5	0.216480000000	0.238535000000	0.021108177448	0.021148901888	30000
9	9	0.900000000000	0.900000000000	1	0.195545000000	0.259595000000	0.018347059426	0.017328047675	30000
9	9	0.900000000000	0.900000000000	2	0.221035000000	0.230610000000	0.019187807247	0.017802944836	30000
9	9	0.900000000000	0.900000000000	3	0.216175000000	0.229795000000	0.019726467208	0.018322627915	30000
9	9	0.900000000000	0.900000000000	4	0.182670000000	0.264255000000	0.018444818007	0.019371247255	30000
9	9	0.900000000000	0.900000000000	5	0.172025000000	0.272375000000	0.028745446173	0.022333453789	30000
9	10	0.900000000000	1.000000000000	1	0.000000000000	1.000000000000	0.000000000000	0.000000000000	6000
9	10	0.900000000000	1.000000000000	2	0.000000000000	1.000000000000	0.000000000000	0.000000000000	6000
9	10	0.900000000000	1.000000000000	3	0.000000000000	1.000000000000	0.000000000000	0.000000000000	6000
9	10	0.900000000000	1.000000000000	4	0.000000000000	1.000000000000	0.000000000000	0.000000000000	6000
9	10	0.900000000000	1.000000000000	5	0.000000000000	1.000000000000	0.000000000000	0.000000000000	6000
10	0	1.000000000000	0.000000000000	1	1.000000000000	0.000000000000	0.000000000000	0.000000000000	4000
10	0	1.000000000000	0.000000000000	2	1.000000000000	0.000000000000	0.000000000000	0.000000000000	4000
10	0	1.000000000000	0.000000000000	3	1.000000000000	0.000000000000	0.000000000000	0.000000000000	4000
10	0	1.000000000000	0.000000000000	4	1.000000000000	0.000000000000	0.000000000000	0.000000000000	4000
10	0	1.000000000000	0.000000000000	5	1.000000000000	0.000000000000	0.000000000000	0.000000000000	4000
10	1	1.000000000000	0.100000000000	1	1.000000000000	0.000000000000	0.000000000000	0.000000000000	6000
10	1	1.000000000000	0.100000000000	2	1.000000000000	0.000000000000	0.000000000000	0.000000000000	6000
10	1	1.000000000000	0.100000000000	3	1.000000000000	0.000000000000	0.000000000000	0.000000000000	6000
10	1	1.000000000000	0.100000000000	4	1.000000000000	0.000000000000	0.000000000000	0.000000000000	6000
10	1	1.000000000000	0.100000000000	5	1.000000000000	0.000000000000	0.000000000000	0.000000000000	6000
10	2	1.000000000000	0.200000000000	1	1.000000000000	0.000000000000	0.000000000000	0.000000000000	6000
10	2	1.000000000000	0.200000000000	2	1.000000000000	0.000000000000	0.000000000000	0.000000000000	6000
10	2	1.000000000000	0.200000000000	3	1.000000000000	0.000000000000	0.000000000000	0.000000000000	6000
10	2	1.000000000000	0.200000000000	4	1.000000000000	0.000000000000	0.000000000000	0.000000000000	6000
10	2	1.000000000000	0.200000000000	5	1.000000000000	0.000000000000	0.000000000000	0.000000000000	6000
10	3	1.000000000000	0.300000000000	1	1.000000000000	0.000000000000	0.000000000000	0.000000000000	6000
10	3	1.000000000000	0.300000000000	2	1.000000000000	0.000000000000	0.000000000000	0.000000000000	6000
10	3	1.000000000000	0.300000000000	3	1.000000000000	0.000000000000	0.000000000000	0.000000000000	6000
10	3	1.000000000000	0.300000000000	4	1.000000000000	0.000000000000	0.000000000000	0.000000000000	6000
10	3	1.000000000000	0.300000000000	5	1.000000000000	0.000000000000	0.000000000000	0.000000000000	6000
10	4	1.000000000000	0.400000000000	1	1.000000000000	0.000000000000	0.000000000000	0.000000000000	6000
10	4	1.000000000000	0.400000000000	2	1.000000000000	0.000000000000	0.000000000000	0.000000000000	6000
10	4	1.000000000000	0.400000000000	3	1.000000000000	0.000000000000	0.000000000000	0.000000000000	6000
10	4	1.000000000000	0.400000000000	4	1.000000000000	0.000000000000	0.000000000000	0.000000000000	6000
10	4	1.000000000000	0.400000000000	5	1.000000000000	0.000000000000	0.000000000000	0.000000000000	6000
10	5	1.000000000000	0.500000000000	1	1.000000000000	0.000000000000	0.000000000000	0.000000000000	6000
10	5	1.000000000000	0.500000000000	2	1.000000000000	0.000000000000	0.000000000000	0.000000000000	6000
10	5	1.000000000000	0.500000000000	3	1.000000000000	0.000000000000	0.000000000000	0.000000000000	6000
10	5	1.000000000000	0.500000000000	4	1.000000000000	0.000000000000	0.000000000000	0.000000000000	6000
10	5	1.000000000000	0.500000000000	5	1.000000000000	0.000000000000	0.000000000000	0.000000000000	6000
10	6	1.000000000000	0.600000000000	1	1.000000000000	0.000000000000	0.000000000000	0.000000000000	6000
10	6	1.000000000000	0.600000000000	2	1.000000000000	0.000000000000	0.000000000000	0.000000000000	6000
10	6	1.000000000000	0.600000000000	3	1.000000000000	0.000000000000	0.000000000000	0.000000000000	6000
10	6	1.000000000000	0.600000000000	4	1.000000000000	0.000000000000	0.000000000000	0.000000000000	6000
10	6	1.000000000000	0.600000000000	5	1.000000000000	0.000000000000	0.000000000000	0.000000000000	6000
10	7	1.000000000000	0.700000000000	1	1.000000000000	0.000000000000	0.000000000000	0.000000000000	6000
10	7	1.000000000000	0.700000000000	2	1.000000000000	0.000000000000	0.000000000000	0.000000000000	6000
10	7	1.000000000000	0.700000000000	3	1.000000000000	0.000000000000	0.000000000000	0.000000000000	6000
10	7	1.000000000000	0.700000000000	4	1.000000000000	0.000000000000	0.000000000000	0.000000000000	6000
10	7	1.000000000000	0.700000000000	5	1.000000000000	0.000000000000	0.000000000000	0.000000000000	6000
10	8	1.000000000000	0.800000000000	1	1.000000000000	0.000000000000	0.000000000000	0.000000000000	6000
10	8	1.000000000000	0.800000000000	2	1.000000000000	0.000000000000	0.000000000000	0.000000000000	6000
10	8	1.000000000000	0.800000000000	3	1.000000000000	0.000000000000	0.000000000000	0.000000000000	6000
10	8	1.000000000000	0.800000000000	4	1.000000000000	0.000000000000	0.000000000000	0.000000000000	6000
10	8	1.000000000000	0.800000000000	5	1.000000000000	0.000000000000	0.000000000000	0.000000000000	6000
10	9	1.000000000000	0.900000000000	1	1.000000000000	0.000000000000	0.000000000000	0.000000000000	6000
10	9	1.000000000000	0.900000000000	2	1.000000000000	0.000000000000	0.000000000000	0.000000000000	6000
10	9	1.000000000000	0.900000000000	3	1.000000000000	0.000000000000	0.000000000000	0.000000000000	6000
10	9	1.000000000000	0.900000000000	4	1.000000000000	0.000000000000	0.000000000000	0.000000000000	6000
10	9	1.000000000000	0.900000000000	5	1.000000000000	0.000000000000	0.000000000000	0.000000000000	6000
10	10	1.000000000000	1.000000000000	1	1.000000000000	1.000000000000	0.000000000000	0.000000000000	4000
10	10	1.000000000000	1.000000000000	2	1.000000000000	1.000000000000	0.000000000000	0.000000000000	4000
10	10	1.000000000000	1.000000000000	3	1.000000000000	1.000000000000	0.000000000000	0.000000000000	4000
10	10	1.000000000000	1.000000000000	4	1.000000000000	1.000000000000	0.000000000000	0.000000000000	4000
10	10	1.000000000000	1.000000000000	5	1.000000000000	1.000000000000	0.000000000000	0.000000000000	4000
