# scan initial plane
# b 1.174
# r 0
# e -0.4
# N1 350
# N2 350
# P11 0.9
# p12 0.3
# P22 0.9
# T_MCS 1000
# T_MAX 30000
# W 2000
# UPDATE_RULE 0
# FERMI_BETA 1
# DEGREE_ALPHA 0.5
# DEGREE_FACTOR_MIN 0.5
# DEGREE_FACTOR_MAX 2
# ndiv 10
# n_reps 5
# A:(0,1),	A':(0,0.690),	B:(1,0),	B'=(0.690,0),	C:(1,1),	D:(0,0),	E:(0.347,0.347) 
# columns: ix iy x1_0 x2_0 rep x1_inf x2_inf sigma_1 sigma_2 t_relax
0	0	0.000000000000	0.000000000000	1	0.000000000000	0.000000000000	0.000000000000	0.000000000000	4000
0	0	0.000000000000	0.000000000000	2	0.000000000000	0.000000000000	0.000000000000	0.000000000000	4000
0	0	0.000000000000	0.000000000000	3	0.000000000000	0.000000000000	0.000000000000	0.000000000000	4000
0	0	0.000000000000	0.000000000000	4	0.000000000000	0.000000000000	0.000000000000	0.000000000000	4000
0	0	0.000000000000	0.000000000000	5	0.000000000000	0.000000000000	0.000000000000	0.000000000000	4000
0	1	0.000000000000	0.100000000000	1	0.000000000000	0.701537142857	0.000000000000	0.013219022151	28000
0	1	0.000000000000	0.100000000000	2	0.000000000000	0.690085714286	0.000000000000	0.012242268517	10000
0	1	0.000000000000	0.100000000000	3	0.000000000000	0.693134285714	0.000000000000	0.014735543643	12000
0	1	0.000000000000	0.100000000000	4	0.000000000000	0.694345714286	0.000000000000	0.013494932645	18000
0	1	0.000000000000	0.100000000000	5	0.000000000000	0.695217142857	0.000000000000	0.010120204189	8000
0	2	0.000000000000	0.200000000000	1	0.000000000000	0.694674285714	0.000000000000	0.009202429971	18000
0	2	0.000000000000	0.200000000000	2	0.000000000000	0.703737142857	0.000000000000	0.011585204349	30000
0	2	0.000000000000	0.200000000000	3	0.000000000000	0.700154285714	0.000000000000	0.010066512477	30000
0	2	0.000000000000	0.200000000000	4	0.000000000000	0.691954285714	0.000000000000	0.014211488565	30000
0	2	0.000000000000	0.200000000000	5	0.000000000000	0.692340000000	0.000000000000	0.010150645244	22000
0	3	0.000000000000	0.300000000000	1	0.000000000000	0.695577142857	0.000000000000	0.011353138732	14000
0	3	0.000000000000	0.300000000000	2	0.000000000000	0.704842857143	0.000000000000	0.011932263386	30000
0	3	0.000000000000	0.300000000000	3	0.000000000000	0.708454285714	0.000000000000	0.011966914206	12000
0	3	0.000000000000	0.300000000000	4	0.000000000000	0.690702857143	0.000000000000	0.011285202551	30000
0	3	0.000000000000	0.300000000000	5	0.000000000000	0.692242857143	0.000000000000	0.010504534411	30000
0	4	0.000000000000	0.400000000000	1	0.000000000000	0.693154285714	0.000000000000	0.009215597952	30000
0	4	0.000000000000	0.400000000000	2	0.000000000000	0.699488571429	0.000000000000	0.010450402721	16000
0	4	0.000000000000	0.400000000000	3	0.000000000000	0.703494285714	0.000000000000	0.012618346143	8000
0	4	0.000000000000	0.400000000000	4	0.000000000000	0.692800000000	0.000000000000	0.012788909620	30000
0	4	0.000000000000	0.400000000000	5	0.000000000000	0.696854285714	0.000000000000	0.009487187848	14000
0	5	0.000000000000	0.500000000000	1	0.000000000000	0.696988571429	0.000000000000	0.012214865938	8000
0	5	0.000000000000	0.500000000000	2	0.000000000000	0.697720000000	0.000000000000	0.009447656066	20000
0	5	0.000000000000	0.500000000000	3	0.000000000000	0.685694285714	0.000000000000	0.011604871760	30000
0	5	0.000000000000	0.500000000000	4	0.000000000000	0.687848571429	0.000000000000	0.010703050881	28000
0	5	0.000000000000	0.500000000000	5	0.000000000000	0.700822857143	0.000000000000	0.009171989908	22000
0	6	0.000000000000	0.600000000000	1	0.000000000000	0.695182857143	0.000000000000	0.011686424755	4000
0	6	0.000000000000	0.600000000000	2	0.000000000000	0.699500000000	0.000000000000	0.010104305763	12000
0	6	0.000000000000	0.600000000000	3	0.000000000000	0.694331428571	0.000000000000	0.009921241612	18000
0	6	0.000000000000	0.600000000000	4	0.000000000000	0.696505714286	0.000000000000	0.009653882665	24000
0	6	0.000000000000	0.600000000000	5	0.000000000000	0.699860000000	0.000000000000	0.011422348871	18000
0	7	0.000000000000	0.697142857143	1	0.000000000000	0.688040000000	0.000000000000	0.013150491133	20000
0	7	0.000000000000	0.697142857143	2	0.000000000000	0.694568571429	0.000000000000	0.013291962230	22000
0	7	0.000000000000	0.697142857143	3	0.000000000000	0.691854285714	0.000000000000	0.010781328546	8000
0	7	0.000000000000	0.697142857143	4	0.000000000000	0.698951428571	0.000000000000	0.009218757153	16000
0	7	0.000000000000	0.697142857143	5	0.000000000000	0.688480000000	0.000000000000	0.009271199868	30000
0	8	0.000000000000	0.800000000000	1	0.000000000000	0.687582857143	0.000000000000	0.011143404930	14000
0	8	0.000000000000	0.800000000000	2	0.000000000000	0.694760000000	0.000000000000	0.010550589530	30000
0	8	0.000000000000	0.800000000000	3	0.000000000000	0.693245714286	0.000000000000	0.010265222609	30000
0	8	0.000000000000	0.800000000000	4	0.000000000000	0.703268571429	0.000000000000	0.010899847525	12000
0	8	0.000000000000	0.800000000000	5	0.000000000000	0.701251428571	0.000000000000	0.009704908791	12000
0	9	0.000000000000	0.900000000000	1	0.000000000000	0.693285714286	0.000000000000	0.010377641859	24000
0	9	0.000000000000	0.900000000000	2	0.000000000000	0.694985714286	0.000000000000	0.010548471446	12000
0	9	0.000000000000	0.900000000000	3	0.000000000000	0.695480000000	0.000000000000	0.011800496127	30000
0	9	0.000000000000	0.900000000000	4	0.000000000000	0.703151428571	0.000000000000	0.010562180146	30000
0	9	0.000000000000	0.900000000000	5	0.000000000000	0.697342857143	0.000000000000	0.011374496696	30000
0	10	0.000000000000	1.000000000000	1	0.000000000000	1.000000000000	0.000000000000	0.000000000000	4000
0	10	0.000000000000	1.000000000000	2	0.000000000000	1.000000000000	0.000000000000	0.000000000000	4000
0	10	0.000000000000	1.000000000000	3	0.000000000000	1.000000000000	0.000000000000	0.000000000000	4000
0	10	0.000000000000	1.000000000000	4	0.000000000000	1.000000000000	0.000000000000	0.000000000000	4000
0	10	0.000000000000	1.000000000000	5	0.000000000000	1.000000000000	0.000000000000	0.000000000000	4000
1	0	0.100000000000	0.000000000000	1	0.705997142857	0.000000000000	0.014333738526	0.000000000000	22000
1	0	0.100000000000	0.000000000000	2	0.707194285714	0.000000000000	0.012065640035	0.000000000000	14000
1	0	0.100000000000	0.000000000000	3	0.711405714286	0.000000000000	0.010326506017	0.000000000000	30000
1	0	0.100000000000	0.000000000000	4	0.704840000000	0.000000000000	0.008822003057	0.000000000000	30000
1	0	0.100000000000	0.000000000000	5	0.703834285714	0.000000000000	0.012743282802	0.000000000000	14000
1	1	0.100000000000	0.100000000000	1	0.708351428571	0.000000000000	0.009968621891	0.000000000000	30000
1	1	0.100000000000	0.100000000000	2	0.702394285714	0.000000000000	0.010697233582	0.000000000000	10000
1	1	0.100000000000	0.100000000000	3	0.699680000000	0.000000000000	0.012196914859	0.000000000000	30000
1	1	0.100000000000	0.100000000000	4	0.000000000000	0.697091428571	0.000000000000	0.010308186837	24000
1	1	0.100000000000	0.100000000000	5	0.704068571429	0.000000000000	0.009811287134	0.000000000000	20000
1	2	0.100000000000	0.200000000000	1	0.000000000000	0.701797142857	0.000000000000	0.009436476023	28000
1	2	0.100000000000	0.200000000000	2	0.000000000000	0.688211428571	0.000000000000	0.009390801807	14000
1	2	0.100000000000	0.200000000000	3	0.000000000000	0.690951428571	0.000000000000	0.010975247426	12000
1	2	0.100000000000	0.200000000000	4	0.000000000000	0.705037142857	0.000000000000	0.009037263373	12000
1	2	0.100000000000	0.200000000000	5	0.000000000000	0.696911428571	0.000000000000	0.012189872559	30000
1	3	0.100000000000	0.300000000000	1	0.000000000000	0.705365714286	0.000000000000	0.013915440503	30000
1	3	0.100000000000	0.300000000000	2	0.000000000000	0.688837142857	0.000000000000	0.011465816259	18000
1	3	0.100000000000	0.300000000000	3	0.000000000000	0.694571428571	0.000000000000	0.012046772039	30000
1	3	0.100000000000	0.300000000000	4	0.000000000000	0.695051428571	0.000000000000	0.012890918345	8000
1	3	0.100000000000	0.300000000000	5	0.000000000000	0.699845714286	0.000000000000	0.013275933320	26000
1	4	0.100000000000	0.400000000000	1	0.000000000000	0.697022857143	0.000000000000	0.011021728861	30000
1	4	0.100000000000	0.400000000000	2	0.000000000000	0.690442857143	0.000000000000	0.009861857626	30000
1	4	0.100000000000	0.400000000000	3	0.000000000000	0.691211428571	0.000000000000	0.010876191829	30000
1	4	0.100000000000	0.400000000000	4	0.000000000000	0.691202857143	0.000000000000	0.011601282915	28000
1	4	0.100000000000	0.400000000000	5	0.000000000000	0.705291428571	0.000000000000	0.010635309674	14000
1	5	0.100000000000	0.500000000000	1	0.000000000000	0.701005714286	0.000000000000	0.009030599269	30000
1	5	0.100000000000	0.500000000000	2	0.000000000000	0.696380000000	0.000000000000	0.010629013259	30000
1	5	0.100000000000	0.500000000000	3	0.000000000000	0.704525714286	0.000000000000	0.012058617634	10000
1	5	0.100000000000	0.500000000000	4	0.000000000000	0.701022857143	0.000000000000	0.008840264752	30000
1	5	0.100000000000	0.500000000000	5	0.000000000000	0.696211428571	0.000000000000	0.012600996130	30000
1	6	0.100000000000	0.600000000000	1	0.000000000000	0.694371428571	0.000000000000	0.009589264560	6000
1	6	0.100000000000	0.600000000000	2	0.000000000000	0.690334285714	0.000000000000	0.010439979147	18000
1	6	0.100000000000	0.600000000000	3	0.000000000000	0.694694285714	0.000000000000	0.013208507748	12000
1	6	0.100000000000	0.600000000000	4	0.000000000000	0.690271428571	0.000000000000	0.008672823700	20000
1	6	0.100000000000	0.600000000000	5	0.000000000000	0.696400000000	0.000000000000	0.011556696358	12000
1	7	0.100000000000	0.697142857143	1	0.000000000000	0.703560000000	0.000000000000	0.010485734898	16000
1	7	0.100000000000	0.697142857143	2	0.000000000000	0.695202857143	0.000000000000	0.011414963656	28000
1	7	0.100000000000	0.697142857143	3	0.000000000000	0.684511428571	0.000000000000	0.011194426496	30000
1	7	0.100000000000	0.697142857143	4	0.000000000000	0.697877142857	0.000000000000	0.010910969778	10000
1	7	0.100000000000	0.697142857143	5	0.000000000000	0.698305714286	0.000000000000	0.010635791790	8000
1	8	0.100000000000	0.800000000000	1	0.000000000000	0.692194285714	0.000000000000	0.011363383369	10000
1	8	0.100000000000	0.800000000000	2	0.000000000000	0.695254285714	0.000000000000	0.014241911683	12000
1	8	0.100000000000	0.800000000000	3	0.000000000000	0.691731428571	0.000000000000	0.010119009110	30000
1	8	0.100000000000	0.800000000000	4	0.000000000000	0.696660000000	0.000000000000	0.012210635613	8000
1	8	0.100000000000	0.800000000000	5	0.000000000000	0.694911428571	0.000000000000	0.009396419142	8000
1	9	0.100000000000	0.900000000000	1	0.000000000000	0.690342857143	0.000000000000	0.011025940653	8000
1	9	0.100000000000	0.900000000000	2	0.000000000000	0.693042857143	0.000000000000	0.013635053729	30000
1	9	0.100000000000	0.900000000000	3	0.000000000000	0.697900000000	0.000000000000	0.010873393199	22000
1	9	0.100000000000	0.900000000000	4	0.000000000000	0.691665714286	0.000000000000	0.010157434093	30000
1	9	0.100000000000	0.900000000000	5	0.000000000000	0.700834285714	0.000000000000	0.012745751317	18000
1	10	0.100000000000	1.000000000000	1	0.000000000000	1.000000000000	0.000000000000	0.000000000000	6000
1	10	0.100000000000	1.000000000000	2	0.000000000000	1.000000000000	0.000000000000	0.000000000000	6000
1	10	0.100000000000	1.000000000000	3	0.000000000000	1.000000000000	0.000000000000	0.000000000000	6000
1	10	0.100000000000	1.000000000000	4	0.000000000000	1.000000000000	0.000000000000	0.000000000000	6000
1	10	0.100000000000	1.000000000000	5	0.000000000000	1.000000000000	0.000000000000	0.000000000000	6000
2	0	0.200000000000	0.000000000000	1	0.700060000000	0.000000000000	0.008647150631	0.000000000000	30000
2	0	0.200000000000	0.000000000000	2	0.698288571429	0.000000000000	0.010301257382	0.000000000000	30000
2	0	0.200000000000	0.000000000000	3	0.697254285714	0.000000000000	0.010488070562	0.000000000000	18000
2	0	0.200000000000	0.000000000000	4	0.702011428571	0.000000000000	0.010705872668	0.000000000000	18000
2	0	0.200000000000	0.000000000000	5	0.704782857143	0.000000000000	0.010527825638	0.000000000000	30000
2	1	0.200000000000	0.100000000000	1	0.703388571429	0.000000000000	0.010185268318	0.000000000000	30000
2	1	0.200000000000	0.100000000000	2	0.698214285714	0.000000000000	0.011100089527	0.000000000000	10000
2	1	0.200000000000	0.100000000000	3	0.712488571429	0.000000000000	0.010616570093	0.000000000000	30000
2	1	0.200000000000	0.100000000000	4	0.690308571429	0.000000000000	0.011094184324	0.000000000000	8000
2	1	0.200000000000	0.100000000000	5	0.690817142857	0.000000000000	0.007972396250	0.000000000000	30000
2	2	0.200000000000	0.200000000000	1	0.698131428571	0.000000000000	0.011313695498	0.000000000000	30000
2	2	0.200000000000	0.200000000000	2	0.705617142857	0.000000000000	0.015734317407	0.000000000000	30000
2	2	0.200000000000	0.200000000000	3	0.000000000000	0.688894285714	0.000000000000	0.010173559131	20000
2	2	0.200000000000	0.200000000000	4	0.704314285714	0.000000000000	0.011452819978	0.000000000000	26000
2	2	0.200000000000	0.200000000000	5	0.000000000000	0.693905714286	0.000000000000	0.010936537886	30000
2	3	0.200000000000	0.300000000000	1	0.000000000000	0.700868571429	0.000000000000	0.010849622961	24000
2	3	0.200000000000	0.300000000000	2	0.000000000000	0.696634285714	0.000000000000	0.011223789512	12000
2	3	0.200000000000	0.300000000000	3	0.000000000000	0.697082857143	0.000000000000	0.010633950794	6000
2	3	0.200000000000	0.300000000000	4	0.000000000000	0.692462857143	0.000000000000	0.013544613940	8000
2	3	0.200000000000	0.300000000000	5	0.000000000000	0.691562857143	0.000000000000	0.010937837882	30000
2	4	0.200000000000	0.400000000000	1	0.000000000000	0.694468571429	0.000000000000	0.008677029082	14000
2	4	0.200000000000	0.400000000000	2	0.000000000000	0.694471428571	0.000000000000	0.010686158800	20000
2	4	0.200000000000	0.400000000000	3	0.000000000000	0.685380000000	0.000000000000	0.010624245717	14000
2	4	0.200000000000	0.400000000000	4	0.000000000000	0.690425714286	0.000000000000	0.013337561075	30000
2	4	0.200000000000	0.400000000000	5	0.000000000000	0.685734285714	0.000000000000	0.013367899975	6000
2	5	0.200000000000	0.500000000000	1	0.000000000000	0.693051428571	0.000000000000	0.008982186116	30000
2	5	0.200000000000	0.500000000000	2	0.000000000000	0.688042857143	0.000000000000	0.011301587904	30000
2	5	0.200000000000	0.500000000000	3	0.000000000000	0.694894285714	0.000000000000	0.013057648480	30000
2	5	0.200000000000	0.500000000000	4	0.000000000000	0.688854285714	0.000000000000	0.010041363657	8000
2	5	0.200000000000	0.500000000000	5	0.000000000000	0.691091428571	0.000000000000	0.010759051721	28000
2	6	0.200000000000	0.600000000000	1	0.000000000000	0.694174285714	0.000000000000	0.013129370595	24000
2	6	0.200000000000	0.600000000000	2	0.000000000000	0.689360000000	0.000000000000	0.011799300871	24000
2	6	0.200000000000	0.600000000000	3	0.000000000000	0.695677142857	0.000000000000	0.010361223622	8000
2	6	0.200000000000	0.600000000000	4	0.000000000000	0.696074285714	0.000000000000	0.011198208853	30000
2	6	0.200000000000	0.600000000000	5	0.000000000000	0.695388571429	0.000000000000	0.010940158438	8000
2	7	0.200000000000	0.697142857143	1	0.000000000000	0.687120000000	0.000000000000	0.016618103177	18000
2	7	0.200000000000	0.697142857143	2	0.000000000000	0.691137142857	0.000000000000	0.011919800368	30000
2	7	0.200000000000	0.697142857143	3	0.000000000000	0.688074285714	0.000000000000	0.011997740385	6000
2	7	0.200000000000	0.697142857143	4	0.000000000000	0.702342857143	0.000000000000	0.015974689384	16000
2	7	0.200000000000	0.697142857143	5	0.000000000000	0.689282857143	0.000000000000	0.013126108927	18000
2	8	0.200000000000	0.800000000000	1	0.000000000000	0.693934285714	0.000000000000	0.010030238036	30000
2	8	0.200000000000	0.800000000000	2	0.000000000000	0.687457142857	0.000000000000	0.010736175741	30000
2	8	0.200000000000	0.800000000000	3	0.000000000000	0.694674285714	0.000000000000	0.008436181660	12000
2	8	0.200000000000	0.800000000000	4	0.000000000000	0.697940000000	0.000000000000	0.012770225618	14000
2	8	0.200000000000	0.800000000000	5	0.000000000000	0.689534285714	0.000000000000	0.008836379347	30000
2	9	0.200000000000	0.900000000000	1	0.000000000000	0.692105714286	0.000000000000	0.010635592031	14000
2	9	0.200000000000	0.900000000000	2	0.000000000000	0.694520000000	0.000000000000	0.012597608039	12000
2	9	0.200000000000	0.900000000000	3	0.000000000000	0.693620000000	0.000000000000	0.010054990068	20000
2	9	0.200000000000	0.900000000000	4	0.000000000000	0.693014285714	0.000000000000	0.008733851253	26000
2	9	0.200000000000	0.900000000000	5	0.000000000000	0.704085714286	0.000000000000	0.011005726872	30000
2	10	0.200000000000	1.000000000000	1	0.000000000000	1.000000000000	0.000000000000	0.000000000000	6000
2	10	0.200000000000	1.000000000000	2	0.000000000000	1.000000000000	0.000000000000	0.000000000000	6000
2	10	0.200000000000	1.000000000000	3	0.000000000000	1.000000000000	0.000000000000	0.000000000000	6000
2	10	0.200000000000	1.000000000000	4	0.000000000000	1.000000000000	0.000000000000	0.000000000000	6000
2	10	0.200000000000	1.000000000000	5	0.000000000000	1.000000000000	0.000000000000	0.000000000000	6000
3	0	0.300000000000	0.000000000000	1	0.702322857143	0.000000000000	0.009142084463	0.000000000000	30000
3	0	0.300000000000	0.000000000000	2	0.701822857143	0.000000000000	0.011955859793	0.000000000000	10000
3	0	0.300000000000	0.000000000000	3	0.707328571429	0.000000000000	0.010953136340	0.000000000000	12000
3	0	0.300000000000	0.000000000000	4	0.706131428571	0.000000000000	0.010170527791	0.000000000000	8000
3	0	0.300000000000	0.000000000000	5	0.704160000000	0.000000000000	0.014359615515	0.000000000000	4000
3	1	0.300000000000	0.100000000000	1	0.700528571429	0.000000000000	0.011344166725	0.000000000000	10000
3	1	0.300000000000	0.100000000000	2	0.710497142857	0.000000000000	0.010175764890	0.000000000000	12000
3	1	0.300000000000	0.100000000000	3	0.702980000000	0.000000000000	0.012234273199	0.000000000000	14000
3	1	0.300000000000	0.100000000000	4	0.704442857143	0.000000000000	0.011288638169	0.000000000000	10000
3	1	0.300000000000	0.100000000000	5	0.703845714286	0.000000000000	0.009857841875	0.000000000000	16000
3	2	0.300000000000	0.200000000000	1	0.698291428571	0.000000000000	0.009441253512	0.000000000000	30000
3	2	0.300000000000	0.200000000000	2	0.700117142857	0.000000000000	0.010153896989	0.000000000000	30000
3	2	0.300000000000	0.200000000000	3	0.702777142857	0.000000000000	0.014458052716	0.000000000000	20000
3	2	0.300000000000	0.200000000000	4	0.700682857143	0.000000000000	0.013329005549	0.000000000000	22000
3	2	0.300000000000	0.200000000000	5	0.699788571429	0.000000000000	0.009155702045	0.000000000000	18000
3	3	0.300000000000	0.300000000000	1	0.714288571429	0.000000000000	0.010706870593	0.000000000000	30000
3	3	0.300000000000	0.300000000000	2	0.699657142857	0.000000000000	0.009949967789	0.000000000000	30000
3	3	0.300000000000	0.300000000000	3	0.715351428571	0.000000000000	0.013297700440	0.000000000000	30000
3	3	0.300000000000	0.300000000000	4	0.706991428571	0.000000000000	0.010706180642	0.000000000000	10000
3	3	0.300000000000	0.300000000000	5	0.704551428571	0.000000000000	0.011766542436	0.000000000000	12000
3	4	0.300000000000	0.400000000000	1	0.000000000000	0.687217142857	0.000000000000	0.011320569331	10000
3	4	0.300000000000	0.400000000000	2	0.000000000000	0.702225714286	0.000000000000	0.013209005133	16000
3	4	0.300000000000	0.400000000000	3	0.000000000000	0.705077142857	0.000000000000	0.012558627116	30000
3	4	0.300000000000	0.400000000000	4	0.000000000000	0.696237142857	0.000000000000	0.012116608772	16000
3	4	0.300000000000	0.400000000000	5	0.000000000000	0.690034285714	0.000000000000	0.011103578742	14000
3	5	0.300000000000	0.500000000000	1	0.000000000000	0.692074285714	0.000000000000	0.011949696065	30000
3	5	0.300000000000	0.500000000000	2	0.000000000000	0.673951428571	0.000000000000	0.009823392378	10000
3	5	0.300000000000	0.500000000000	3	0.000000000000	0.700517142857	0.000000000000	0.011372750491	30000
3	5	0.300000000000	0.500000000000	4	0.000000000000	0.702437142857	0.000000000000	0.008889834631	22000
3	5	0.300000000000	0.500000000000	5	0.000000000000	0.684405714286	0.000000000000	0.013856334514	28000
3	6	0.300000000000	0.600000000000	1	0.000000000000	0.703437142857	0.000000000000	0.007832588285	10000
3	6	0.300000000000	0.600000000000	2	0.000000000000	0.698231428571	0.000000000000	0.011817989728	30000
3	6	0.300000000000	0.600000000000	3	0.000000000000	0.697465714286	0.000000000000	0.016462059888	22000
3	6	0.300000000000	0.600000000000	4	0.000000000000	0.695997142857	0.000000000000	0.010622279636	22000
3	6	0.300000000000	0.600000000000	5	0.000000000000	0.687702857143	0.000000000000	0.010753547018	18000
3	7	0.300000000000	0.697142857143	1	0.000000000000	0.691422857143	0.000000000000	0.014736487716	30000
3	7	0.300000000000	0.697142857143	2	0.000000000000	0.694242857143	0.000000000000	0.008723459853	30000
3	7	0.300000000000	0.697142857143	3	0.000000000000	0.693811428571	0.000000000000	0.011834091052	26000
3	7	0.300000000000	0.697142857143	4	0.000000000000	0.689982857143	0.000000000000	0.008209611202	10000
3	7	0.300000000000	0.697142857143	5	0.000000000000	0.700408571429	0.000000000000	0.009066926497	10000
3	8	0.300000000000	0.800000000000	1	0.000000000000	0.692257142857	0.000000000000	0.011560054470	30000
3	8	0.300000000000	0.800000000000	2	0.000000000000	0.688202857143	0.000000000000	0.011741169933	30000
3	8	0.300000000000	0.800000000000	3	0.000000000000	0.691022857143	0.000000000000	0.009599798095	10000
3	8	0.300000000000	0.800000000000	4	0.000000000000	0.695762857143	0.000000000000	0.011985470220	12000
3	8	0.300000000000	0.800000000000	5	0.000000000000	0.684260000000	0.000000000000	0.008895590567	24000
3	9	0.300000000000	0.900000000000	1	0.000000000000	0.692034285714	0.000000000000	0.011371606925	18000
3	9	0.300000000000	0.900000000000	2	0.000000000000	0.690682857143	0.000000000000	0.010769225271	26000
3	9	0.300000000000	0.900000000000	3	0.000000000000	0.701122857143	0.000000000000	0.009240996506	30000
3	9	0.300000000000	0.900000000000	4	0.000000000000	0.691842857143	0.000000000000	0.011260009246	16000
3	9	0.300000000000	0.900000000000	5	0.000000000000	0.682125714286	0.000000000000	0.011222387207	12000
3	10	0.300000000000	1.000000000000	1	0.000000000000	1.000000000000	0.000000000000	0.000000000000	6000
3	10	0.300000000000	1.000000000000	2	0.000000000000	1.000000000000	0.000000000000	0.000000000000	6000
3	10	0.300000000000	1.000000000000	3	0.000000000000	1.000000000000	0.000000000000	0.000000000000	6000
3	10	0.300000000000	1.000000000000	4	0.000000000000	1.000000000000	0.000000000000	0.000000000000	6000
3	10	0.300000000000	1.000000000000	5	0.000000000000	1.000000000000	0.000000000000	0.000000000000	6000
4	0	0.400000000000	0.000000000000	1	0.706882857143	0.000000000000	0.012154050241	0.000000000000	8000
4	0	0.400000000000	0.000000000000	2	0.702865714286	0.000000000000	0.012743268374	0.000000000000	10000
4	0	0.400000000000	0.000000000000	3	0.695774285714	0.000000000000	0.010396545659	0.000000000000	20000
4	0	0.400000000000	0.000000000000	4	0.696517142857	0.000000000000	0.014016639123	0.000000000000	30000
4	0	0.400000000000	0.000000000000	5	0.697431428571	0.000000000000	0.009114677992	0.000000000000	10000
4	1	0.400000000000	0.100000000000	1	0.694100000000	0.000000000000	0.010915396492	0.000000000000	26000
4	1	0.400000000000	0.100000000000	2	0.701022857143	0.000000000000	0.010888811093	0.000000000000	30000
4	1	0.400000000000	0.100000000000	3	0.704962857143	0.000000000000	0.008606074695	0.000000000000	30000
4	1	0.400000000000	0.100000000000	4	0.700431428571	0.000000000000	0.011155832901	0.000000000000	8000
4	1	0.400000000000	0.100000000000	5	0.704814285714	0.000000000000	0.013501959679	0.000000000000	24000
4	2	0.400000000000	0.200000000000	1	0.687665714286	0.000000000000	0.012716796324	0.000000000000	28000
4	2	0.400000000000	0.200000000000	2	0.693894285714	0.000000000000	0.009773739465	0.000000000000	26000
4	2	0.400000000000	0.200000000000	3	0.706474285714	0.000000000000	0.011616938996	0.000000000000	12000
4	2	0.400000000000	0.200000000000	4	0.704045714286	0.000000000000	0.011622459430	0.000000000000	30000
4	2	0.400000000000	0.200000000000	5	0.690862857143	0.000000000000	0.014113590844	0.000000000000	24000
4	3	0.400000000000	0.300000000000	1	0.000000000000	0.697994285714	0.000000000000	0.011909375683	30000
4	3	0.400000000000	0.300000000000	2	0.701420000000	0.000000000000	0.010125962409	0.000000000000	12000
4	3	0.400000000000	0.300000000000	3	0.703125714286	0.000000000000	0.009317001268	0.000000000000	10000
4	3	0.400000000000	0.300000000000	4	0.704905714286	0.000000000000	0.010958780888	0.000000000000	30000
4	3	0.400000000000	0.300000000000	5	0.000000000000	0.688368571429	0.000000000000	0.011936366115	30000
4	4	0.400000000000	0.400000000000	1	0.701477142857	0.000000000000	0.011107204437	0.000000000000	30000
4	4	0.400000000000	0.400000000000	2	0.696642857143	0.000000000000	0.011848558880	0.000000000000	18000
4	4	0.400000000000	0.400000000000	3	0.000000000000	0.696371428571	0.000000000000	0.010252317200	30000
4	4	0.400000000000	0.400000000000	4	0.707205714286	0.000000000000	0.009960603895	0.000000000000	30000
4	4	0.400000000000	0.400000000000	5	0.000000000000	0.693348571429	0.000000000000	0.011381432887	12000
4	5	0.400000000000	0.500000000000	1	0.000000000000	0.693351428571	0.000000000000	0.010309928677	18000
4	5	0.400000000000	0.500000000000	2	0.000000000000	0.682914285714	0.000000000000	0.009505602502	10000
4	5	0.400000000000	0.500000000000	3	0.000000000000	0.701651428571	0.000000000000	0.011118309613	30000
4	5	0.400000000000	0.500000000000	4	0.000000000000	0.703480000000	0.000000000000	0.010809213299	26000
4	5	0.400000000000	0.500000000000	5	0.698625714286	0.000000000000	0.010693368781	0.000000000000	30000
4	6	0.400000000000	0.600000000000	1	0.000000000000	0.701037142857	0.000000000000	0.010598032158	30000
4	6	0.400000000000	0.600000000000	2	0.000000000000	0.709468571429	0.000000000000	0.014381604106	28000
4	6	0.400000000000	0.600000000000	3	0.000000000000	0.704757142857	0.000000000000	0.008211010047	12000
4	6	0.400000000000	0.600000000000	4	0.000000000000	0.688348571429	0.000000000000	0.014060549568	30000
4	6	0.400000000000	0.600000000000	5	0.000000000000	0.693645714286	0.000000000000	0.009254812897	16000
4	7	0.400000000000	0.697142857143	1	0.000000000000	0.694268571429	0.000000000000	0.009913092560	24000
4	7	0.400000000000	0.697142857143	2	0.000000000000	0.704042857143	0.000000000000	0.010578562644	12000
4	7	0.400000000000	0.697142857143	3	0.000000000000	0.706831428571	0.000000000000	0.015455897067	14000
4	7	0.400000000000	0.697142857143	4	0.000000000000	0.688354285714	0.000000000000	0.013680061209	14000
4	7	0.400000000000	0.697142857143	5	0.000000000000	0.696954285714	0.000000000000	0.012111594584	8000
4	8	0.400000000000	0.800000000000	1	0.000000000000	0.701511428571	0.000000000000	0.013237122699	16000
4	8	0.400000000000	0.800000000000	2	0.000000000000	0.685702857143	0.000000000000	0.011544522620	26000
4	8	0.400000000000	0.800000000000	3	0.000000000000	0.692360000000	0.000000000000	0.012281794126	12000
4	8	0.400000000000	0.800000000000	4	0.000000000000	0.703525714286	0.000000000000	0.012346003539	10000
4	8	0.400000000000	0.800000000000	5	0.000000000000	0.697522857143	0.000000000000	0.012666189596	8000
4	9	0.400000000000	0.900000000000	1	0.000000000000	0.695011428571	0.000000000000	0.011050327336	30000
4	9	0.400000000000	0.900000000000	2	0.000000000000	0.680582857143	0.000000000000	0.014021111332	24000
4	9	0.400000000000	0.900000000000	3	0.000000000000	0.698768571429	0.000000000000	0.009002115926	8000
4	9	0.400000000000	0.900000000000	4	0.000000000000	0.691008571429	0.000000000000	0.011261974282	30000
4	9	0.400000000000	0.900000000000	5	0.000000000000	0.682645714286	0.000000000000	0.008652802163	30000
4	10	0.400000000000	1.000000000000	1	0.000000000000	1.000000000000	0.000000000000	0.000000000000	6000
4	10	0.400000000000	1.000000000000	2	0.000000000000	1.000000000000	0.000000000000	0.000000000000	6000
4	10	0.400000000000	1.000000000000	3	0.000000000000	1.000000000000	0.000000000000	0.000000000000	6000
4	10	0.400000000000	1.000000000000	4	0.000000000000	1.000000000000	0.000000000000	0.000000000000	6000
4	10	0.400000000000	1.000000000000	5	0.000000000000	1.000000000000	0.000000000000	0.000000000000	6000
5	0	0.500000000000	0.000000000000	1	0.703220000000	0.000000000000	0.012417156912	0.000000000000	10000
5	0	0.500000000000	0.000000000000	2	0.709051428571	0.000000000000	0.012394401170	0.000000000000	14000
5	0	0.500000000000	0.000000000000	3	0.696060000000	0.000000000000	0.012964613990	0.000000000000	28000
5	0	0.500000000000	0.000000000000	4	0.705640000000	0.000000000000	0.010401168136	0.000000000000	16000
5	0	0.500000000000	0.000000000000	5	0.696460000000	0.000000000000	0.008678900573	0.000000000000	12000
5	1	0.500000000000	0.100000000000	1	0.699445714286	0.000000000000	0.014080425159	0.000000000000	30000
5	1	0.500000000000	0.100000000000	2	0.703468571429	0.000000000000	0.009724275447	0.000000000000	8000
5	1	0.500000000000	0.100000000000	3	0.692822857143	0.000000000000	0.010775664222	0.000000000000	30000
5	1	0.500000000000	0.100000000000	4	0.693517142857	0.000000000000	0.014459019994	0.000000000000	30000
5	1	0.500000000000	0.100000000000	5	0.696711428571	0.000000000000	0.009135900668	0.000000000000	22000
5	2	0.500000000000	0.200000000000	1	0.691637142857	0.000000000000	0.010431898492	0.000000000000	12000
5	2	0.500000000000	0.200000000000	2	0.702505714286	0.000000000000	0.009848548117	0.000000000000	22000
5	2	0.500000000000	0.200000000000	3	0.703725714286	0.000000000000	0.009376633726	0.000000000000	14000
5	2	0.500000000000	0.200000000000	4	0.695440000000	0.000000000000	0.011145054728	0.000000000000	30000
5	2	0.500000000000	0.200000000000	5	0.703940000000	0.000000000000	0.011224897179	0.000000000000	10000
5	3	0.500000000000	0.300000000000	1	0.698537142857	0.000000000000	0.009513446099	0.000000000000	8000
5	3	0.500000000000	0.300000000000	2	0.696828571429	0.000000000000	0.010029435137	0.000000000000	24000
5	3	0.500000000000	0.300000000000	3	0.707591428571	0.000000000000	0.012085154409	0.000000000000	30000
5	3	0.500000000000	0.300000000000	4	0.708682857143	0.000000000000	0.012471201612	0.000000000000	20000
5	3	0.500000000000	0.300000000000	5	0.695588571429	0.000000000000	0.012800553603	0.000000000000	12000
5	4	0.500000000000	0.400000000000	1	0.723817142857	0.000000000000	0.010736633921	0.000000000000	18000
5	4	0.500000000000	0.400000000000	2	0.709494285714	0.000000000000	0.013901797078	0.000000000000	10000
5	4	0.500000000000	0.400000000000	3	0.700854285714	0.000000000000	0.009217555126	0.000000000000	30000
5	4	0.500000000000	0.400000000000	4	0.000000000000	0.696931428571	0.000000000000	0.012062540548	24000
5	4	0.500000000000	0.400000000000	5	0.699271428571	0.000000000000	0.011574209678	0.000000000000	8000
5	5	0.500000000000	0.500000000000	1	0.705788571429	0.000000000000	0.011673803926	0.000000000000	10000
5	5	0.500000000000	0.500000000000	2	0.000000000000	0.696685714286	0.000000000000	0.012254043829	12000
5	5	0.500000000000	0.500000000000	3	0.000000000000	0.699980000000	0.000000000000	0.015376078137	30000
5	5	0.500000000000	0.500000000000	4	0.000000000000	0.699342857143	0.000000000000	0.012275597017	16000
5	5	0.500000000000	0.500000000000	5	0.000000000000	0.685620000000	0.000000000000	0.012079933365	18000
5	6	0.500000000000	0.600000000000	1	0.000000000000	0.687482857143	0.000000000000	0.013856217453	24000
5	6	0.500000000000	0.600000000000	2	0.712322857143	0.000000000000	0.011030916456	0.000000000000	12000
5	6	0.500000000000	0.600000000000	3	0.693771428571	0.000000000000	0.010533209365	0.000000000000	28000
5	6	0.500000000000	0.600000000000	4	0.000000000000	0.692931428571	0.000000000000	0.009601282489	18000
5	6	0.500000000000	0.600000000000	5	0.000000000000	0.691788571429	0.000000000000	0.008291892547	30000
5	7	0.500000000000	0.697142857143	1	0.000000000000	0.688845714286	0.000000000000	0.011086981460	14000
5	7	0.500000000000	0.697142857143	2	0.000000000000	0.698720000000	0.000000000000	0.010490336380	30000
5	7	0.500000000000	0.697142857143	3	0.000000000000	0.703042857143	0.000000000000	0.008056294649	14000
5	7	0.500000000000	0.697142857143	4	0.000000000000	0.693620000000	0.000000000000	0.010208230563	12000
5	7	0.500000000000	0.697142857143	5	0.000000000000	0.685165714286	0.000000000000	0.009536300689	16000
5	8	0.500000000000	0.800000000000	1	0.000000000000	0.702325714286	0.000000000000	0.013637938736	8000
5	8	0.500000000000	0.800000000000	2	0.000000000000	0.700697142857	0.000000000000	0.012553809006	22000
5	8	0.500000000000	0.800000000000	3	0.000000000000	0.700437142857	0.000000000000	0.011031123871	30000
5	8	0.500000000000	0.800000000000	4	0.000000000000	0.689554285714	0.000000000000	0.009796884728	8000
5	8	0.500000000000	0.800000000000	5	0.000000000000	0.694820000000	0.000000000000	0.011110999938	18000
5	9	0.500000000000	0.900000000000	1	0.000000000000	0.688408571429	0.000000000000	0.011476287846	18000
5	9	0.500000000000	0.900000000000	2	0.000000000000	0.696691428571	0.000000000000	0.010499578433	12000
5	9	0.500000000000	0.900000000000	3	0.000000000000	0.690882857143	0.000000000000	0.012250081850	24000
5	9	0.500000000000	0.900000000000	4	0.000000000000	0.697802857143	0.000000000000	0.011246090344	30000
5	9	0.500000000000	0.900000000000	5	0.000000000000	0.697320000000	0.000000000000	0.009495520405	12000
5	10	0.500000000000	1.000000000000	1	0.000000000000	1.000000000000	0.000000000000	0.000000000000	6000
5	10	0.500000000000	1.000000000000	2	0.000000000000	1.000000000000	0.000000000000	0.000000000000	6000
5	10	0.500000000000	1.000000000000	3	0.000000000000	1.000000000000	0.000000000000	0.000000000000	6000
5	10	0.500000000000	1.000000000000	4	0.000000000000	1.000000000000	0.000000000000	0.000000000000	6000
5	10	0.500000000000	1.000000000000	5	0.000000000000	1.000000000000	0.000000000000	0.000000000000	6000
6	0	0.600000000000	0.000000000000	1	0.698082857143	0.000000000000	0.009909297958	0.000000000000	12000
6	0	0.600000000000	0.000000000000	2	0.696354285714	0.000000000000	0.009540878741	0.000000000000	22000
6	0	0.600000000000	0.000000000000	3	0.697494285714	0.000000000000	0.012262533377	0.000000000000	16000
6	0	0.600000000000	0.000000000000	4	0.705091428571	0.000000000000	0.009852946671	0.000000000000	4000
6	0	0.600000000000	0.000000000000	5	0.711717142857	0.000000000000	0.011026384940	0.000000000000	24000
6	1	0.600000000000	0.100000000000	1	0.699565714286	0.000000000000	0.009783209532	0.000000000000	24000
6	1	0.600000000000	0.100000000000	2	0.700694285714	0.000000000000	0.014267098123	0.000000000000	18000
6	1	0.600000000000	0.100000000000	3	0.713454285714	0.000000000000	0.011525514408	0.000000000000	26000
6	1	0.600000000000	0.100000000000	4	0.701994285714	0.000000000000	0.012363713042	0.000000000000	30000
6	1	0.600000000000	0.100000000000	5	0.706302857143	0.000000000000	0.013991701781	0.000000000000	30000
6	2	0.600000000000	0.200000000000	1	0.702414285714	0.000000000000	0.011704440726	0.000000000000	22000
6	2	0.600000000000	0.200000000000	2	0.700271428571	0.000000000000	0.012792862494	0.000000000000	12000
6	2	0.600000000000	0.200000000000	3	0.709314285714	0.000000000000	0.011885063067	0.000000000000	6000
6	2	0.600000000000	0.200000000000	4	0.694434285714	0.000000000000	0.010920830463	0.000000000000	20000
6	2	0.600000000000	0.200000000000	5	0.696882857143	0.000000000000	0.009106569899	0.000000000000	28000
6	3	0.600000000000	0.300000000000	1	0.696531428571	0.000000000000	0.012346321232	0.000000000000	16000
6	3	0.600000000000	0.300000000000	2	0.719760000000	0.000000000000	0.012821882788	0.000000000000	8000
6	3	0.600000000000	0.300000000000	3	0.700548571429	0.000000000000	0.012071550967	0.000000000000	6000
6	3	0.600000000000	0.300000000000	4	0.703288571429	0.000000000000	0.008910404340	0.000000000000	10000
6	3	0.600000000000	0.300000000000	5	0.702025714286	0.000000000000	0.011693734611	0.000000000000	24000
6	4	0.600000000000	0.400000000000	1	0.000000000000	0.690540000000	0.000000000000	0.012594040933	14000
6	4	0.600000000000	0.400000000000	2	0.713642857143	0.000000000000	0.012517275758	0.000000000000	30000
6	4	0.600000000000	0.400000000000	3	0.697371428571	0.000000000000	0.009141891841	0.000000000000	18000
6	4	0.600000000000	0.400000000000	4	0.694431428571	0.000000000000	0.009736114555	0.000000000000	30000
6	4	0.600000000000	0.400000000000	5	0.691948571429	0.000000000000	0.016606036929	0.000000000000	24000
6	5	0.600000000000	0.500000000000	1	0.708922857143	0.000000000000	0.009062112621	0.000000000000	20000
6	5	0.600000000000	0.500000000000	2	0.705202857143	0.000000000000	0.013397211390	0.000000000000	14000
6	5	0.600000000000	0.500000000000	3	0.692160000000	0.000000000000	0.010071130244	0.000000000000	20000
6	5	0.600000000000	0.500000000000	4	0.708968571429	0.000000000000	0.011460586860	0.000000000000	24000
6	5	0.600000000000	0.500000000000	5	0.693288571429	0.000000000000	0.011714986394	0.000000000000	18000
6	6	0.600000000000	0.600000000000	1	0.000000000000	0.703294285714	0.000000000000	0.014196371850	14000
6	6	0.600000000000	0.600000000000	2	0.698531428571	0.000000000000	0.012946463180	0.000000000000	12000
6	6	0.600000000000	0.600000000000	3	0.000000000000	0.682731428571	0.000000000000	0.012014870972	20000
6	6	0.600000000000	0.600000000000	4	0.697088571429	0.000000000000	0.012702693080	0.000000000000	18000
6	6	0.600000000000	0.600000000000	5	0.000000000000	0.708277142857	0.000000000000	0.010750053649	14000
6	7	0.600000000000	0.697142857143	1	0.695425714286	0.000000000000	0.009992663035	0.000000000000	14000
6	7	0.600000000000	0.697142857143	2	0.000000000000	0.689708571429	0.000000000000	0.011260597414	30000
6	7	0.600000000000	0.697142857143	3	0.703034285714	0.000000000000	0.012432048476	0.000000000000	8000
6	7	0.600000000000	0.697142857143	4	0.000000000000	0.696688571429	0.000000000000	0.012209725458	30000
6	7	0.600000000000	0.697142857143	5	0.000000000000	0.694231428571	0.000000000000	0.011047056525	24000
6	8	0.600000000000	0.800000000000	1	0.000000000000	0.696417142857	0.000000000000	0.009876557871	16000
6	8	0.600000000000	0.800000000000	2	0.000000000000	0.693251428571	0.000000000000	0.012404016401	14000
6	8	0.600000000000	0.800000000000	3	0.000000000000	0.699442857143	0.000000000000	0.008881366707	24000
6	8	0.600000000000	0.800000000000	4	0.000000000000	0.702094285714	0.000000000000	0.011404131955	12000
6	8	0.600000000000	0.800000000000	5	0.698102857143	0.000000000000	0.012901350505	0.000000000000	20000
6	9	0.600000000000	0.900000000000	1	0.000000000000	0.700971428571	0.000000000000	0.011190279944	30000
6	9	0.600000000000	0.900000000000	2	0.000000000000	0.685797142857	0.000000000000	0.008818202272	14000
6	9	0.600000000000	0.900000000000	3	0.000000000000	0.700745714286	0.000000000000	0.010185057717	28000
6	9	0.600000000000	0.900000000000	4	0.000000000000	0.703685714286	0.000000000000	0.008452823536	30000
6	9	0.600000000000	0.900000000000	5	0.000000000000	0.696885714286	0.000000000000	0.013755021963	30000
6	10	0.600000000000	1.000000000000	1	0.000000000000	1.000000000000	0.000000000000	0.000000000000	6000
6	10	0.600000000000	1.000000000000	2	0.000000000000	1.000000000000	0.000000000000	0.000000000000	6000
6	10	0.600000000000	1.000000000000	3	0.000000000000	1.000000000000	0.000000000000	0.000000000000	6000
6	10	0.600000000000	1.000000000000	4	0.000000000000	1.000000000000	0.000000000000	0.000000000000	6000
6	10	0.600000000000	1.000000000000	5	0.000000000000	1.000000000000	0.000000000000	0.000000000000	6000
7	0	0.697142857143	0.000000000000	1	0.693394285714	0.000000000000	0.011415213128	0.000000000000	4000
7	0	0.697142857143	0.000000000000	2	0.696197142857	0.000000000000	0.009154325265	0.000000000000	30000
7	0	0.697142857143	0.000000000000	3	0.700474285714	0.000000000000	0.011744678809	0.000000000000	16000
7	0	0.697142857143	0.000000000000	4	0.695125714286	0.000000000000	0.011746459811	0.000000000000	20000
7	0	0.697142857143	0.000000000000	5	0.696628571429	0.000000000000	0.011079909614	0.000000000000	30000
7	1	0.697142857143	0.100000000000	1	0.695685714286	0.000000000000	0.009931184438	0.000000000000	18000
7	1	0.697142857143	0.100000000000	2	0.696034285714	0.000000000000	0.012126365093	0.000000000000	30000
7	1	0.697142857143	0.100000000000	3	0.705297142857	0.000000000000	0.010157664573	0.000000000000	14000
7	1	0.697142857143	0.100000000000	4	0.707920000000	0.000000000000	0.013534070222	0.000000000000	30000
7	1	0.697142857143	0.100000000000	5	0.713940000000	0.000000000000	0.010080819455	0.000000000000	10000
7	2	0.697142857143	0.200000000000	1	0.697391428571	0.000000000000	0.009335517916	0.000000000000	8000
7	2	0.697142857143	0.200000000000	2	0.705151428571	0.000000000000	0.010644562115	0.000000000000	20000
7	2	0.697142857143	0.200000000000	3	0.700785714286	0.000000000000	0.010277899935	0.000000000000	30000
7	2	0.697142857143	0.200000000000	4	0.709000000000	0.000000000000	0.011996301855	0.000000000000	30000
7	2	0.697142857143	0.200000000000	5	0.700980000000	0.000000000000	0.009806758241	0.000000000000	30000
7	3	0.697142857143	0.300000000000	1	0.718331428571	0.000000000000	0.010828272633	0.000000000000	30000
7	3	0.697142857143	0.300000000000	2	0.707031428571	0.000000000000	0.014510311962	0.000000000000	8000
7	3	0.697142857143	0.300000000000	3	0.703968571429	0.000000000000	0.009434016428	0.000000000000	8000
7	3	0.697142857143	0.300000000000	4	0.705942857143	0.000000000000	0.008932112840	0.000000000000	30000
7	3	0.697142857143	0.300000000000	5	0.703514285714	0.000000000000	0.011375933405	0.000000000000	30000
7	4	0.697142857143	0.400000000000	1	0.697854285714	0.000000000000	0.011314675925	0.000000000000	14000
7	4	0.697142857143	0.400000000000	2	0.706497142857	0.000000000000	0.010274539905	0.000000000000	26000
7	4	0.697142857143	0.400000000000	3	0.700448571429	0.000000000000	0.011606068733	0.000000000000	28000
7	4	0.697142857143	0.400000000000	4	0.694548571429	0.000000000000	0.010557206336	0.000000000000	30000
7	4	0.697142857143	0.400000000000	5	0.698357142857	0.000000000000	0.014758202439	0.000000000000	20000
7	5	0.697142857143	0.500000000000	1	0.708751428571	0.000000000000	0.011234237571	0.000000000000	18000
7	5	0.697142857143	0.500000000000	2	0.700422857143	0.000000000000	0.010078280765	0.000000000000	18000
7	5	0.697142857143	0.500000000000	3	0.699197142857	0.000000000000	0.009823695161	0.000000000000	14000
7	5	0.697142857143	0.500000000000	4	0.704137142857	0.000000000000	0.009924351153	0.000000000000	10000
7	5	0.697142857143	0.500000000000	5	0.702142857143	0.000000000000	0.009930197022	0.000000000000	10000
7	6	0.697142857143	0.600000000000	1	0.697200000000	0.000000000000	0.013121937604	0.000000000000	10000
7	6	0.697142857143	0.600000000000	2	0.701340000000	0.000000000000	0.009217306901	0.000000000000	22000
7	6	0.697142857143	0.600000000000	3	0.000000000000	0.698237142857	0.000000000000	0.014549631665	12000
7	6	0.697142857143	0.600000000000	4	0.000000000000	0.686774285714	0.000000000000	0.012534558141	22000
7	6	0.697142857143	0.600000000000	5	0.695794285714	0.000000000000	0.012820057420	0.000000000000	24000
7	7	0.697142857143	0.697142857143	1	0.700408571429	0.000000000000	0.011082472500	0.000000000000	14000
7	7	0.697142857143	0.697142857143	2	0.698540000000	0.000000000000	0.013635084893	0.000000000000	30000
7	7	0.697142857143	0.697142857143	3	0.703137142857	0.000000000000	0.013861688189	0.000000000000	8000
7	7	0.697142857143	0.697142857143	4	0.000000000000	0.698297142857	0.000000000000	0.012589662167	20000
7	7	0.697142857143	0.697142857143	5	0.000000000000	0.680980000000	0.000000000000	0.009930135717	28000
7	8	0.697142857143	0.800000000000	1	0.000000000000	0.701971428571	0.000000000000	0.010599831983	30000
7	8	0.697142857143	0.800000000000	2	0.000000000000	0.705494285714	0.000000000000	0.010456700016	10000
7	8	0.697142857143	0.800000000000	3	0.000000000000	0.694760000000	0.000000000000	0.011226020023	30000
7	8	0.697142857143	0.800000000000	4	0.000000000000	0.698280000000	0.000000000000	0.009550197677	16000
7	8	0.697142857143	0.800000000000	5	0.000000000000	0.694425714286	0.000000000000	0.009213564976	16000
7	9	0.697142857143	0.900000000000	1	0.000000000000	0.697620000000	0.000000000000	0.013479347277	8000
7	9	0.697142857143	0.900000000000	2	0.000000000000	0.697031428571	0.000000000000	0.012643643902	24000
7	9	0.697142857143	0.900000000000	3	0.000000000000	0.686934285714	0.000000000000	0.010643210942	30000
7	9	0.697142857143	0.900000000000	4	0.000000000000	0.697714285714	0.000000000000	0.016115353008	12000
7	9	0.697142857143	0.900000000000	5	0.000000000000	0.690117142857	0.000000000000	0.010450934417	14000
7	10	0.697142857143	1.000000000000	1	0.000000000000	1.000000000000	0.000000000000	0.000000000000	6000
7	10	0.697142857143	1.000000000000	2	0.000000000000	1.000000000000	0.000000000000	0.000000000000	6000
7	10	0.697142857143	1.000000000000	3	0.000000000000	1.000000000000	0.000000000000	0.000000000000	6000
7	10	0.697142857143	1.000000000000	4	0.000000000000	1.000000000000	0.000000000000	0.000000000000	6000
7	10	0.697142857143	1.000000000000	5	0.000000000000	1.000000000000	0.000000000000	0.000000000000	6000
8	0	0.800000000000	0.000000000000	1	0.698522857143	0.000000000000	0.012233124334	0.000000000000	22000
8	0	0.800000000000	0.000000000000	2	0.702045714286	0.000000000000	0.011944367922	0.000000000000	30000
8	0	0.800000000000	0.000000000000	3	0.703531428571	0.000000000000	0.012300601890	0.000000000000	22000
8	0	0.800000000000	0.000000000000	4	0.705914285714	0.000000000000	0.011718438958	0.000000000000	30000
8	0	0.800000000000	0.000000000000	5	0.703274285714	0.000000000000	0.011549723921	0.000000000000	10000
8	1	0.800000000000	0.100000000000	1	0.690591428571	0.000000000000	0.010225202541	0.000000000000	6000
8	1	0.800000000000	0.100000000000	2	0.702822857143	0.000000000000	0.010859511885	0.000000000000	20000
8	1	0.800000000000	0.100000000000	3	0.702682857143	0.000000000000	0.010591109102	0.000000000000	16000
8	1	0.800000000000	0.100000000000	4	0.703745714286	0.000000000000	0.013364637824	0.000000000000	16000
8	1	0.800000000000	0.100000000000	5	0.700645714286	0.000000000000	0.014298842531	0.000000000000	30000
8	2	0.800000000000	0.200000000000	1	0.695597142857	0.000000000000	0.011405782728	0.000000000000	18000
8	2	0.800000000000	0.200000000000	2	0.701231428571	0.000000000000	0.012400815338	0.000000000000	16000
8	2	0.800000000000	0.200000000000	3	0.702120000000	0.000000000000	0.010460749121	0.000000000000	30000
8	2	0.800000000000	0.200000000000	4	0.704900000000	0.000000000000	0.011576962766	0.000000000000	8000
8	2	0.800000000000	0.200000000000	5	0.704697142857	0.000000000000	0.011602869369	0.000000000000	14000
8	3	0.800000000000	0.300000000000	1	0.703080000000	0.000000000000	0.010104120163	0.000000000000	30000
8	3	0.800000000000	0.300000000000	2	0.709114285714	0.000000000000	0.011633336503	0.000000000000	14000
8	3	0.800000000000	0.300000000000	3	0.710757142857	0.000000000000	0.010177391295	0.000000000000	28000
8	3	0.800000000000	0.300000000000	4	0.706697142857	0.000000000000	0.009619282929	0.000000000000	10000
8	3	0.800000000000	0.300000000000	5	0.703777142857	0.000000000000	0.010694391559	0.000000000000	12000
8	4	0.800000000000	0.400000000000	1	0.701265714286	0.000000000000	0.014108945241	0.000000000000	12000
8	4	0.800000000000	0.400000000000	2	0.701662857143	0.000000000000	0.013572433599	0.000000000000	16000
8	4	0.800000000000	0.400000000000	3	0.700148571429	0.000000000000	0.011806041473	0.000000000000	30000
8	4	0.800000000000	0.400000000000	4	0.697442857143	0.000000000000	0.010906109707	0.000000000000	30000
8	4	0.800000000000	0.400000000000	5	0.705754285714	0.000000000000	0.010912038060	0.000000000000	16000
8	5	0.800000000000	0.500000000000	1	0.705002857143	0.000000000000	0.011234225933	0.000000000000	12000
8	5	0.800000000000	0.500000000000	2	0.701400000000	0.000000000000	0.011141797425	0.000000000000	30000
8	5	0.800000000000	0.500000000000	3	0.706860000000	0.000000000000	0.012047517817	0.000000000000	30000
8	5	0.800000000000	0.500000000000	4	0.704365714286	0.000000000000	0.012208887855	0.000000000000	8000
8	5	0.800000000000	0.500000000000	5	0.708648571429	0.000000000000	0.011798070518	0.000000000000	30000
8	6	0.800000000000	0.600000000000	1	0.697940000000	0.000000000000	0.011738664194	0.000000000000	18000
8	6	0.800000000000	0.600000000000	2	0.708034285714	0.000000000000	0.010378884314	0.000000000000	10000
8	6	0.800000000000	0.600000000000	3	0.692434285714	0.000000000000	0.008636530498	0.000000000000	16000
8	6	0.800000000000	0.600000000000	4	0.713497142857	0.000000000000	0.011327965591	0.000000000000	8000
8	6	0.800000000000	0.600000000000	5	0.698094285714	0.000000000000	0.012894066814	0.000000000000	30000
8	7	0.800000000000	0.697142857143	1	0.706300000000	0.000000000000	0.009731319342	0.000000000000	30000
8	7	0.800000000000	0.697142857143	2	0.715551428571	0.000000000000	0.009216292652	0.000000000000	18000
8	7	0.800000000000	0.697142857143	3	0.000000000000	0.699274285714	0.000000000000	0.012210316063	30000
8	7	0.800000000000	0.697142857143	4	0.695051428571	0.000000000000	0.008644134182	0.000000000000	12000
8	7	0.800000000000	0.697142857143	5	0.689925714286	0.000000000000	0.012858914030	0.000000000000	30000
8	8	0.800000000000	0.800000000000	1	0.000000000000	0.705282857143	0.000000000000	0.011200425126	26000
8	8	0.800000000000	0.800000000000	2	0.000000000000	0.694582857143	0.000000000000	0.011805310551	12000
8	8	0.800000000000	0.800000000000	3	0.000000000000	0.709717142857	0.000000000000	0.010787162988	12000
8	8	0.800000000000	0.800000000000	4	0.699431428571	0.000000000000	0.010970886573	0.000000000000	30000
8	8	0.800000000000	0.800000000000	5	0.000000000000	0.694802857143	0.000000000000	0.011966545469	22000
8	9	0.800000000000	0.900000000000	1	0.000000000000	0.698448571429	0.000000000000	0.011276027208	30000
8	9	0.800000000000	0.900000000000	2	0.000000000000	0.698657142857	0.000000000000	0.012725978232	14000
8	9	0.800000000000	0.900000000000	3	0.701811428571	0.000000000000	0.013707456949	0.000000000000	26000
8	9	0.800000000000	0.900000000000	4	0.000000000000	0.690617142857	0.000000000000	0.011319132814	30000
8	9	0.800000000000	0.900000000000	5	0.000000000000	0.691108571429	0.000000000000	0.010323941864	10000
8	10	0.800000000000	1.000000000000	1	0.000000000000	1.000000000000	0.000000000000	0.000000000000	6000
8	10	0.800000000000	1.000000000000	2	0.000000000000	1.000000000000	0.000000000000	0.000000000000	6000
8	10	0.800000000000	1.000000000000	3	0.000000000000	1.000000000000	0.000000000000	0.000000000000	6000
8	10	0.800000000000	1.000000000000	4	0.000000000000	1.000000000000	0.000000000000	0.000000000000	6000
8	10	0.800000000000	1.000000000000	5	0.000000000000	1.000000000000	0.000000000000	0.000000000000	6000
9	0	0.900000000000	0.000000000000	1	0.710317142857	0.000000000000	0.012930634772	0.000000000000	30000
9	0	0.900000000000	0.000000000000	2	0.709065714286	0.000000000000	0.010759429562	0.000000000000	12000
9	0	0.900000000000	0.000000000000	3	0.704280000000	0.000000000000	0.014145745306	0.000000000000	22000
9	0	0.900000000000	0.000000000000	4	0.707928571429	0.000000000000	0.010607721161	0.000000000000	6000
9	0	0.900000000000	0.000000000000	5	0.700940000000	0.000000000000	0.008979175743	0.000000000000	26000
9	1	0.900000000000	0.100000000000	1	0.702171428571	0.000000000000	0.010129354783	0.000000000000	30000
9	1	0.900000000000	0.100000000000	2	0.709671428571	0.000000000000	0.008959139722	0.000000000000	30000
9	1	0.900000000000	0.100000000000	3	0.712042857143	0.000000000000	0.012378237831	0.000000000000	6000
9	1	0.900000000000	0.100000000000	4	0.706140000000	0.000000000000	0.010263349774	0.000000000000	8000
9	1	0.900000000000	0.100000000000	5	0.705514285714	0.000000000000	0.009795815373	0.000000000000	24000
9	2	0.900000000000	0.200000000000	1	0.701734285714	0.000000000000	0.010596227787	0.000000000000	22000
9	2	0.900000000000	0.200000000000	2	0.703420000000	0.000000000000	0.013559457491	0.000000000000	28000
9	2	0.900000000000	0.200000000000	3	0.716448571429	0.000000000000	0.011932255169	0.000000000000	14000
9	2	0.900000000000	0.200000000000	4	0.708028571429	0.000000000000	0.011376220725	0.000000000000	8000
9	2	0.900000000000	0.200000000000	5	0.697837142857	0.000000000000	0.009484238254	0.000000000000	24000
9	3	0.900000000000	0.300000000000	1	0.692234285714	0.000000000000	0.013560748581	0.000000000000	30000
9	3	0.900000000000	0.300000000000	2	0.689977142857	0.000000000000	0.010693482258	0.000000000000	6000
9	3	0.900000000000	0.300000000000	3	0.708928571429	0.000000000000	0.009783409572	0.000000000000	28000
9	3	0.900000000000	0.300000000000	4	0.705922857143	0.000000000000	0.010030971222	0.000000000000	30000
9	3	0.900000000000	0.300000000000	5	0.708460000000	0.000000000000	0.011029600759	0.000000000000	12000
9	4	0.900000000000	0.400000000000	1	0.709202857143	0.000000000000	0.011600367216	0.000000000000	30000
9	4	0.900000000000	0.400000000000	2	0.707917142857	0.000000000000	0.014528343983	0.000000000000	8000
9	4	0.900000000000	0.400000000000	3	0.705437142857	0.000000000000	0.011999738171	0.000000000000	10000
9	4	0.900000000000	0.400000000000	4	0.704017142857	0.000000000000	0.012359868528	0.000000000000	20000
9	4	0.900000000000	0.400000000000	5	0.707537142857	0.000000000000	0.010268188192	0.000000000000	30000
9	5	0.900000000000	0.500000000000	1	0.699577142857	0.000000000000	0.012730149958	0.000000000000	12000
9	5	0.900000000000	0.500000000000	2	0.705828571429	0.000000000000	0.012174431741	0.000000000000	16000
9	5	0.900000000000	0.500000000000	3	0.697528571429	0.000000000000	0.009979970135	0.000000000000	24000
9	5	0.900000000000	0.500000000000	4	0.703371428571	0.000000000000	0.013546617947	0.000000000000	10000
9	5	0.900000000000	0.500000000000	5	0.705574285714	0.000000000000	0.010321227837	0.000000000000	10000
9	6	0.900000000000	0.600000000000	1	0.710797142857	0.000000000000	0.012092187078	0.000000000000	22000
9	6	0.900000000000	0.600000000000	2	0.708425714286	0.000000000000	0.010309266059	0.000000000000	14000
9	6	0.900000000000	0.600000000000	3	0.698157142857	0.000000000000	0.010876473943	0.000000000000	30000
9	6	0.900000000000	0.600000000000	4	0.703665714286	0.000000000000	0.011080393035	0.000000000000	30000
9	6	0.900000000000	0.600000000000	5	0.700731428571	0.000000000000	0.012299326345	0.000000000000	14000
9	7	0.900000000000	0.697142857143	1	0.712674285714	0.000000000000	0.012667671068	0.000000000000	20000
9	7	0.900000000000	0.697142857143	2	0.699857142857	0.000000000000	0.009382695442	0.000000000000	16000
9	7	0.900000000000	0.697142857143	3	0.700565714286	0.000000000000	0.010625585843	0.000000000000	18000
9	7	0.900000000000	0.697142857143	4	0.708205714286	0.000000000000	0.011010372277	0.000000000000	30000
9	7	0.900000000000	0.697142857143	5	0.701217142857	0.000000000000	0.012785370641	0.000000000000	20000
9	8	0.900000000000	0.800000000000	1	0.706917142857	0.000000000000	0.009005074620	0.000000000000	30000
9	8	0.900000000000	0.800000000000	2	0.694357142857	0.000000000000	0.013685481155	0.000000000000	30000
9	8	0.900000000000	0.800000000000	3	0.697005714286	0.000000000000	0.010971741976	0.000000000000	30000
9	8	0.900000000000	0.800000000000	4	0.707988571429	0.000000000000	0.010175226846	0.000000000000	12000
9	8	0.900000000000	0.800000000000	5	0.695725714286	0.000000000000	0.012286537008	0.000000000000	28000
9	9	0.900000000000	0.900000000000	1	0.000000000000	0.703480000000	0.000000000000	0.009840498717	12000
9	9	0.900000000000	0.900000000000	2	0.000000000000	0.686722857143	0.000000000000	0.014822846763	16000
9	9	0.900000000000	0.900000000000	3	0.694134285714	0.000000000000	0.009268209308	0.000000000000	22000
9	9	0.900000000000	0.900000000000	4	0.000000000000	0.700211428571	0.000000000000	0.011989155689	24000
9	9	0.900000000000	0.900000000000	5	0.702925714286	0.000000000000	0.009903798257	0.000000000000	14000
9	10	0.900000000000	1.000000000000	1	0.000000000000	1.000000000000	0.000000000000	0.000000000000	6000
9	10	0.900000000000	1.000000000000	2	0.000000000000	1.000000000000	0.000000000000	0.000000000000	6000
9	10	0.900000000000	1.000000000000	3	0.000000000000	1.000000000000	0.000000000000	0.000000000000	6000
9	10	0.900000000000	1.000000000000	4	0.000000000000	1.000000000000	0.000000000000	0.000000000000	6000
9	10	0.900000000000	1.000000000000	5	0.000000000000	1.000000000000	0.000000000000	0.000000000000	6000
10	0	1.000000000000	0.000000000000	1	1.000000000000	0.000000000000	0.000000000000	0.000000000000	4000
10	0	1.000000000000	0.000000000000	2	1.000000000000	0.000000000000	0.000000000000	0.000000000000	4000
10	0	1.000000000000	0.000000000000	3	1.000000000000	0.000000000000	0.000000000000	0.000000000000	4000
10	0	1.000000000000	0.000000000000	4	1.000000000000	0.000000000000	0.000000000000	0.000000000000	4000
10	0	1.000000000000	0.000000000000	5	1.000000000000	0.000000000000	0.000000000000	0.000000000000	4000
10	1	1.000000000000	0.100000000000	1	1.000000000000	0.000000000000	0.000000000000	0.000000000000	6000
10	1	1.000000000000	0.100000000000	2	1.000000000000	0.000000000000	0.000000000000	0.000000000000	6000
10	1	1.000000000000	0.100000000000	3	1.000000000000	0.000000000000	0.000000000000	0.000000000000	6000
10	1	1.000000000000	0.100000000000	4	1.000000000000	0.000000000000	0.000000000000	0.000000000000	6000
10	1	1.000000000000	0.100000000000	5	1.000000000000	0.000000000000	0.000000000000	0.000000000000	6000
10	2	1.000000000000	0.200000000000	1	1.000000000000	0.000000000000	0.000000000000	0.000000000000	6000
10	2	1.000000000000	0.200000000000	2	1.000000000000	0.000000000000	0.000000000000	0.000000000000	6000
10	2	1.000000000000	0.200000000000	3	1.000000000000	0.000000000000	0.000000000000	0.000000000000	6000
10	2	1.000000000000	0.200000000000	4	1.000000000000	0.000000000000	0.000000000000	0.000000000000	6000
10	2	1.000000000000	0.200000000000	5	1.000000000000	0.000000000000	0.000000000000	0.000000000000	6000
10	3	1.000000000000	0.300000000000	1	1.000000000000	0.000000000000	0.000000000000	0.000000000000	6000
10	3	1.000000000000	0.300000000000	2	1.000000000000	0.000000000000	0.000000000000	0.000000000000	6000
10	3	1.000000000000	0.300000000000	3	1.000000000000	0.000000000000	0.000000000000	0.000000000000	6000
10	3	1.000000000000	0.300000000000	4	1.000000000000	0.000000000000	0.000000000000	0.000000000000	6000
10	3	1.000000000000	0.300000000000	5	1.000000000000	0.000000000000	0.000000000000	0.000000000000	6000
10	4	1.000000000000	0.400000000000	1	1.000000000000	0.000000000000	0.000000000000	0.000000000000	6000
10	4	1.000000000000	0.400000000000	2	1.000000000000	0.000000000000	0.000000000000	0.000000000000	6000
10	4	1.000000000000	0.400000000000	3	1.000000000000	0.000000000000	0.000000000000	0.000000000000	6000
10	4	1.000000000000	0.400000000000	4	1.000000000000	0.000000000000	0.000000000000	0.000000000000	6000
10	4	1.000000000000	0.400000000000	5	1.000000000000	0.000000000000	0.000000000000	0.000000000000	6000
10	5	1.000000000000	0.500000000000	1	1.000000000000	0.000000000000	0.000000000000	0.000000000000	8000
10	5	1.000000000000	0.500000000000	2	1.000000000000	0.000000000000	0.000000000000	0.000000000000	6000
10	5	1.000000000000	0.500000000000	3	1.000000000000	0.000000000000	0.000000000000	0.000000000000	6000
10	5	1.000000000000	0.500000000000	4	1.000000000000	0.000000000000	0.000000000000	0.000000000000	6000
10	5	1.000000000000	0.500000000000	5	1.000000000000	0.000000000000	0.000000000000	0.000000000000	6000
10	6	1.000000000000	0.600000000000	1	1.000000000000	0.000000000000	0.000000000000	0.000000000000	6000
10	6	1.000000000000	0.600000000000	2	1.000000000000	0.000000000000	0.000000000000	0.000000000000	6000
10	6	1.000000000000	0.600000000000	3	1.000000000000	0.000000000000	0.000000000000	0.000000000000	6000
10	6	1.000000000000	0.600000000000	4	1.000000000000	0.000000000000	0.000000000000	0.000000000000	6000
10	6	1.000000000000	0.600000000000	5	1.000000000000	0.000000000000	0.000000000000	0.000000000000	6000
10	7	1.000000000000	0.697142857143	1	1.000000000000	0.000000000000	0.000000000000	0.000000000000	6000
10	7	1.000000000000	0.697142857143	2	1.000000000000	0.000000000000	0.000000000000	0.000000000000	6000
10	7	1.000000000000	0.697142857143	3	1.000000000000	0.000000000000	0.000000000000	0.000000000000	6000
10	7	1.000000000000	0.697142857143	4	1.000000000000	0.000000000000	0.000000000000	0.000000000000	6000
10	7	1.000000000000	0.697142857143	5	1.000000000000	0.000000000000	0.000000000000	0.000000000000	6000
10	8	1.000000000000	0.800000000000	1	1.000000000000	0.000000000000	0.000000000000	0.000000000000	6000
10	8	1.000000000000	0.800000000000	2	1.000000000000	0.000000000000	0.000000000000	0.000000000000	6000
10	8	1.000000000000	0.800000000000	3	1.000000000000	0.000000000000	0.000000000000	0.000000000000	6000
10	8	1.000000000000	0.800000000000	4	1.000000000000	0.000000000000	0.000000000000	0.000000000000	6000
10	8	1.000000000000	0.800000000000	5	1.000000000000	0.000000000000	0.000000000000	0.000000000000	6000
10	9	1.000000000000	0.900000000000	1	1.000000000000	0.000000000000	0.000000000000	0.000000000000	6000
10	9	1.000000000000	0.900000000000	2	1.000000000000	0.000000000000	0.000000000000	0.000000000000	6000
10	9	1.000000000000	0.900000000000	3	1.000000000000	0.000000000000	0.000000000000	0.000000000000	10000
10	9	1.000000000000	0.900000000000	4	1.000000000000	0.000000000000	0.000000000000	0.000000000000	6000
10	9	1.000000000000	0.900000000000	5	1.000000000000	0.000000000000	0.000000000000	0.000000000000	6000
10	10	1.000000000000	1.000000000000	1	1.000000000000	1.000000000000	0.000000000000	0.000000000000	4000
10	10	1.000000000000	1.000000000000	2	1.000000000000	1.000000000000	0.000000000000	0.000000000000	4000
10	10	1.000000000000	1.000000000000	3	1.000000000000	1.000000000000	0.000000000000	0.000000000000	4000
10	10	1.000000000000	1.000000000000	4	1.000000000000	1.000000000000	0.000000000000	0.000000000000	4000
10	10	1.000000000000	1.000000000000	5	1.000000000000	1.000000000000	0.000000000000	0.000000000000	4000
