# scan initial plane
# b 1.174
# r 0
# e -0.4
# N1 75
# N2 75
# P11 0.9
# p12 0.1
# P22 0.9
# T_MCS 1000
# T_MAX 30000
# W 2000
# UPDATE_RULE 0
# FERMI_BETA 1
# DEGREE_ALPHA 0.5
# DEGREE_FACTOR_MIN 0.5
# DEGREE_FACTOR_MAX 2
# ndiv 10
# n_reps 5
# A:(0,1),	A':(0,0.230),	B:(1,0),	B'=(0.230,0),	C:(1,1),	D:(0,0),	E:(0.173,0.173) 
# columns: ix iy x1_0 x2_0 rep x1_inf x2_inf sigma_1 sigma_2 t_relax
0	0	0.000000000000	0.000000000000	1	0.000000000000	0.000000000000	0.000000000000	0.000000000000	4000
0	0	0.000000000000	0.000000000000	2	0.000000000000	0.000000000000	0.000000000000	0.000000000000	4000
0	0	0.000000000000	0.000000000000	3	0.000000000000	0.000000000000	0.000000000000	0.000000000000	4000
0	0	0.000000000000	0.000000000000	4	0.000000000000	0.000000000000	0.000000000000	0.000000000000	4000
0	0	0.000000000000	0.000000000000	5	0.000000000000	0.000000000000	0.000000000000	0.000000000000	4000
0	1	0.000000000000	0.093333333333	1	0.000000000000	0.147573333333	0.000000000000	0.020766647627	8000
0	1	0.000000000000	0.093333333333	2	0.000000000000	0.147746666667	0.000000000000	0.030914404596	14000
0	1	0.000000000000	0.093333333333	3	0.000000000000	0.141853333333	0.000000000000	0.021246566126	14000
0	1	0.000000000000	0.093333333333	4	0.000000000000	0.142146666667	0.000000000000	0.025219592583	4000
0	1	0.000000000000	0.093333333333	5	0.000000000000	0.150400000000	0.000000000000	0.024136194589	6000
0	2	0.000000000000	0.200000000000	1	0.000000000000	0.155826666667	0.000000000000	0.026239593167	14000
0	2	0.000000000000	0.200000000000	2	0.000000000000	0.148786666667	0.000000000000	0.027764261777	16000
0	2	0.000000000000	0.200000000000	3	0.000000000000	0.159746666667	0.000000000000	0.027046474418	10000
0	2	0.000000000000	0.200000000000	4	0.000000000000	0.133866666667	0.000000000000	0.021211866410	30000
0	2	0.000000000000	0.200000000000	5	0.000000000000	0.152440000000	0.000000000000	0.023846582647	4000
0	3	0.000000000000	0.293333333333	1	0.000000000000	0.142320000000	0.000000000000	0.031775331881	10000
0	3	0.000000000000	0.293333333333	2	0.000000000000	0.137133333333	0.000000000000	0.026336883058	8000
0	3	0.000000000000	0.293333333333	3	0.000000000000	0.167680000000	0.000000000000	0.024300143742	24000
0	3	0.000000000000	0.293333333333	4	0.000000000000	0.130053333333	0.000000000000	0.027467080022	16000
0	3	0.000000000000	0.293333333333	5	0.000000000000	0.143786666667	0.000000000000	0.025364762830	12000
0	4	0.000000000000	0.400000000000	1	0.000000000000	0.156026666667	0.000000000000	0.030968343953	20000
0	4	0.000000000000	0.400000000000	2	0.000000000000	0.155826666667	0.000000000000	0.023430726717	30000
0	4	0.000000000000	0.400000000000	3	0.000000000000	0.163306666667	0.000000000000	0.029663132210	10000
0	4	0.000000000000	0.400000000000	4	0.000000000000	0.153560000000	0.000000000000	0.026652351847	8000
0	4	0.000000000000	0.400000000000	5	0.000000000000	0.152906666667	0.000000000000	0.032803872479	14000
0	5	0.000000000000	0.493333333333	1	0.000000000000	0.127986666667	0.000000000000	0.020398429306	6000
0	5	0.000000000000	0.493333333333	2	0.000000000000	0.156133333333	0.000000000000	0.024834990976	6000
0	5	0.000000000000	0.493333333333	3	0.000000000000	0.133720000000	0.000000000000	0.027630750835	30000
0	5	0.000000000000	0.493333333333	4	0.000000000000	0.156613333333	0.000000000000	0.036341376267	4000
0	5	0.000000000000	0.493333333333	5	0.000000000000	0.134733333333	0.000000000000	0.018339353518	8000
0	6	0.000000000000	0.600000000000	1	0.000000000000	0.124240000000	0.000000000000	0.024015254856	16000
0	6	0.000000000000	0.600000000000	2	0.000000000000	0.131386666667	0.000000000000	0.021620209942	30000
0	6	0.000000000000	0.600000000000	3	0.000000000000	0.146346666667	0.000000000000	0.032412160498	14000
0	6	0.000000000000	0.600000000000	4	0.000000000000	0.151266666667	0.000000000000	0.023878143171	18000
0	6	0.000000000000	0.600000000000	5	0.000000000000	0.140453333333	0.000000000000	0.016952013111	24000
0	7	0.000000000000	0.693333333333	1	0.000000000000	0.114480000000	0.000000000000	0.029283070353	6000
0	7	0.000000000000	0.693333333333	2	0.000000000000	0.137693333333	0.000000000000	0.022639018251	8000
0	7	0.000000000000	0.693333333333	3	0.000000000000	0.135320000000	0.000000000000	0.034059619165	8000
0	7	0.000000000000	0.693333333333	4	0.000000000000	0.136906666667	0.000000000000	0.031866074996	20000
0	7	0.000000000000	0.693333333333	5	0.000000000000	0.163053333333	0.000000000000	0.024102841978	30000
0	8	0.000000000000	0.800000000000	1	0.000000000000	0.135906666667	0.000000000000	0.030425012979	20000
0	8	0.000000000000	0.800000000000	2	0.000000000000	0.145680000000	0.000000000000	0.029258508626	30000
0	8	0.000000000000	0.800000000000	3	0.000000000000	0.144493333333	0.000000000000	0.020503856746	30000
0	8	0.000000000000	0.800000000000	4	0.000000000000	0.158893333333	0.000000000000	0.023930760613	16000
0	8	0.000000000000	0.800000000000	5	0.000000000000	0.148160000000	0.000000000000	0.021491306993	30000
0	9	0.000000000000	0.893333333333	1	0.000000000000	0.141386666667	0.000000000000	0.024464216228	12000
0	9	0.000000000000	0.893333333333	2	0.000000000000	0.130640000000	0.000000000000	0.021415573879	6000
0	9	0.000000000000	0.893333333333	3	0.000000000000	0.144866666667	0.000000000000	0.027204371995	30000
0	9	0.000000000000	0.893333333333	4	0.000000000000	0.136640000000	0.000000000000	0.020993014605	30000
0	9	0.000000000000	0.893333333333	5	0.000000000000	0.154440000000	0.000000000000	0.024141764234	18000
0	10	0.000000000000	1.000000000000	1	0.000000000000	1.000000000000	0.000000000000	0.000000000000	4000
0	10	0.000000000000	1.000000000000	2	0.000000000000	1.000000000000	0.000000000000	0.000000000000	4000
0	10	0.000000000000	1.000000000000	3	0.000000000000	1.000000000000	0.000000000000	0.000000000000	4000
0	10	0.000000000000	1.000000000000	4	0.000000000000	1.000000000000	0.000000000000	0.000000000000	4000
0	10	0.000000000000	1.000000000000	5	0.000000000000	1.000000000000	0.000000000000	0.000000000000	4000
1	0	0.093333333333	0.000000000000	1	0.131760000000	0.000000000000	0.023457464753	0.000000000000	12000
1	0	0.093333333333	0.000000000000	2	0.127320000000	0.000000000000	0.023659614903	0.000000000000	4000
1	0	0.093333333333	0.000000000000	3	0.118533333333	0.000000000000	0.021805502158	0.000000000000	6000
1	0	0.093333333333	0.000000000000	4	0.140306666667	0.000000000000	0.024754502775	0.000000000000	30000
1	0	0.093333333333	0.000000000000	5	0.135000000000	0.000000000000	0.030569793752	0.000000000000	24000
1	1	0.093333333333	0.093333333333	1	0.000000000000	0.136053333333	0.000000000000	0.020294282504	10000
1	1	0.093333333333	0.093333333333	2	0.000000000000	0.151106666667	0.000000000000	0.024160185409	28000
1	1	0.093333333333	0.093333333333	3	0.128506666667	0.000000000000	0.026462199102	0.000000000000	22000
1	1	0.093333333333	0.093333333333	4	0.151640000000	0.000000000000	0.026997846732	0.000000000000	16000
1	1	0.093333333333	0.093333333333	5	0.000000000000	0.144680000000	0.000000000000	0.021104204128	30000
1	2	0.093333333333	0.200000000000	1	0.000000000000	0.144733333333	0.000000000000	0.019034532422	16000
1	2	0.093333333333	0.200000000000	2	0.142546666667	0.000000000000	0.024761863035	0.000000000000	14000
1	2	0.093333333333	0.200000000000	3	0.144853333333	0.000000000000	0.018181129965	0.000000000000	26000
1	2	0.093333333333	0.200000000000	4	0.000000000000	0.152946666667	0.000000000000	0.028258019591	30000
1	2	0.093333333333	0.200000000000	5	0.147266666667	0.000000000000	0.029634559149	0.000000000000	16000
1	3	0.093333333333	0.293333333333	1	0.141733333333	0.000000000000	0.027762277958	0.000000000000	20000
1	3	0.093333333333	0.293333333333	2	0.143013333333	0.000000000000	0.029622393511	0.000000000000	16000
1	3	0.093333333333	0.293333333333	3	0.121773333333	0.000000000000	0.021704934251	0.000000000000	30000
1	3	0.093333333333	0.293333333333	4	0.000000000000	0.134453333333	0.000000000000	0.031395650055	30000
1	3	0.093333333333	0.293333333333	5	0.000000000000	0.139506666667	0.000000000000	0.032748641807	26000
1	4	0.093333333333	0.400000000000	1	0.132826666667	0.000000000000	0.029854668928	0.000000000000	30000
1	4	0.093333333333	0.400000000000	2	0.000000000000	0.167000000000	0.000000000000	0.025518753150	20000
1	4	0.093333333333	0.400000000000	3	0.000000000000	0.135013333333	0.000000000000	0.029037498720	22000
1	4	0.093333333333	0.400000000000	4	0.145320000000	0.000000000000	0.020128821031	0.000000000000	22000
1	4	0.093333333333	0.400000000000	5	0.124000000000	0.000000000000	0.024496259580	0.000000000000	30000
1	5	0.093333333333	0.493333333333	1	0.138466666667	0.000000000000	0.024074089474	0.000000000000	30000
1	5	0.093333333333	0.493333333333	2	0.000000000000	0.149346666667	0.000000000000	0.021421402299	18000
1	5	0.093333333333	0.493333333333	3	0.000000000000	0.133093333333	0.000000000000	0.025755801616	30000
1	5	0.093333333333	0.493333333333	4	0.000000000000	0.145666666667	0.000000000000	0.023241393775	30000
1	5	0.093333333333	0.493333333333	5	0.000000000000	0.134506666667	0.000000000000	0.029282012921	24000
1	6	0.093333333333	0.600000000000	1	0.000000000000	0.152800000000	0.000000000000	0.028261926939	30000
1	6	0.093333333333	0.600000000000	2	0.160160000000	0.000000000000	0.024698312267	0.000000000000	20000
1	6	0.093333333333	0.600000000000	3	0.000000000000	0.139013333333	0.000000000000	0.029836685939	20000
1	6	0.093333333333	0.600000000000	4	0.146306666667	0.000000000000	0.022959815083	0.000000000000	14000
1	6	0.093333333333	0.600000000000	5	0.000000000000	0.135586666667	0.000000000000	0.028002697806	30000
1	7	0.093333333333	0.693333333333	1	0.000000000000	0.148666666667	0.000000000000	0.025982206894	30000
1	7	0.093333333333	0.693333333333	2	0.136453333333	0.000000000000	0.024573303095	0.000000000000	20000
1	7	0.093333333333	0.693333333333	3	0.000000000000	0.132933333333	0.000000000000	0.027845483053	30000
1	7	0.093333333333	0.693333333333	4	0.000000000000	0.140786666667	0.000000000000	0.024454521537	10000
1	7	0.093333333333	0.693333333333	5	0.000000000000	0.149893333333	0.000000000000	0.019584999219	14000
1	8	0.093333333333	0.800000000000	1	0.147653333333	0.000000000000	0.033340737249	0.000000000000	30000
1	8	0.093333333333	0.800000000000	2	0.130320000000	0.000000000000	0.023543971314	0.000000000000	30000
1	8	0.093333333333	0.800000000000	3	0.000000000000	0.162973333333	0.000000000000	0.027737174729	16000
1	8	0.093333333333	0.800000000000	4	0.125826666667	0.000000000000	0.025113355733	0.000000000000	30000
1	8	0.093333333333	0.800000000000	5	0.000000000000	0.147400000000	0.000000000000	0.023532823753	22000
1	9	0.093333333333	0.893333333333	1	0.000000000000	0.136680000000	0.000000000000	0.025233419042	30000
1	9	0.093333333333	0.893333333333	2	0.000000000000	0.137906666667	0.000000000000	0.019756502374	24000
1	9	0.093333333333	0.893333333333	3	0.000000000000	0.149320000000	0.000000000000	0.027434390851	8000
1	9	0.093333333333	0.893333333333	4	0.142520000000	0.000000000000	0.028008543749	0.000000000000	18000
1	9	0.093333333333	0.893333333333	5	0.000000000000	0.138906666667	0.000000000000	0.021055565724	30000
1	10	0.093333333333	1.000000000000	1	0.000000000000	1.000000000000	0.000000000000	0.000000000000	6000
1	10	0.093333333333	1.000000000000	2	0.000000000000	1.000000000000	0.000000000000	0.000000000000	6000
1	10	0.093333333333	1.000000000000	3	0.000000000000	1.000000000000	0.000000000000	0.000000000000	6000
1	10	0.093333333333	1.000000000000	4	0.000000000000	1.000000000000	0.000000000000	0.000000000000	6000
1	10	0.093333333333	1.000000000000	5	0.000000000000	1.000000000000	0.000000000000	0.000000000000	6000
2	0	0.200000000000	0.000000000000	1	0.132480000000	0.000000000000	0.028291832842	0.000000000000	12000
2	0	0.200000000000	0.000000000000	2	0.148306666667	0.000000000000	0.030225846217	0.000000000000	8000
2	0	0.200000000000	0.000000000000	3	0.136786666667	0.000000000000	0.024174205560	0.000000000000	16000
2	0	0.200000000000	0.000000000000	4	0.129826666667	0.000000000000	0.019052548959	0.000000000000	30000
2	0	0.200000000000	0.000000000000	5	0.143120000000	0.000000000000	0.026219962238	0.000000000000	6000
2	1	0.200000000000	0.093333333333	1	0.151786666667	0.000000000000	0.020573661371	0.000000000000	30000
2	1	0.200000000000	0.093333333333	2	0.143306666667	0.000000000000	0.021594728242	0.000000000000	16000
2	1	0.200000000000	0.093333333333	3	0.000000000000	0.151293333333	0.000000000000	0.026501292351	6000
2	1	0.200000000000	0.093333333333	4	0.000000000000	0.139146666667	0.000000000000	0.022377451829	30000
2	1	0.200000000000	0.093333333333	5	0.105413333333	0.083693333333	0.024208209665	0.028537232917	8000
2	2	0.200000000000	0.200000000000	1	0.000000000000	0.149706666667	0.000000000000	0.025205253737	22000
2	2	0.200000000000	0.200000000000	2	0.000000000000	0.133773333333	0.000000000000	0.023892805508	8000
2	2	0.200000000000	0.200000000000	3	0.000000000000	0.173680000000	0.000000000000	0.029394433892	14000
2	2	0.200000000000	0.200000000000	4	0.122093333333	0.000000000000	0.025473301059	0.000000000000	22000
2	2	0.200000000000	0.200000000000	5	0.144200000000	0.000000000000	0.027046921829	0.000000000000	22000
2	3	0.200000000000	0.293333333333	1	0.130053333333	0.000000000000	0.020997201777	0.000000000000	30000
2	3	0.200000000000	0.293333333333	2	0.000000000000	0.137573333333	0.000000000000	0.026252628238	16000
2	3	0.200000000000	0.293333333333	3	0.105720000000	0.000000000000	0.018940735534	0.000000000000	16000
2	3	0.200000000000	0.293333333333	4	0.000000000000	0.130333333333	0.000000000000	0.023145485332	30000
2	3	0.200000000000	0.293333333333	5	0.000000000000	0.157160000000	0.000000000000	0.019883459815	30000
2	4	0.200000000000	0.400000000000	1	0.000000000000	0.133973333333	0.000000000000	0.024640025653	10000
2	4	0.200000000000	0.400000000000	2	0.136186666667	0.000000000000	0.021452967856	0.000000000000	14000
2	4	0.200000000000	0.400000000000	3	0.000000000000	0.149306666667	0.000000000000	0.024809525978	26000
2	4	0.200000000000	0.400000000000	4	0.139746666667	0.000000000000	0.023111877249	0.000000000000	16000
2	4	0.200000000000	0.400000000000	5	0.138200000000	0.000000000000	0.021509180995	0.000000000000	30000
2	5	0.200000000000	0.493333333333	1	0.163320000000	0.000000000000	0.034850361594	0.000000000000	14000
2	5	0.200000000000	0.493333333333	2	0.000000000000	0.157826666667	0.000000000000	0.022913884716	16000
2	5	0.200000000000	0.493333333333	3	0.000000000000	0.129253333333	0.000000000000	0.026392868674	30000
2	5	0.200000000000	0.493333333333	4	0.144666666667	0.000000000000	0.021812030019	0.000000000000	8000
2	5	0.200000000000	0.493333333333	5	0.000000000000	0.134133333333	0.000000000000	0.033228128942	14000
2	6	0.200000000000	0.600000000000	1	0.000000000000	0.159826666667	0.000000000000	0.026736082492	30000
2	6	0.200000000000	0.600000000000	2	0.000000000000	0.126933333333	0.000000000000	0.026098723447	14000
2	6	0.200000000000	0.600000000000	3	0.000000000000	0.124133333333	0.000000000000	0.026024636908	30000
2	6	0.200000000000	0.600000000000	4	0.053346666667	0.108520000000	0.020445484589	0.018826329896	30000
2	6	0.200000000000	0.600000000000	5	0.000000000000	0.143626666667	0.000000000000	0.025942849331	30000
2	7	0.200000000000	0.693333333333	1	0.000000000000	0.157133333333	0.000000000000	0.027838052723	10000
2	7	0.200000000000	0.693333333333	2	0.000000000000	0.122720000000	0.000000000000	0.037651875228	18000
2	7	0.200000000000	0.693333333333	3	0.090733333333	0.097306666667	0.031996482400	0.021139577247	30000
2	7	0.200000000000	0.693333333333	4	0.137493333333	0.000000000000	0.028035143270	0.000000000000	16000
2	7	0.200000000000	0.693333333333	5	0.000000000000	0.151826666667	0.000000000000	0.028245648534	12000
2	8	0.200000000000	0.800000000000	1	0.145306666667	0.000000000000	0.025421709817	0.000000000000	30000
2	8	0.200000000000	0.800000000000	2	0.107280000000	0.000000000000	0.026384506564	0.000000000000	30000
2	8	0.200000000000	0.800000000000	3	0.000000000000	0.143226666667	0.000000000000	0.025995682504	30000
2	8	0.200000000000	0.800000000000	4	0.140813333333	0.000000000000	0.031495633161	0.000000000000	14000
2	8	0.200000000000	0.800000000000	5	0.102786666667	0.113906666667	0.027791809069	0.035650900691	8000
2	9	0.200000000000	0.893333333333	1	0.000000000000	0.140093333333	0.000000000000	0.031539876831	30000
2	9	0.200000000000	0.893333333333	2	0.000000000000	0.123706666667	0.000000000000	0.021955216753	30000
2	9	0.200000000000	0.893333333333	3	0.000000000000	0.128626666667	0.000000000000	0.023451072411	30000
2	9	0.200000000000	0.893333333333	4	0.077293333333	0.133080000000	0.032670189728	0.035471971324	4000
2	9	0.200000000000	0.893333333333	5	0.000000000000	0.141560000000	0.000000000000	0.021880499706	30000
2	10	0.200000000000	1.000000000000	1	0.000000000000	1.000000000000	0.000000000000	0.000000000000	6000
2	10	0.200000000000	1.000000000000	2	0.000000000000	1.000000000000	0.000000000000	0.000000000000	6000
2	10	0.200000000000	1.000000000000	3	0.000000000000	1.000000000000	0.000000000000	0.000000000000	6000
2	10	0.200000000000	1.000000000000	4	0.000000000000	1.000000000000	0.000000000000	0.000000000000	6000
2	10	0.200000000000	1.000000000000	5	0.000000000000	1.000000000000	0.000000000000	0.000000000000	6000
3	0	0.293333333333	0.000000000000	1	0.164386666667	0.000000000000	0.025621003368	0.000000000000	22000
3	0	0.293333333333	0.000000000000	2	0.135426666667	0.000000000000	0.027183352773	0.000000000000	12000
3	0	0.293333333333	0.000000000000	3	0.121013333333	0.000000000000	0.018056986622	0.000000000000	8000
3	0	0.293333333333	0.000000000000	4	0.135066666667	0.000000000000	0.025877890578	0.000000000000	26000
3	0	0.293333333333	0.000000000000	5	0.130920000000	0.000000000000	0.023260007766	0.000000000000	18000
3	1	0.293333333333	0.093333333333	1	0.000000000000	0.141360000000	0.000000000000	0.022471459178	18000
3	1	0.293333333333	0.093333333333	2	0.000000000000	0.139280000000	0.000000000000	0.028080897483	30000
3	1	0.293333333333	0.093333333333	3	0.133986666667	0.000000000000	0.028300307353	0.000000000000	30000
3	1	0.293333333333	0.093333333333	4	0.122626666667	0.000000000000	0.032188387192	0.000000000000	12000
3	1	0.293333333333	0.093333333333	5	0.138386666667	0.000000000000	0.028863033012	0.000000000000	30000
3	2	0.293333333333	0.200000000000	1	0.000000000000	0.167813333333	0.000000000000	0.021586931130	8000
3	2	0.293333333333	0.200000000000	2	0.155746666667	0.000000000000	0.030400109466	0.000000000000	8000
3	2	0.293333333333	0.200000000000	3	0.146666666667	0.000000000000	0.030554145022	0.000000000000	24000
3	2	0.293333333333	0.200000000000	4	0.000000000000	0.142626666667	0.000000000000	0.014861933079	28000
3	2	0.293333333333	0.200000000000	5	0.000000000000	0.136186666667	0.000000000000	0.023488275306	18000
3	3	0.293333333333	0.293333333333	1	0.000000000000	0.149840000000	0.000000000000	0.023409166062	10000
3	3	0.293333333333	0.293333333333	2	0.133093333333	0.000000000000	0.024618277167	0.000000000000	20000
3	3	0.293333333333	0.293333333333	3	0.161986666667	0.000000000000	0.026809092460	0.000000000000	30000
3	3	0.293333333333	0.293333333333	4	0.000000000000	0.125293333333	0.000000000000	0.028081870235	28000
3	3	0.293333333333	0.293333333333	5	0.000000000000	0.142653333333	0.000000000000	0.022608844972	28000
3	4	0.293333333333	0.400000000000	1	0.000000000000	0.165613333333	0.000000000000	0.031153293297	12000
3	4	0.293333333333	0.400000000000	2	0.000000000000	0.144160000000	0.000000000000	0.024751573156	18000
3	4	0.293333333333	0.400000000000	3	0.117786666667	0.000000000000	0.023745373783	0.000000000000	30000
3	4	0.293333333333	0.400000000000	4	0.149173333333	0.000000000000	0.020600077855	0.000000000000	30000
3	4	0.293333333333	0.400000000000	5	0.138893333333	0.000000000000	0.018776316496	0.000000000000	24000
3	5	0.293333333333	0.493333333333	1	0.000000000000	0.132626666667	0.000000000000	0.025099746735	20000
3	5	0.293333333333	0.493333333333	2	0.000000000000	0.148253333333	0.000000000000	0.018954260078	24000
3	5	0.293333333333	0.493333333333	3	0.000000000000	0.140240000000	0.000000000000	0.026173878512	30000
3	5	0.293333333333	0.493333333333	4	0.000000000000	0.155840000000	0.000000000000	0.017900755830	30000
3	5	0.293333333333	0.493333333333	5	0.000000000000	0.140853333333	0.000000000000	0.026120206709	16000
3	6	0.293333333333	0.600000000000	1	0.000000000000	0.146333333333	0.000000000000	0.021178177019	30000
3	6	0.293333333333	0.600000000000	2	0.000000000000	0.136613333333	0.000000000000	0.035267814677	28000
3	6	0.293333333333	0.600000000000	3	0.000000000000	0.127493333333	0.000000000000	0.019239950281	16000
3	6	0.293333333333	0.600000000000	4	0.129680000000	0.000000000000	0.020687436150	0.000000000000	30000
3	6	0.293333333333	0.600000000000	5	0.126213333333	0.000000000000	0.026320218644	0.000000000000	24000
3	7	0.293333333333	0.693333333333	1	0.143453333333	0.000000000000	0.021727911694	0.000000000000	12000
3	7	0.293333333333	0.693333333333	2	0.000000000000	0.132893333333	0.000000000000	0.030999114873	26000
3	7	0.293333333333	0.693333333333	3	0.000000000000	0.140333333333	0.000000000000	0.023064614041	30000
3	7	0.293333333333	0.693333333333	4	0.000000000000	0.149120000000	0.000000000000	0.026331372228	30000
3	7	0.293333333333	0.693333333333	5	0.000000000000	0.140960000000	0.000000000000	0.027171779376	12000
3	8	0.293333333333	0.800000000000	1	0.000000000000	0.165026666667	0.000000000000	0.021972049261	16000
3	8	0.293333333333	0.800000000000	2	0.000000000000	0.125506666667	0.000000000000	0.021553217008	18000
3	8	0.293333333333	0.800000000000	3	0.000000000000	0.145786666667	0.000000000000	0.022848605425	30000
3	8	0.293333333333	0.800000000000	4	0.162386666667	0.000000000000	0.021011922298	0.000000000000	12000
3	8	0.293333333333	0.800000000000	5	0.000000000000	0.160786666667	0.000000000000	0.033513743348	30000
3	9	0.293333333333	0.893333333333	1	0.129146666667	0.000000000000	0.028893982765	0.000000000000	22000
3	9	0.293333333333	0.893333333333	2	0.141293333333	0.000000000000	0.025284820874	0.000000000000	30000
3	9	0.293333333333	0.893333333333	3	0.000000000000	0.161506666667	0.000000000000	0.030221018053	30000
3	9	0.293333333333	0.893333333333	4	0.000000000000	0.157920000000	0.000000000000	0.023674897411	14000
3	9	0.293333333333	0.893333333333	5	0.144306666667	0.000000000000	0.027712784025	0.000000000000	22000
3	10	0.293333333333	1.000000000000	1	0.000000000000	1.000000000000	0.000000000000	0.000000000000	6000
3	10	0.293333333333	1.000000000000	2	0.000000000000	1.000000000000	0.000000000000	0.000000000000	6000
3	10	0.293333333333	1.000000000000	3	0.000000000000	1.000000000000	0.000000000000	0.000000000000	6000
3	10	0.293333333333	1.000000000000	4	0.000000000000	1.000000000000	0.000000000000	0.000000000000	6000
3	10	0.293333333333	1.000000000000	5	0.000000000000	1.000000000000	0.000000000000	0.000000000000	6000
4	0	0.400000000000	0.000000000000	1	0.134986666667	0.000000000000	0.023215533710	0.000000000000	12000
4	0	0.400000000000	0.000000000000	2	0.145680000000	0.000000000000	0.020189400153	0.000000000000	22000
4	0	0.400000000000	0.000000000000	3	0.143453333333	0.000000000000	0.024543140458	0.000000000000	12000
4	0	0.400000000000	0.000000000000	4	0.137533333333	0.000000000000	0.030704550739	0.000000000000	22000
4	0	0.400000000000	0.000000000000	5	0.127693333333	0.000000000000	0.026358145202	0.000000000000	8000
4	1	0.400000000000	0.093333333333	1	0.141133333333	0.000000000000	0.022133054338	0.000000000000	26000
4	1	0.400000000000	0.093333333333	2	0.000000000000	0.162800000000	0.000000000000	0.031182243863	30000
4	1	0.400000000000	0.093333333333	3	0.142586666667	0.000000000000	0.021953790156	0.000000000000	14000
4	1	0.400000000000	0.093333333333	4	0.000000000000	0.137640000000	0.000000000000	0.025009115455	22000
4	1	0.400000000000	0.093333333333	5	0.138813333333	0.000000000000	0.025701862604	0.000000000000	28000
4	2	0.400000000000	0.200000000000	1	0.000000000000	0.150800000000	0.000000000000	0.022145613696	10000
4	2	0.400000000000	0.200000000000	2	0.000000000000	0.133253333333	0.000000000000	0.019569218996	30000
4	2	0.400000000000	0.200000000000	3	0.127066666667	0.000000000000	0.021875574575	0.000000000000	30000
4	2	0.400000000000	0.200000000000	4	0.000000000000	0.144373333333	0.000000000000	0.024606491725	16000
4	2	0.400000000000	0.200000000000	5	0.129440000000	0.000000000000	0.024687069631	0.000000000000	20000
4	3	0.400000000000	0.293333333333	1	0.000000000000	0.151986666667	0.000000000000	0.020133240967	30000
4	3	0.400000000000	0.293333333333	2	0.000000000000	0.153213333333	0.000000000000	0.019386286255	20000
4	3	0.400000000000	0.293333333333	3	0.000000000000	0.149240000000	0.000000000000	0.026282691006	30000
4	3	0.400000000000	0.293333333333	4	0.000000000000	0.123800000000	0.000000000000	0.020648048272	30000
4	3	0.400000000000	0.293333333333	5	0.000000000000	0.137106666667	0.000000000000	0.023687097536	12000
4	4	0.400000000000	0.400000000000	1	0.000000000000	0.116386666667	0.000000000000	0.019766444099	30000
4	4	0.400000000000	0.400000000000	2	0.131173333333	0.000000000000	0.022321125255	0.000000000000	30000
4	4	0.400000000000	0.400000000000	3	0.000000000000	0.167133333333	0.000000000000	0.031598569282	10000
4	4	0.400000000000	0.400000000000	4	0.128946666667	0.000000000000	0.023550905164	0.000000000000	26000
4	4	0.400000000000	0.400000000000	5	0.000000000000	0.128440000000	0.000000000000	0.022267465455	30000
4	5	0.400000000000	0.493333333333	1	0.147773333333	0.000000000000	0.028197978126	0.000000000000	8000
4	5	0.400000000000	0.493333333333	2	0.000000000000	0.152560000000	0.000000000000	0.032508680770	18000
4	5	0.400000000000	0.493333333333	3	0.136026666667	0.000000000000	0.029611193464	0.000000000000	30000
4	5	0.400000000000	0.493333333333	4	0.144373333333	0.000000000000	0.024176034796	0.000000000000	30000
4	5	0.400000000000	0.493333333333	5	0.131346666667	0.000000000000	0.017721628044	0.000000000000	8000
4	6	0.400000000000	0.600000000000	1	0.000000000000	0.143240000000	0.000000000000	0.025159090291	30000
4	6	0.400000000000	0.600000000000	2	0.124373333333	0.000000000000	0.034910097288	0.000000000000	16000
4	6	0.400000000000	0.600000000000	3	0.110733333333	0.126333333333	0.031073837245	0.038592463865	30000
4	6	0.400000000000	0.600000000000	4	0.143133333333	0.000000000000	0.024433613034	0.000000000000	14000
4	6	0.400000000000	0.600000000000	5	0.132426666667	0.000000000000	0.035957131634	0.000000000000	30000
4	7	0.400000000000	0.693333333333	1	0.000000000000	0.133760000000	0.000000000000	0.025966709521	30000
4	7	0.400000000000	0.693333333333	2	0.138720000000	0.000000000000	0.017881499229	0.000000000000	12000
4	7	0.400000000000	0.693333333333	3	0.000000000000	0.159146666667	0.000000000000	0.029953893313	10000
4	7	0.400000000000	0.693333333333	4	0.000000000000	0.137453333333	0.000000000000	0.027846821900	24000
4	7	0.400000000000	0.693333333333	5	0.000000000000	0.152293333333	0.000000000000	0.016735811192	30000
4	8	0.400000000000	0.800000000000	1	0.000000000000	0.151120000000	0.000000000000	0.032802429440	20000
4	8	0.400000000000	0.800000000000	2	0.000000000000	0.144186666667	0.000000000000	0.025476978907	28000
4	8	0.400000000000	0.800000000000	3	0.000000000000	0.151866666667	0.000000000000	0.026819382530	22000
4	8	0.400000000000	0.800000000000	4	0.135746666667	0.000000000000	0.021101842968	0.000000000000	16000
4	8	0.400000000000	0.800000000000	5	0.133053333333	0.000000000000	0.028003079100	0.000000000000	30000
4	9	0.400000000000	0.893333333333	1	0.155733333333	0.000000000000	0.028746395324	0.000000000000	26000
4	9	0.400000000000	0.893333333333	2	0.133360000000	0.000000000000	0.027745914859	0.000000000000	16000
4	9	0.400000000000	0.893333333333	3	0.000000000000	0.149173333333	0.000000000000	0.028451000246	30000
4	9	0.400000000000	0.893333333333	4	0.000000000000	0.165733333333	0.000000000000	0.026683678258	30000
4	9	0.400000000000	0.893333333333	5	0.000000000000	0.144880000000	0.000000000000	0.023646241662	30000
4	10	0.400000000000	1.000000000000	1	0.000000000000	1.000000000000	0.000000000000	0.000000000000	6000
4	10	0.400000000000	1.000000000000	2	0.000000000000	1.000000000000	0.000000000000	0.000000000000	6000
4	10	0.400000000000	1.000000000000	3	0.000000000000	1.000000000000	0.000000000000	0.000000000000	6000
4	10	0.400000000000	1.000000000000	4	0.000000000000	1.000000000000	0.000000000000	0.000000000000	6000
4	10	0.400000000000	1.000000000000	5	0.000000000000	1.000000000000	0.000000000000	0.000000000000	6000
5	0	0.493333333333	0.000000000000	1	0.145560000000	0.000000000000	0.029601921980	0.000000000000	8000
5	0	0.493333333333	0.000000000000	2	0.136160000000	0.000000000000	0.027185660316	0.000000000000	22000
5	0	0.493333333333	0.000000000000	3	0.149573333333	0.000000000000	0.032343600735	0.000000000000	22000
5	0	0.493333333333	0.000000000000	4	0.135266666667	0.000000000000	0.028083720587	0.000000000000	4000
5	0	0.493333333333	0.000000000000	5	0.143413333333	0.000000000000	0.024176211455	0.000000000000	10000
5	1	0.493333333333	0.093333333333	1	0.138653333333	0.000000000000	0.033450708262	0.000000000000	24000
5	1	0.493333333333	0.093333333333	2	0.134053333333	0.000000000000	0.029772679706	0.000000000000	26000
5	1	0.493333333333	0.093333333333	3	0.000000000000	0.134013333333	0.000000000000	0.026801125812	16000
5	1	0.493333333333	0.093333333333	4	0.000000000000	0.126560000000	0.000000000000	0.027338666602	30000
5	1	0.493333333333	0.093333333333	5	0.148093333333	0.000000000000	0.027441369538	0.000000000000	22000
5	2	0.493333333333	0.200000000000	1	0.000000000000	0.141626666667	0.000000000000	0.020130222256	14000
5	2	0.493333333333	0.200000000000	2	0.000000000000	0.138693333333	0.000000000000	0.022796956207	28000
5	2	0.493333333333	0.200000000000	3	0.085626666667	0.092146666667	0.020432063100	0.034086464214	6000
5	2	0.493333333333	0.200000000000	4	0.123200000000	0.000000000000	0.028217815897	0.000000000000	24000
5	2	0.493333333333	0.200000000000	5	0.000000000000	0.144933333333	0.000000000000	0.022390156249	30000
5	3	0.493333333333	0.293333333333	1	0.149440000000	0.000000000000	0.025306436031	0.000000000000	30000
5	3	0.493333333333	0.293333333333	2	0.132933333333	0.000000000000	0.028942277609	0.000000000000	18000
5	3	0.493333333333	0.293333333333	3	0.149173333333	0.000000000000	0.026635470575	0.000000000000	10000
5	3	0.493333333333	0.293333333333	4	0.152933333333	0.000000000000	0.026816728262	0.000000000000	30000
5	3	0.493333333333	0.293333333333	5	0.125293333333	0.000000000000	0.028113537544	0.000000000000	20000
5	4	0.493333333333	0.400000000000	1	0.000000000000	0.134613333333	0.000000000000	0.031156220693	18000
5	4	0.493333333333	0.400000000000	2	0.000000000000	0.153440000000	0.000000000000	0.024806441448	18000
5	4	0.493333333333	0.400000000000	3	0.151760000000	0.000000000000	0.020345480107	0.000000000000	16000
5	4	0.493333333333	0.400000000000	4	0.000000000000	0.150346666667	0.000000000000	0.024820383341	14000
5	4	0.493333333333	0.400000000000	5	0.141106666667	0.000000000000	0.027153091114	0.000000000000	20000
5	5	0.493333333333	0.493333333333	1	0.000000000000	0.143573333333	0.000000000000	0.021896211231	10000
5	5	0.493333333333	0.493333333333	2	0.133920000000	0.000000000000	0.021202065277	0.000000000000	12000
5	5	0.493333333333	0.493333333333	3	0.158400000000	0.000000000000	0.027622508992	0.000000000000	20000
5	5	0.493333333333	0.493333333333	4	0.000000000000	0.142040000000	0.000000000000	0.027223387853	28000
5	5	0.493333333333	0.493333333333	5	0.139933333333	0.000000000000	0.017867516252	0.000000000000	10000
5	6	0.493333333333	0.600000000000	1	0.157466666667	0.000000000000	0.021731928611	0.000000000000	22000
5	6	0.493333333333	0.600000000000	2	0.137440000000	0.000000000000	0.016452807440	0.000000000000	28000
5	6	0.493333333333	0.600000000000	3	0.000000000000	0.169266666667	0.000000000000	0.023373481833	16000
5	6	0.493333333333	0.600000000000	4	0.149400000000	0.000000000000	0.026367946487	0.000000000000	20000
5	6	0.493333333333	0.600000000000	5	0.000000000000	0.134933333333	0.000000000000	0.022304552195	30000
5	7	0.493333333333	0.693333333333	1	0.150960000000	0.000000000000	0.024197739507	0.000000000000	30000
5	7	0.493333333333	0.693333333333	2	0.000000000000	0.152893333333	0.000000000000	0.025884116725	30000
5	7	0.493333333333	0.693333333333	3	0.144266666667	0.000000000000	0.024268545396	0.000000000000	30000
5	7	0.493333333333	0.693333333333	4	0.000000000000	0.147226666667	0.000000000000	0.027951165766	20000
5	7	0.493333333333	0.693333333333	5	0.122240000000	0.000000000000	0.033546269489	0.000000000000	22000
5	8	0.493333333333	0.800000000000	1	0.000000000000	0.147613333333	0.000000000000	0.021919698545	30000
5	8	0.493333333333	0.800000000000	2	0.000000000000	0.130773333333	0.000000000000	0.022784228682	28000
5	8	0.493333333333	0.800000000000	3	0.153920000000	0.000000000000	0.021260737341	0.000000000000	6000
5	8	0.493333333333	0.800000000000	4	0.130106666667	0.000000000000	0.026571187093	0.000000000000	30000
5	8	0.493333333333	0.800000000000	5	0.000000000000	0.142600000000	0.000000000000	0.017372635814	14000
5	9	0.493333333333	0.893333333333	1	0.132306666667	0.000000000000	0.023224910401	0.000000000000	22000
5	9	0.493333333333	0.893333333333	2	0.000000000000	0.140853333333	0.000000000000	0.027533149856	30000
5	9	0.493333333333	0.893333333333	3	0.000000000000	0.140573333333	0.000000000000	0.025902123207	22000
5	9	0.493333333333	0.893333333333	4	0.160520000000	0.000000000000	0.027609231199	0.000000000000	16000
5	9	0.493333333333	0.893333333333	5	0.101600000000	0.067506666667	0.036837742079	0.033813770929	30000
5	10	0.493333333333	1.000000000000	1	0.000000000000	1.000000000000	0.000000000000	0.000000000000	8000
5	10	0.493333333333	1.000000000000	2	0.000000000000	1.000000000000	0.000000000000	0.000000000000	6000
5	10	0.493333333333	1.000000000000	3	0.000000000000	1.000000000000	0.000000000000	0.000000000000	6000
5	10	0.493333333333	1.000000000000	4	0.000000000000	1.000000000000	0.000000000000	0.000000000000	6000
5	10	0.493333333333	1.000000000000	5	0.000000000000	1.000000000000	0.000000000000	0.000000000000	12000
6	0	0.600000000000	0.000000000000	1	0.163146666667	0.000000000000	0.026953096348	0.000000000000	16000
6	0	0.600000000000	0.000000000000	2	0.128693333333	0.000000000000	0.027086767653	0.000000000000	6000
6	0	0.600000000000	0.000000000000	3	0.147760000000	0.000000000000	0.031220388662	0.000000000000	10000
6	0	0.600000000000	0.000000000000	4	0.136480000000	0.000000000000	0.019026719646	0.000000000000	10000
6	0	0.600000000000	0.000000000000	5	0.137013333333	0.000000000000	0.022201487824	0.000000000000	28000
6	1	0.600000000000	0.093333333333	1	0.000000000000	0.150173333333	0.000000000000	0.017856836224	30000
6	1	0.600000000000	0.093333333333	2	0.129506666667	0.000000000000	0.025439326585	0.000000000000	8000
6	1	0.600000000000	0.093333333333	3	0.000000000000	0.155360000000	0.000000000000	0.023139798935	30000
6	1	0.600000000000	0.093333333333	4	0.000000000000	0.140026666667	0.000000000000	0.023205459224	12000
6	1	0.600000000000	0.093333333333	5	0.000000000000	0.172466666667	0.000000000000	0.026675924319	6000
6	2	0.600000000000	0.200000000000	1	0.140080000000	0.000000000000	0.024777830297	0.000000000000	18000
6	2	0.600000000000	0.200000000000	2	0.139080000000	0.000000000000	0.024362366525	0.000000000000	14000
6	2	0.600000000000	0.200000000000	3	0.000000000000	0.131760000000	0.000000000000	0.030699626859	14000
6	2	0.600000000000	0.200000000000	4	0.139306666667	0.000000000000	0.025926655788	0.000000000000	30000
6	2	0.600000000000	0.200000000000	5	0.146626666667	0.000000000000	0.026749923418	0.000000000000	30000
6	3	0.600000000000	0.293333333333	1	0.000000000000	0.131400000000	0.000000000000	0.019965379890	30000
6	3	0.600000000000	0.293333333333	2	0.137360000000	0.000000000000	0.028725327384	0.000000000000	28000
6	3	0.600000000000	0.293333333333	3	0.150360000000	0.000000000000	0.018781812741	0.000000000000	30000
6	3	0.600000000000	0.293333333333	4	0.132053333333	0.000000000000	0.029687982580	0.000000000000	10000
6	3	0.600000000000	0.293333333333	5	0.000000000000	0.149866666667	0.000000000000	0.026767909246	30000
6	4	0.600000000000	0.400000000000	1	0.107000000000	0.077466666667	0.030097531742	0.034503710838	30000
6	4	0.600000000000	0.400000000000	2	0.000000000000	0.153600000000	0.000000000000	0.028882266123	30000
6	4	0.600000000000	0.400000000000	3	0.000000000000	0.145213333333	0.000000000000	0.020103697360	30000
6	4	0.600000000000	0.400000000000	4	0.146066666667	0.000000000000	0.024170730734	0.000000000000	30000
6	4	0.600000000000	0.400000000000	5	0.146760000000	0.000000000000	0.021980470801	0.000000000000	16000
6	5	0.600000000000	0.493333333333	1	0.132933333333	0.000000000000	0.021256702542	0.000000000000	10000
6	5	0.600000000000	0.493333333333	2	0.000000000000	0.153320000000	0.000000000000	0.019331499228	22000
6	5	0.600000000000	0.493333333333	3	0.147746666667	0.000000000000	0.031052250912	0.000000000000	10000
6	5	0.600000000000	0.493333333333	4	0.144493333333	0.000000000000	0.029081305758	0.000000000000	30000
6	5	0.600000000000	0.493333333333	5	0.121853333333	0.000000000000	0.029768480463	0.000000000000	30000
6	6	0.600000000000	0.600000000000	1	0.134826666667	0.000000000000	0.023493017631	0.000000000000	30000
6	6	0.600000000000	0.600000000000	2	0.000000000000	0.139013333333	0.000000000000	0.032634036804	30000
6	6	0.600000000000	0.600000000000	3	0.000000000000	0.142640000000	0.000000000000	0.018449742959	18000
6	6	0.600000000000	0.600000000000	4	0.091880000000	0.104706666667	0.029448250646	0.023394090306	18000
6	6	0.600000000000	0.600000000000	5	0.000000000000	0.141973333333	0.000000000000	0.019202639495	30000
6	7	0.600000000000	0.693333333333	1	0.000000000000	0.127040000000	0.000000000000	0.027120646840	30000
6	7	0.600000000000	0.693333333333	2	0.126920000000	0.000000000000	0.032076094044	0.000000000000	16000
6	7	0.600000000000	0.693333333333	3	0.000000000000	0.121626666667	0.000000000000	0.029296777051	30000
6	7	0.600000000000	0.693333333333	4	0.143146666667	0.000000000000	0.030450015930	0.000000000000	30000
6	7	0.600000000000	0.693333333333	5	0.132746666667	0.000000000000	0.022850240946	0.000000000000	18000
6	8	0.600000000000	0.800000000000	1	0.000000000000	0.154586666667	0.000000000000	0.021038181813	26000
6	8	0.600000000000	0.800000000000	2	0.000000000000	0.132653333333	0.000000000000	0.022347590308	22000
6	8	0.600000000000	0.800000000000	3	0.000000000000	0.160933333333	0.000000000000	0.025987685627	18000
6	8	0.600000000000	0.800000000000	4	0.000000000000	0.134306666667	0.000000000000	0.021877896967	14000
6	8	0.600000000000	0.800000000000	5	0.136293333333	0.000000000000	0.023421933887	0.000000000000	22000
6	9	0.600000000000	0.893333333333	1	0.000000000000	0.155106666667	0.000000000000	0.023221998553	26000
6	9	0.600000000000	0.893333333333	2	0.138626666667	0.000000000000	0.034087278636	0.000000000000	20000
6	9	0.600000000000	0.893333333333	3	0.073213333333	0.120813333333	0.024532261949	0.031969507772	30000
6	9	0.600000000000	0.893333333333	4	0.000000000000	0.157306666667	0.000000000000	0.023815536988	20000
6	9	0.600000000000	0.893333333333	5	0.000000000000	0.159813333333	0.000000000000	0.020483767727	8000
6	10	0.600000000000	1.000000000000	1	0.000000000000	1.000000000000	0.000000000000	0.000000000000	6000
6	10	0.600000000000	1.000000000000	2	0.000000000000	1.000000000000	0.000000000000	0.000000000000	6000
6	10	0.600000000000	1.000000000000	3	0.000000000000	1.000000000000	0.000000000000	0.000000000000	12000
6	10	0.600000000000	1.000000000000	4	0.000000000000	1.000000000000	0.000000000000	0.000000000000	6000
6	10	0.600000000000	1.000000000000	5	0.000000000000	1.000000000000	0.000000000000	0.000000000000	6000
7	0	0.693333333333	0.000000000000	1	0.151253333333	0.000000000000	0.024762384064	0.000000000000	30000
7	0	0.693333333333	0.000000000000	2	0.126893333333	0.000000000000	0.019107949549	0.000000000000	30000
7	0	0.693333333333	0.000000000000	3	0.134560000000	0.000000000000	0.027428347924	0.000000000000	6000
7	0	0.693333333333	0.000000000000	4	0.140853333333	0.000000000000	0.023494714333	0.000000000000	16000
7	0	0.693333333333	0.000000000000	5	0.152946666667	0.000000000000	0.033315735094	0.000000000000	4000
7	1	0.693333333333	0.093333333333	1	0.133013333333	0.000000000000	0.025111205010	0.000000000000	28000
7	1	0.693333333333	0.093333333333	2	0.086866666667	0.116960000000	0.017381852475	0.027829232823	30000
7	1	0.693333333333	0.093333333333	3	0.139306666667	0.000000000000	0.030470440375	0.000000000000	24000
7	1	0.693333333333	0.093333333333	4	0.000000000000	0.158546666667	0.000000000000	0.019961564670	30000
7	1	0.693333333333	0.093333333333	5	0.143653333333	0.000000000000	0.026266344515	0.000000000000	30000
7	2	0.693333333333	0.200000000000	1	0.142826666667	0.000000000000	0.031424295231	0.000000000000	30000
7	2	0.693333333333	0.200000000000	2	0.000000000000	0.147760000000	0.000000000000	0.027973567453	12000
7	2	0.693333333333	0.200000000000	3	0.000000000000	0.133693333333	0.000000000000	0.025021920320	26000
7	2	0.693333333333	0.200000000000	4	0.000000000000	0.161053333333	0.000000000000	0.019509085746	30000
7	2	0.693333333333	0.200000000000	5	0.000000000000	0.120720000000	0.000000000000	0.026703624706	28000
7	3	0.693333333333	0.293333333333	1	0.055706666667	0.145906666667	0.026298140893	0.025105276280	30000
7	3	0.693333333333	0.293333333333	2	0.000000000000	0.148693333333	0.000000000000	0.030416662393	30000
7	3	0.693333333333	0.293333333333	3	0.136480000000	0.000000000000	0.020144308649	0.000000000000	30000
7	3	0.693333333333	0.293333333333	4	0.130906666667	0.000000000000	0.025870242504	0.000000000000	30000
7	3	0.693333333333	0.293333333333	5	0.157013333333	0.000000000000	0.027994387476	0.000000000000	12000
7	4	0.693333333333	0.400000000000	1	0.000000000000	0.140293333333	0.000000000000	0.029833679767	22000
7	4	0.693333333333	0.400000000000	2	0.125280000000	0.000000000000	0.023148595151	0.000000000000	30000
7	4	0.693333333333	0.400000000000	3	0.000000000000	0.149586666667	0.000000000000	0.018227734218	14000
7	4	0.693333333333	0.400000000000	4	0.127920000000	0.000000000000	0.021720723613	0.000000000000	20000
7	4	0.693333333333	0.400000000000	5	0.000000000000	0.144506666667	0.000000000000	0.019901910501	16000
7	5	0.693333333333	0.493333333333	1	0.000000000000	0.140680000000	0.000000000000	0.026910460494	30000
7	5	0.693333333333	0.493333333333	2	0.149973333333	0.000000000000	0.028885026307	0.000000000000	30000
7	5	0.693333333333	0.493333333333	3	0.143480000000	0.000000000000	0.024306202966	0.000000000000	18000
7	5	0.693333333333	0.493333333333	4	0.149760000000	0.000000000000	0.027944607331	0.000000000000	18000
7	5	0.693333333333	0.493333333333	5	0.000000000000	0.154960000000	0.000000000000	0.033326301561	30000
7	6	0.693333333333	0.600000000000	1	0.144226666667	0.000000000000	0.021893508758	0.000000000000	16000
7	6	0.693333333333	0.600000000000	2	0.000000000000	0.162280000000	0.000000000000	0.023120037546	30000
7	6	0.693333333333	0.600000000000	3	0.000000000000	0.141426666667	0.000000000000	0.025910366273	12000
7	6	0.693333333333	0.600000000000	4	0.123520000000	0.000000000000	0.032894147782	0.000000000000	14000
7	6	0.693333333333	0.600000000000	5	0.000000000000	0.157786666667	0.000000000000	0.022609022071	30000
7	7	0.693333333333	0.693333333333	1	0.000000000000	0.156186666667	0.000000000000	0.026985758550	16000
7	7	0.693333333333	0.693333333333	2	0.148626666667	0.000000000000	0.028578111235	0.000000000000	24000
7	7	0.693333333333	0.693333333333	3	0.145373333333	0.000000000000	0.022762563829	0.000000000000	26000
7	7	0.693333333333	0.693333333333	4	0.000000000000	0.147346666667	0.000000000000	0.023976405560	16000
7	7	0.693333333333	0.693333333333	5	0.000000000000	0.121653333333	0.000000000000	0.032001067717	30000
7	8	0.693333333333	0.800000000000	1	0.000000000000	0.168173333333	0.000000000000	0.023815667752	24000
7	8	0.693333333333	0.800000000000	2	0.000000000000	0.147333333333	0.000000000000	0.021812030019	20000
7	8	0.693333333333	0.800000000000	3	0.145253333333	0.000000000000	0.020866616457	0.000000000000	12000
7	8	0.693333333333	0.800000000000	4	0.000000000000	0.142626666667	0.000000000000	0.023446518939	28000
7	8	0.693333333333	0.800000000000	5	0.144346666667	0.000000000000	0.027161652294	0.000000000000	18000
7	9	0.693333333333	0.893333333333	1	0.000000000000	0.141693333333	0.000000000000	0.030768515499	24000
7	9	0.693333333333	0.893333333333	2	0.000000000000	0.142600000000	0.000000000000	0.024734740001	24000
7	9	0.693333333333	0.893333333333	3	0.160026666667	0.000000000000	0.023825995847	0.000000000000	30000
7	9	0.693333333333	0.893333333333	4	0.135066666667	0.000000000000	0.022029595567	0.000000000000	30000
7	9	0.693333333333	0.893333333333	5	0.000000000000	0.139360000000	0.000000000000	0.025989726160	30000
7	10	0.693333333333	1.000000000000	1	0.000000000000	1.000000000000	0.000000000000	0.000000000000	6000
7	10	0.693333333333	1.000000000000	2	0.000000000000	1.000000000000	0.000000000000	0.000000000000	6000
7	10	0.693333333333	1.000000000000	3	0.000000000000	1.000000000000	0.000000000000	0.000000000000	6000
7	10	0.693333333333	1.000000000000	4	0.000000000000	1.000000000000	0.000000000000	0.000000000000	6000
7	10	0.693333333333	1.000000000000	5	0.000000000000	1.000000000000	0.000000000000	0.000000000000	6000
8	0	0.800000000000	0.000000000000	1	0.130826666667	0.000000000000	0.028306773946	0.000000000000	18000
8	0	0.800000000000	0.000000000000	2	0.138600000000	0.000000000000	0.026616485985	0.000000000000	20000
8	0	0.800000000000	0.000000000000	3	0.145813333333	0.000000000000	0.019704880786	0.000000000000	10000
8	0	0.800000000000	0.000000000000	4	0.136706666667	0.000000000000	0.027889835238	0.000000000000	16000
8	0	0.800000000000	0.000000000000	5	0.138200000000	0.000000000000	0.032203819259	0.000000000000	30000
8	1	0.800000000000	0.093333333333	1	0.000000000000	0.152266666667	0.000000000000	0.027616065823	18000
8	1	0.800000000000	0.093333333333	2	0.000000000000	0.155586666667	0.000000000000	0.028665305583	10000
8	1	0.800000000000	0.093333333333	3	0.140133333333	0.000000000000	0.026586131308	0.000000000000	30000
8	1	0.800000000000	0.093333333333	4	0.132320000000	0.000000000000	0.029548108073	0.000000000000	6000
8	1	0.800000000000	0.093333333333	5	0.147000000000	0.000000000000	0.020598864097	0.000000000000	8000
8	2	0.800000000000	0.200000000000	1	0.128733333333	0.000000000000	0.023388704024	0.000000000000	22000
8	2	0.800000000000	0.200000000000	2	0.127746666667	0.000000000000	0.023898495170	0.000000000000	26000
8	2	0.800000000000	0.200000000000	3	0.000000000000	0.131946666667	0.000000000000	0.018354916164	30000
8	2	0.800000000000	0.200000000000	4	0.000000000000	0.139480000000	0.000000000000	0.030828053097	30000
8	2	0.800000000000	0.200000000000	5	0.000000000000	0.140186666667	0.000000000000	0.019504729655	30000
8	3	0.800000000000	0.293333333333	1	0.128973333333	0.000000000000	0.031308031159	0.000000000000	8000
8	3	0.800000000000	0.293333333333	2	0.000000000000	0.133133333333	0.000000000000	0.023177754840	16000
8	3	0.800000000000	0.293333333333	3	0.136306666667	0.000000000000	0.020068932481	0.000000000000	20000
8	3	0.800000000000	0.293333333333	4	0.000000000000	0.135480000000	0.000000000000	0.035867200282	20000
8	3	0.800000000000	0.293333333333	5	0.000000000000	0.151613333333	0.000000000000	0.027094857203	20000
8	4	0.800000000000	0.400000000000	1	0.000000000000	0.130053333333	0.000000000000	0.020988724854	30000
8	4	0.800000000000	0.400000000000	2	0.000000000000	0.145600000000	0.000000000000	0.029304320290	16000
8	4	0.800000000000	0.400000000000	3	0.000000000000	0.151506666667	0.000000000000	0.021729189326	20000
8	4	0.800000000000	0.400000000000	4	0.097866666667	0.115360000000	0.033174529964	0.025718533280	30000
8	4	0.800000000000	0.400000000000	5	0.000000000000	0.148600000000	0.000000000000	0.020222211222	20000
8	5	0.800000000000	0.493333333333	1	0.000000000000	0.149280000000	0.000000000000	0.032203291529	30000
8	5	0.800000000000	0.493333333333	2	0.158346666667	0.000000000000	0.026360011912	0.000000000000	16000
8	5	0.800000000000	0.493333333333	3	0.000000000000	0.143333333333	0.000000000000	0.017329174830	14000
8	5	0.800000000000	0.493333333333	4	0.128320000000	0.000000000000	0.028180658745	0.000000000000	6000
8	5	0.800000000000	0.493333333333	5	0.000000000000	0.164066666667	0.000000000000	0.027886593671	26000
8	6	0.800000000000	0.600000000000	1	0.000000000000	0.133426666667	0.000000000000	0.027781024035	30000
8	6	0.800000000000	0.600000000000	2	0.094280000000	0.089280000000	0.031239429354	0.021225218201	30000
8	6	0.800000000000	0.600000000000	3	0.000000000000	0.138626666667	0.000000000000	0.035853086950	30000
8	6	0.800000000000	0.600000000000	4	0.000000000000	0.155466666667	0.000000000000	0.023443516958	10000
8	6	0.800000000000	0.600000000000	5	0.000000000000	0.145853333333	0.000000000000	0.022862756592	26000
8	7	0.800000000000	0.693333333333	1	0.135040000000	0.000000000000	0.025630923376	0.000000000000	18000
8	7	0.800000000000	0.693333333333	2	0.139093333333	0.000000000000	0.025518756637	0.000000000000	30000
8	7	0.800000000000	0.693333333333	3	0.000000000000	0.143986666667	0.000000000000	0.022906769695	24000
8	7	0.800000000000	0.693333333333	4	0.000000000000	0.151906666667	0.000000000000	0.018225351913	14000
8	7	0.800000000000	0.693333333333	5	0.000000000000	0.147653333333	0.000000000000	0.025001475654	20000
8	8	0.800000000000	0.800000000000	1	0.139480000000	0.000000000000	0.021758848589	0.000000000000	30000
8	8	0.800000000000	0.800000000000	2	0.138586666667	0.000000000000	0.018963294542	0.000000000000	24000
8	8	0.800000000000	0.800000000000	3	0.000000000000	0.133973333333	0.000000000000	0.026825340404	14000
8	8	0.800000000000	0.800000000000	4	0.129720000000	0.000000000000	0.023569033106	0.000000000000	30000
8	8	0.800000000000	0.800000000000	5	0.000000000000	0.138826666667	0.000000000000	0.020581064171	20000
8	9	0.800000000000	0.893333333333	1	0.000000000000	0.144906666667	0.000000000000	0.026122495761	30000
8	9	0.800000000000	0.893333333333	2	0.126213333333	0.000000000000	0.028873774440	0.000000000000	12000
8	9	0.800000000000	0.893333333333	3	0.000000000000	0.145653333333	0.000000000000	0.034005826243	30000
8	9	0.800000000000	0.893333333333	4	0.144026666667	0.000000000000	0.022767273635	0.000000000000	18000
8	9	0.800000000000	0.893333333333	5	0.135026666667	0.000000000000	0.023799372754	0.000000000000	30000
8	10	0.800000000000	1.000000000000	1	0.000000000000	1.000000000000	0.000000000000	0.000000000000	6000
8	10	0.800000000000	1.000000000000	2	0.000000000000	1.000000000000	0.000000000000	0.000000000000	8000
8	10	0.800000000000	1.000000000000	3	0.000000000000	1.000000000000	0.000000000000	0.000000000000	8000
8	10	0.800000000000	1.000000000000	4	0.000000000000	1.000000000000	0.000000000000	0.000000000000	8000
8	10	0.800000000000	1.000000000000	5	0.000000000000	1.000000000000	0.000000000000	0.000000000000	8000
9	0	0.893333333333	0.000000000000	1	0.138866666667	0.000000000000	0.020712586354	0.000000000000	6000
9	0	0.893333333333	0.000000000000	2	0.127600000000	0.000000000000	0.027225051435	0.000000000000	30000
9	0	0.893333333333	0.000000000000	3	0.137253333333	0.000000000000	0.029304210981	0.000000000000	30000
9	0	0.893333333333	0.000000000000	4	0.139266666667	0.000000000000	0.028270032726	0.000000000000	8000
9	0	0.893333333333	0.000000000000	5	0.157173333333	0.000000000000	0.034614822248	0.000000000000	30000
9	1	0.893333333333	0.093333333333	1	0.113080000000	0.000000000000	0.029164433205	0.000000000000	6000
9	1	0.893333333333	0.093333333333	2	0.129853333333	0.000000000000	0.028464204223	0.000000000000	20000
9	1	0.893333333333	0.093333333333	3	0.000000000000	0.150026666667	0.000000000000	0.015775626184	16000
9	1	0.893333333333	0.093333333333	4	0.143893333333	0.000000000000	0.018459096656	0.000000000000	22000
9	1	0.893333333333	0.093333333333	5	0.103773333333	0.062146666667	0.031494593513	0.024027119220	30000
9	2	0.893333333333	0.200000000000	1	0.000000000000	0.125013333333	0.000000000000	0.029621492376	22000
9	2	0.893333333333	0.200000000000	2	0.121706666667	0.000000000000	0.030230982655	0.000000000000	10000
9	2	0.893333333333	0.200000000000	3	0.140626666667	0.000000000000	0.020981546463	0.000000000000	30000
9	2	0.893333333333	0.200000000000	4	0.000000000000	0.135600000000	0.000000000000	0.023949303219	26000
9	2	0.893333333333	0.200000000000	5	0.148866666667	0.000000000000	0.027220720679	0.000000000000	20000
9	3	0.893333333333	0.293333333333	1	0.000000000000	0.128240000000	0.000000000000	0.025049659499	12000
9	3	0.893333333333	0.293333333333	2	0.000000000000	0.149960000000	0.000000000000	0.022073540648	8000
9	3	0.893333333333	0.293333333333	3	0.000000000000	0.126533333333	0.000000000000	0.038325302723	16000
9	3	0.893333333333	0.293333333333	4	0.000000000000	0.128240000000	0.000000000000	0.025514223441	26000
9	3	0.893333333333	0.293333333333	5	0.124413333333	0.000000000000	0.025365096081	0.000000000000	8000
9	4	0.893333333333	0.400000000000	1	0.000000000000	0.160693333333	0.000000000000	0.019917730917	24000
9	4	0.893333333333	0.400000000000	2	0.000000000000	0.140266666667	0.000000000000	0.026712006834	30000
9	4	0.893333333333	0.400000000000	3	0.000000000000	0.123426666667	0.000000000000	0.031287789475	14000
9	4	0.893333333333	0.400000000000	4	0.000000000000	0.141266666667	0.000000000000	0.022838209344	30000
9	4	0.893333333333	0.400000000000	5	0.000000000000	0.147773333333	0.000000000000	0.021535375423	14000
9	5	0.893333333333	0.493333333333	1	0.000000000000	0.152813333333	0.000000000000	0.027131350033	8000
9	5	0.893333333333	0.493333333333	2	0.148133333333	0.000000000000	0.021699149184	0.000000000000	24000
9	5	0.893333333333	0.493333333333	3	0.148440000000	0.000000000000	0.023462148836	0.000000000000	22000
9	5	0.893333333333	0.493333333333	4	0.138373333333	0.000000000000	0.022540724523	0.000000000000	30000
9	5	0.893333333333	0.493333333333	5	0.157493333333	0.000000000000	0.028363297665	0.000000000000	30000
9	6	0.893333333333	0.600000000000	1	0.143720000000	0.000000000000	0.022170747189	0.000000000000	28000
9	6	0.893333333333	0.600000000000	2	0.135026666667	0.024346666667	0.028269705391	0.032560883656	8000
9	6	0.893333333333	0.600000000000	3	0.000000000000	0.145960000000	0.000000000000	0.025142250396	30000
9	6	0.893333333333	0.600000000000	4	0.124946666667	0.000000000000	0.045609083033	0.000000000000	18000
9	6	0.893333333333	0.600000000000	5	0.000000000000	0.159560000000	0.000000000000	0.022480623771	30000
9	7	0.893333333333	0.693333333333	1	0.132200000000	0.000000000000	0.025893959987	0.000000000000	22000
9	7	0.893333333333	0.693333333333	2	0.000000000000	0.150480000000	0.000000000000	0.024511525030	14000
9	7	0.893333333333	0.693333333333	3	0.000000000000	0.159280000000	0.000000000000	0.020961575664	16000
9	7	0.893333333333	0.693333333333	4	0.153560000000	0.000000000000	0.029152446793	0.000000000000	14000
9	7	0.893333333333	0.693333333333	5	0.132960000000	0.000000000000	0.027537389472	0.000000000000	30000
9	8	0.893333333333	0.800000000000	1	0.000000000000	0.132586666667	0.000000000000	0.026239026868	30000
9	8	0.893333333333	0.800000000000	2	0.000000000000	0.143333333333	0.000000000000	0.023049660353	30000
9	8	0.893333333333	0.800000000000	3	0.000000000000	0.140720000000	0.000000000000	0.028539767703	16000
9	8	0.893333333333	0.800000000000	4	0.000000000000	0.144960000000	0.000000000000	0.018053990384	20000
9	8	0.893333333333	0.800000000000	5	0.117333333333	0.000000000000	0.021551437643	0.000000000000	28000
9	9	0.893333333333	0.893333333333	1	0.142720000000	0.000000000000	0.023060790679	0.000000000000	10000
9	9	0.893333333333	0.893333333333	2	0.154280000000	0.000000000000	0.026948655853	0.000000000000	16000
9	9	0.893333333333	0.893333333333	3	0.150800000000	0.000000000000	0.026766247170	0.000000000000	30000
9	9	0.893333333333	0.893333333333	4	0.133413333333	0.000000000000	0.021460266353	0.000000000000	12000
9	9	0.893333333333	0.893333333333	5	0.139693333333	0.000000000000	0.039688411589	0.000000000000	28000
9	10	0.893333333333	1.000000000000	1	0.000000000000	1.000000000000	0.000000000000	0.000000000000	6000
9	10	0.893333333333	1.000000000000	2	0.000000000000	1.000000000000	0.000000000000	0.000000000000	6000
9	10	0.893333333333	1.000000000000	3	0.000000000000	1.000000000000	0.000000000000	0.000000000000	6000
9	10	0.893333333333	1.000000000000	4	0.000000000000	1.000000000000	0.000000000000	0.000000000000	6000
9	10	0.893333333333	1.000000000000	5	0.000000000000	1.000000000000	0.000000000000	0.000000000000	6000
10	0	1.000000000000	0.000000000000	1	1.000000000000	0.000000000000	0.000000000000	0.000000000000	4000
10	0	1.000000000000	0.000000000000	2	1.000000000000	0.000000000000	0.000000000000	0.000000000000	4000
10	0	1.000000000000	0.000000000000	3	1.000000000000	0.000000000000	0.000000000000	0.000000000000	4000
10	0	1.000000000000	0.000000000000	4	1.000000000000	0.000000000000	0.000000000000	0.000000000000	4000
10	0	1.000000000000	0.000000000000	5	1.000000000000	0.000000000000	0.000000000000	0.000000000000	4000
10	1	1.000000000000	0.093333333333	1	1.000000000000	0.000000000000	0.000000000000	0.000000000000	6000
10	1	1.000000000000	0.093333333333	2	1.000000000000	0.000000000000	0.000000000000	0.000000000000	6000
10	1	1.000000000000	0.093333333333	3	1.000000000000	0.000000000000	0.000000000000	0.000000000000	6000
10	1	1.000000000000	0.093333333333	4	1.000000000000	0.000000000000	0.000000000000	0.000000000000	6000
10	1	1.000000000000	0.093333333333	5	1.000000000000	0.000000000000	0.000000000000	0.000000000000	6000
10	2	1.000000000000	0.200000000000	1	1.000000000000	0.000000000000	0.000000000000	0.000000000000	6000
10	2	1.000000000000	0.200000000000	2	1.000000000000	0.000000000000	0.000000000000	0.000000000000	6000
10	2	1.000000000000	0.200000000000	3	1.000000000000	0.000000000000	0.000000000000	0.000000000000	6000
10	2	1.000000000000	0.200000000000	4	1.000000000000	0.000000000000	0.000000000000	0.000000000000	6000
10	2	1.000000000000	0.200000000000	5	1.000000000000	0.000000000000	0.000000000000	0.000000000000	6000
10	3	1.000000000000	0.293333333333	1	1.000000000000	0.000000000000	0.000000000000	0.000000000000	6000
10	3	1.000000000000	0.293333333333	2	1.000000000000	0.000000000000	0.000000000000	0.000000000000	6000
10	3	1.000000000000	0.293333333333	3	1.000000000000	0.000000000000	0.000000000000	0.000000000000	6000
10	3	1.000000000000	0.293333333333	4	1.000000000000	0.000000000000	0.000000000000	0.000000000000	6000
10	3	1.000000000000	0.293333333333	5	1.000000000000	0.000000000000	0.000000000000	0.000000000000	6000
10	4	1.000000000000	0.400000000000	1	1.000000000000	0.000000000000	0.000000000000	0.000000000000	6000
10	4	1.000000000000	0.400000000000	2	1.000000000000	0.000000000000	0.000000000000	0.000000000000	6000
10	4	1.000000000000	0.400000000000	3	1.000000000000	0.000000000000	0.000000000000	0.000000000000	6000
10	4	1.000000000000	0.400000000000	4	1.000000000000	0.000000000000	0.000000000000	0.000000000000	6000
10	4	1.000000000000	0.400000000000	5	1.000000000000	0.000000000000	0.000000000000	0.000000000000	6000
10	5	1.000000000000	0.493333333333	1	1.000000000000	0.000000000000	0.000000000000	0.000000000000	6000
10	5	1.000000000000	0.493333333333	2	1.000000000000	0.000000000000	0.000000000000	0.000000000000	6000
10	5	1.000000000000	0.493333333333	3	1.000000000000	0.000000000000	0.000000000000	0.000000000000	6000
10	5	1.000000000000	0.493333333333	4	1.000000000000	0.000000000000	0.000000000000	0.000000000000	6000
10	5	1.000000000000	0.493333333333	5	1.000000000000	0.000000000000	0.000000000000	0.000000000000	6000
10	6	1.000000000000	0.600000000000	1	1.000000000000	0.000000000000	0.000000000000	0.000000000000	6000
10	6	1.000000000000	0.600000000000	2	1.000000000000	0.000000000000	0.000000000000	0.000000000000	6000
10	6	1.000000000000	0.600000000000	3	1.000000000000	0.000000000000	0.000000000000	0.000000000000	6000
10	6	1.000000000000	0.600000000000	4	1.000000000000	0.000000000000	0.000000000000	0.000000000000	6000
10	6	1.000000000000	0.600000000000	5	1.000000000000	0.000000000000	0.000000000000	0.000000000000	6000
10	7	1.000000000000	0.693333333333	1	1.000000000000	0.000000000000	0.000000000000	0.000000000000	6000
10	7	1.000000000000	0.693333333333	2	1.000000000000	0.000000000000	0.000000000000	0.000000000000	6000
10	7	1.000000000000	0.693333333333	3	1.000000000000	0.000000000000	0.000000000000	0.000000000000	6000
10	7	1.000000000000	0.693333333333	4	1.000000000000	0.000000000000	0.000000000000	0.000000000000	6000
10	7	1.000000000000	0.693333333333	5	1.000000000000	0.000000000000	0.000000000000	0.000000000000	6000
10	8	1.000000000000	0.800000000000	1	1.000000000000	0.000000000000	0.000000000000	0.000000000000	6000
10	8	1.000000000000	0.800000000000	2	1.000000000000	0.000000000000	0.000000000000	0.000000000000	6000
10	8	1.000000000000	0.800000000000	3	1.000000000000	0.000000000000	0.000000000000	0.000000000000	6000
10	8	1.000000000000	0.800000000000	4	1.000000000000	0.000000000000	0.000000000000	0.000000000000	6000
10	8	1.000000000000	0.800000000000	5	1.000000000000	0.000000000000	0.000000000000	0.000000000000	6000
10	9	1.000000000000	0.893333333333	1	1.000000000000	0.000000000000	0.000000000000	0.000000000000	6000
10	9	1.000000000000	0.893333333333	2	1.000000000000	0.000000000000	0.000000000000	0.000000000000	6000
10	9	1.000000000000	0.893333333333	3	1.000000000000	0.000000000000	0.000000000000	0.000000000000	6000
10	9	1.000000000000	0.893333333333	4	1.000000000000	0.000000000000	0.000000000000	0.000000000000	6000
10	9	1.000000000000	0.893333333333	5	1.000000000000	0.000000000000	0.000000000000	0.000000000000	6000
10	10	1.000000000000	1.000000000000	1	1.000000000000	1.000000000000	0.000000000000	0.000000000000	4000
10	10	1.000000000000	1.000000000000	2	1.000000000000	1.000000000000	0.000000000000	0.000000000000	4000
10	10	1.000000000000	1.000000000000	3	1.000000000000	1.000000000000	0.000000000000	0.000000000000	4000
10	10	1.000000000000	1.000000000000	4	1.000000000000	1.000000000000	0.000000000000	0.000000000000	4000
10	10	1.000000000000	1.000000000000	5	1.000000000000	1.000000000000	0.000000000000	0.000000000000	4000
