# scan initial plane
# b 1.3
# r 0
# e -0.4
# p12 0.1
# ndiv 10
# n_reps 5
# A:(0,1),	A':(0,0.133),	B:(1,0),	B'=(0.133,0),	C:(1,1),	D:(0,0),	E:(0.108,0.108) 
# columns: ix iy x1_0 x2_0 rep x1_inf x2_inf sigma_1 sigma_2 t_relax
0	0	0.000000000000	0.000000000000	1	0.000000000000	0.000000000000	0.000000000000	0.000000000000	4000
0	0	0.000000000000	0.000000000000	2	0.000000000000	0.000000000000	0.000000000000	0.000000000000	4000
0	0	0.000000000000	0.000000000000	3	0.000000000000	0.000000000000	0.000000000000	0.000000000000	4000
0	0	0.000000000000	0.000000000000	4	0.000000000000	0.000000000000	0.000000000000	0.000000000000	4000
0	0	0.000000000000	0.000000000000	5	0.000000000000	0.000000000000	0.000000000000	0.000000000000	4000
0	1	0.000000000000	0.100000000000	1	0.000000000000	0.095250000000	0.000000000000	0.020148038203	6000
0	1	0.000000000000	0.100000000000	2	0.000000000000	0.095460000000	0.000000000000	0.016854449634	20000
0	1	0.000000000000	0.100000000000	3	0.000000000000	0.085630000000	0.000000000000	0.016621653930	12000
0	1	0.000000000000	0.100000000000	4	0.000000000000	0.094250000000	0.000000000000	0.013484039429	12000
0	1	0.000000000000	0.100000000000	5	0.000000000000	0.097840000000	0.000000000000	0.018040506087	18000
0	2	0.000000000000	0.200000000000	1	0.000000000000	0.099140000000	0.000000000000	0.012498664593	12000
0	2	0.000000000000	0.200000000000	2	0.000000000000	0.086350000000	0.000000000000	0.013688128611	14000
0	2	0.000000000000	0.200000000000	3	0.000000000000	0.083870000000	0.000000000000	0.014904537740	30000
0	2	0.000000000000	0.200000000000	4	0.000000000000	0.093050000000	0.000000000000	0.016470238880	30000
0	2	0.000000000000	0.200000000000	5	0.000000000000	0.093070000000	0.000000000000	0.014334593841	30000
0	3	0.000000000000	0.300000000000	1	0.000000000000	0.092500000000	0.000000000000	0.017065791550	6000
0	3	0.000000000000	0.300000000000	2	0.000000000000	0.095180000000	0.000000000000	0.010708981384	6000
0	3	0.000000000000	0.300000000000	3	0.000000000000	0.089240000000	0.000000000000	0.013107028427	4000
0	3	0.000000000000	0.300000000000	4	0.000000000000	0.098420000000	0.000000000000	0.012730501391	22000
0	3	0.000000000000	0.300000000000	5	0.000000000000	0.089830000000	0.000000000000	0.020510772579	24000
0	4	0.000000000000	0.400000000000	1	0.000000000000	0.106730000000	0.000000000000	0.015047708581	12000
0	4	0.000000000000	0.400000000000	2	0.000000000000	0.085940000000	0.000000000000	0.017274687112	22000
0	4	0.000000000000	0.400000000000	3	0.000000000000	0.091680000000	0.000000000000	0.014703529977	4000
0	4	0.000000000000	0.400000000000	4	0.000000000000	0.094340000000	0.000000000000	0.013127708739	30000
0	4	0.000000000000	0.400000000000	5	0.000000000000	0.091700000000	0.000000000000	0.016160791168	22000
0	5	0.000000000000	0.500000000000	1	0.000000000000	0.091370000000	0.000000000000	0.015114613841	18000
0	5	0.000000000000	0.500000000000	2	0.000000000000	0.085420000000	0.000000000000	0.017062084126	6000
0	5	0.000000000000	0.500000000000	3	0.000000000000	0.082580000000	0.000000000000	0.018403322588	14000
0	5	0.000000000000	0.500000000000	4	0.000000000000	0.094700000000	0.000000000000	0.014714840350	16000
0	5	0.000000000000	0.500000000000	5	0.000000000000	0.086610000000	0.000000000000	0.015813220986	18000
0	6	0.000000000000	0.600000000000	1	0.000000000000	0.086460000000	0.000000000000	0.016526994329	30000
0	6	0.000000000000	0.600000000000	2	0.000000000000	0.087240000000	0.000000000000	0.013927540213	6000
0	6	0.000000000000	0.600000000000	3	0.000000000000	0.085300000000	0.000000000000	0.016290346079	28000
0	6	0.000000000000	0.600000000000	4	0.000000000000	0.090100000000	0.000000000000	0.013541542503	10000
0	6	0.000000000000	0.600000000000	5	0.000000000000	0.088630000000	0.000000000000	0.017998529025	20000
0	7	0.000000000000	0.700000000000	1	0.000000000000	0.087150000000	0.000000000000	0.015238428715	14000
0	7	0.000000000000	0.700000000000	2	0.000000000000	0.077650000000	0.000000000000	0.015582692974	30000
0	7	0.000000000000	0.700000000000	3	0.000000000000	0.089200000000	0.000000000000	0.013818500315	30000
0	7	0.000000000000	0.700000000000	4	0.000000000000	0.090440000000	0.000000000000	0.017570290695	10000
0	7	0.000000000000	0.700000000000	5	0.000000000000	0.079850000000	0.000000000000	0.017663224210	8000
0	8	0.000000000000	0.800000000000	1	0.000000000000	0.087850000000	0.000000000000	0.009938625472	18000
0	8	0.000000000000	0.800000000000	2	0.000000000000	0.084200000000	0.000000000000	0.017159675243	6000
0	8	0.000000000000	0.800000000000	3	0.000000000000	0.079400000000	0.000000000000	0.011720809587	6000
0	8	0.000000000000	0.800000000000	4	0.000000000000	0.088680000000	0.000000000000	0.015655756216	12000
0	8	0.000000000000	0.800000000000	5	0.000000000000	0.083110000000	0.000000000000	0.016102396939	26000
0	9	0.000000000000	0.900000000000	1	0.000000000000	0.091390000000	0.000000000000	0.014462955337	12000
0	9	0.000000000000	0.900000000000	2	0.000000000000	0.096740000000	0.000000000000	0.015059853890	24000
0	9	0.000000000000	0.900000000000	3	0.000000000000	0.092490000000	0.000000000000	0.016911117228	30000
0	9	0.000000000000	0.900000000000	4	0.000000000000	0.087770000000	0.000000000000	0.015452050539	18000
0	9	0.000000000000	0.900000000000	5	0.000000000000	0.085180000000	0.000000000000	0.014858949774	20000
0	10	0.000000000000	1.000000000000	1	0.000000000000	1.000000000000	0.000000000000	0.000000000000	4000
0	10	0.000000000000	1.000000000000	2	0.000000000000	1.000000000000	0.000000000000	0.000000000000	4000
0	10	0.000000000000	1.000000000000	3	0.000000000000	1.000000000000	0.000000000000	0.000000000000	4000
0	10	0.000000000000	1.000000000000	4	0.000000000000	1.000000000000	0.000000000000	0.000000000000	4000
0	10	0.000000000000	1.000000000000	5	0.000000000000	1.000000000000	0.000000000000	0.000000000000	4000
1	0	0.100000000000	0.000000000000	1	0.089760000000	0.000000000000	0.016906455224	0.000000000000	30000
1	0	0.100000000000	0.000000000000	2	0.090650000000	0.000000000000	0.014348636987	0.000000000000	8000
1	0	0.100000000000	0.000000000000	3	0.089030000000	0.000000000000	0.017258532874	0.000000000000	30000
1	0	0.100000000000	0.000000000000	4	0.101510000000	0.000000000000	0.012891318245	0.000000000000	22000
1	0	0.100000000000	0.000000000000	5	0.090830000000	0.000000000000	0.014388124204	0.000000000000	30000
1	1	0.100000000000	0.100000000000	1	0.063420000000	0.075640000000	0.019361778805	0.016292816081	30000
1	1	0.100000000000	0.100000000000	2	0.073150000000	0.056230000000	0.020924036783	0.019613051057	4000
1	1	0.100000000000	0.100000000000	3	0.000000000000	0.087370000000	0.000000000000	0.019119326574	30000
1	1	0.100000000000	0.100000000000	4	0.082630000000	0.063870000000	0.013592934483	0.013187001062	30000
1	1	0.100000000000	0.100000000000	5	0.069810000000	0.073560000000	0.020810982605	0.015924194798	30000
1	2	0.100000000000	0.200000000000	1	0.000000000000	0.083240000000	0.000000000000	0.014802753849	30000
1	2	0.100000000000	0.200000000000	2	0.035540000000	0.074090000000	0.018221976853	0.015369063345	30000
1	2	0.100000000000	0.200000000000	3	0.078000000000	0.067870000000	0.011150081808	0.012398258620	30000
1	2	0.100000000000	0.200000000000	4	0.061190000000	0.060980000000	0.015300915594	0.012860987715	30000
1	2	0.100000000000	0.200000000000	5	0.090100000000	0.072610000000	0.016955160792	0.014680034176	22000
1	3	0.100000000000	0.300000000000	1	0.062980000000	0.072570000000	0.015606510281	0.014584505744	30000
1	3	0.100000000000	0.300000000000	2	0.057760000000	0.067870000000	0.014006376354	0.012284706509	30000
1	3	0.100000000000	0.300000000000	3	0.000000000000	0.088560000000	0.000000000000	0.011698857349	20000
1	3	0.100000000000	0.300000000000	4	0.000000000000	0.099930000000	0.000000000000	0.018270985987	30000
1	3	0.100000000000	0.300000000000	5	0.069560000000	0.067430000000	0.016262560403	0.012200161636	30000
1	4	0.100000000000	0.400000000000	1	0.061190000000	0.067680000000	0.014666253748	0.016855316719	30000
1	4	0.100000000000	0.400000000000	2	0.081120000000	0.059040000000	0.013672327254	0.016085308114	30000
1	4	0.100000000000	0.400000000000	3	0.070020000000	0.066940000000	0.016807203280	0.012899721036	30000
1	4	0.100000000000	0.400000000000	4	0.012460000000	0.091490000000	0.012795003404	0.016803638364	30000
1	4	0.100000000000	0.400000000000	5	0.065670000000	0.086280000000	0.015478717346	0.015152266866	30000
1	5	0.100000000000	0.500000000000	1	0.068360000000	0.065960000000	0.012941324425	0.023892451721	30000
1	5	0.100000000000	0.500000000000	2	0.088300000000	0.000000000000	0.017833340350	0.000000000000	30000
1	5	0.100000000000	0.500000000000	3	0.076450000000	0.072240000000	0.016774351817	0.015582850356	6000
1	5	0.100000000000	0.500000000000	4	0.053700000000	0.066050000000	0.020845732046	0.018238150403	30000
1	5	0.100000000000	0.500000000000	5	0.000000000000	0.097430000000	0.000000000000	0.016067148261	20000
1	6	0.100000000000	0.600000000000	1	0.073610000000	0.069100000000	0.018209873682	0.015100265495	30000
1	6	0.100000000000	0.600000000000	2	0.035790000000	0.096840000000	0.014056083148	0.019789037521	30000
1	6	0.100000000000	0.600000000000	3	0.000000000000	0.091690000000	0.000000000000	0.016867970489	30000
1	6	0.100000000000	0.600000000000	4	0.070360000000	0.063600000000	0.017394624830	0.014534484898	30000
1	6	0.100000000000	0.600000000000	5	0.092700000000	0.000000000000	0.013018428457	0.000000000000	12000
1	7	0.100000000000	0.700000000000	1	0.077330000000	0.078460000000	0.015697691471	0.016867510572	30000
1	7	0.100000000000	0.700000000000	2	0.073610000000	0.064900000000	0.015713523310	0.015093635010	30000
1	7	0.100000000000	0.700000000000	3	0.000000000000	0.085340000000	0.000000000000	0.018531805844	30000
1	7	0.100000000000	0.700000000000	4	0.000000000000	0.085420000000	0.000000000000	0.018296402880	28000
1	7	0.100000000000	0.700000000000	5	0.000000000000	0.094350000000	0.000000000000	0.019254824025	20000
1	8	0.100000000000	0.800000000000	1	0.047410000000	0.075320000000	0.012663026978	0.015967233716	30000
1	8	0.100000000000	0.800000000000	2	0.058480000000	0.068060000000	0.017087468554	0.013936664975	30000
1	8	0.100000000000	0.800000000000	3	0.053740000000	0.078500000000	0.012726915352	0.020571173354	30000
1	8	0.100000000000	0.800000000000	4	0.064750000000	0.073160000000	0.012731834102	0.020776093137	30000
1	8	0.100000000000	0.800000000000	5	0.000000000000	0.094820000000	0.000000000000	0.014593854206	24000
1	9	0.100000000000	0.900000000000	1	0.041910000000	0.085380000000	0.023537330050	0.014291950877	30000
1	9	0.100000000000	0.900000000000	2	0.000000000000	0.080100000000	0.000000000000	0.017107971320	30000
1	9	0.100000000000	0.900000000000	3	0.000000000000	0.088790000000	0.000000000000	0.016331031890	20000
1	9	0.100000000000	0.900000000000	4	0.100970000000	0.000000000000	0.012153468921	0.000000000000	12000
1	9	0.100000000000	0.900000000000	5	0.073700000000	0.087350000000	0.020501959183	0.011251848919	30000
1	10	0.100000000000	1.000000000000	1	0.000000000000	1.000000000000	0.000000000000	0.000000000000	6000
1	10	0.100000000000	1.000000000000	2	0.000000000000	1.000000000000	0.000000000000	0.000000000000	6000
1	10	0.100000000000	1.000000000000	3	0.000000000000	1.000000000000	0.000000000000	0.000000000000	6000
1	10	0.100000000000	1.000000000000	4	0.000000000000	1.000000000000	0.000000000000	0.000000000000	6000
1	10	0.100000000000	1.000000000000	5	0.000000000000	1.000000000000	0.000000000000	0.000000000000	6000
2	0	0.200000000000	0.000000000000	1	0.092800000000	0.000000000000	0.014428034106	0.000000000000	6000
2	0	0.200000000000	0.000000000000	2	0.100610000000	0.000000000000	0.013766532512	0.000000000000	4000
2	0	0.200000000000	0.000000000000	3	0.086680000000	0.000000000000	0.015000086753	0.000000000000	30000
2	0	0.200000000000	0.000000000000	4	0.091730000000	0.000000000000	0.013553257571	0.000000000000	30000
2	0	0.200000000000	0.000000000000	5	0.092400000000	0.000000000000	0.013979822439	0.000000000000	10000
2	1	0.200000000000	0.100000000000	1	0.000000000000	0.089880000000	0.000000000000	0.016144542305	22000
2	1	0.200000000000	0.100000000000	2	0.066390000000	0.078930000000	0.027514085937	0.020088769466	30000
2	1	0.200000000000	0.100000000000	3	0.077270000000	0.034640000000	0.018968576829	0.020016769746	30000
2	1	0.200000000000	0.100000000000	4	0.079940000000	0.000000000000	0.013151781985	0.000000000000	10000
2	1	0.200000000000	0.100000000000	5	0.000000000000	0.085040000000	0.000000000000	0.014134999052	18000
2	2	0.200000000000	0.200000000000	1	0.055320000000	0.072870000000	0.014829616230	0.012198848795	30000
2	2	0.200000000000	0.200000000000	2	0.100040000000	0.000000000000	0.013681578329	0.000000000000	14000
2	2	0.200000000000	0.200000000000	3	0.081180000000	0.000000000000	0.014560893503	0.000000000000	10000
2	2	0.200000000000	0.200000000000	4	0.000000000000	0.088490000000	0.000000000000	0.016077262776	26000
2	2	0.200000000000	0.200000000000	5	0.070460000000	0.068930000000	0.013725041959	0.013399053498	30000
2	3	0.200000000000	0.300000000000	1	0.067840000000	0.082810000000	0.016607534742	0.015226153018	30000
2	3	0.200000000000	0.300000000000	2	0.000000000000	0.100180000000	0.000000000000	0.019762544324	28000
2	3	0.200000000000	0.300000000000	3	0.000000000000	0.089100000000	0.000000000000	0.017512758112	14000
2	3	0.200000000000	0.300000000000	4	0.000000000000	0.080770000000	0.000000000000	0.020157217403	12000
2	3	0.200000000000	0.300000000000	5	0.086370000000	0.066780000000	0.019419067954	0.017044709505	30000
2	4	0.200000000000	0.400000000000	1	0.079340000000	0.072130000000	0.018966394600	0.015627133688	30000
2	4	0.200000000000	0.400000000000	2	0.068950000000	0.080850000000	0.016555107114	0.014559858842	30000
2	4	0.200000000000	0.400000000000	3	0.073910000000	0.067790000000	0.014184960808	0.012758474779	30000
2	4	0.200000000000	0.400000000000	4	0.000000000000	0.083760000000	0.000000000000	0.017086671834	28000
2	4	0.200000000000	0.400000000000	5	0.083510000000	0.073530000000	0.022277256927	0.018611434267	30000
2	5	0.200000000000	0.500000000000	1	0.084720000000	0.000000000000	0.016241471158	0.000000000000	30000
2	5	0.200000000000	0.500000000000	2	0.098520000000	0.000000000000	0.015609396313	0.000000000000	14000
2	5	0.200000000000	0.500000000000	3	0.055020000000	0.067670000000	0.009353453217	0.017104492499	30000
2	5	0.200000000000	0.500000000000	4	0.060150000000	0.080620000000	0.016527269909	0.016020994734	30000
2	5	0.200000000000	0.500000000000	5	0.075000000000	0.055310000000	0.015951628583	0.020340049597	8000
2	6	0.200000000000	0.600000000000	1	0.058930000000	0.096540000000	0.017699388926	0.020563347277	30000
2	6	0.200000000000	0.600000000000	2	0.000000000000	0.096140000000	0.000000000000	0.011560018773	18000
2	6	0.200000000000	0.600000000000	3	0.071530000000	0.073190000000	0.013066362532	0.022018372072	30000
2	6	0.200000000000	0.600000000000	4	0.066430000000	0.068220000000	0.022818321055	0.019570759173	30000
2	6	0.200000000000	0.600000000000	5	0.073940000000	0.075120000000	0.020437565758	0.016711219730	30000
2	7	0.200000000000	0.700000000000	1	0.079920000000	0.066630000000	0.022766464634	0.016149424259	30000
2	7	0.200000000000	0.700000000000	2	0.000000000000	0.084260000000	0.000000000000	0.020451666697	30000
2	7	0.200000000000	0.700000000000	3	0.072900000000	0.079540000000	0.015100265495	0.012479749362	30000
2	7	0.200000000000	0.700000000000	4	0.086140000000	0.000000000000	0.018249203638	0.000000000000	30000
2	7	0.200000000000	0.700000000000	5	0.074920000000	0.077070000000	0.021024643532	0.018407986146	30000
2	8	0.200000000000	0.800000000000	1	0.087640000000	0.000000000000	0.019157176133	0.000000000000	30000
2	8	0.200000000000	0.800000000000	2	0.077300000000	0.047280000000	0.017152381881	0.014873561202	30000
2	8	0.200000000000	0.800000000000	3	0.073440000000	0.047820000000	0.013869346010	0.011205943654	30000
2	8	0.200000000000	0.800000000000	4	0.094340000000	0.000000000000	0.018267405347	0.000000000000	26000
2	8	0.200000000000	0.800000000000	5	0.062770000000	0.071680000000	0.015154430268	0.015205551907	30000
2	9	0.200000000000	0.900000000000	1	0.086200000000	0.062840000000	0.016656453327	0.018468228813	30000
2	9	0.200000000000	0.900000000000	2	0.083510000000	0.049410000000	0.017997327685	0.028979159610	30000
2	9	0.200000000000	0.900000000000	3	0.072700000000	0.065080000000	0.010631228669	0.013082995252	30000
2	9	0.200000000000	0.900000000000	4	0.087460000000	0.000000000000	0.012284107591	0.000000000000	14000
2	9	0.200000000000	0.900000000000	5	0.084480000000	0.051570000000	0.015243423564	0.017887287526	30000
2	10	0.200000000000	1.000000000000	1	0.000000000000	1.000000000000	0.000000000000	0.000000000000	6000
2	10	0.200000000000	1.000000000000	2	0.000000000000	1.000000000000	0.000000000000	0.000000000000	6000
2	10	0.200000000000	1.000000000000	3	0.000000000000	1.000000000000	0.000000000000	0.000000000000	6000
2	10	0.200000000000	1.000000000000	4	0.000000000000	1.000000000000	0.000000000000	0.000000000000	6000
2	10	0.200000000000	1.000000000000	5	0.000000000000	1.000000000000	0.000000000000	0.000000000000	6000
3	0	0.300000000000	0.000000000000	1	0.089690000000	0.000000000000	0.014346069486	0.000000000000	4000
3	0	0.300000000000	0.000000000000	2	0.100720000000	0.000000000000	0.014432251726	0.000000000000	30000
3	0	0.300000000000	0.000000000000	3	0.084020000000	0.000000000000	0.013535982522	0.000000000000	6000
3	0	0.300000000000	0.000000000000	4	0.085260000000	0.000000000000	0.016327859596	0.000000000000	14000
3	0	0.300000000000	0.000000000000	5	0.087970000000	0.000000000000	0.013211875478	0.000000000000	10000
3	1	0.300000000000	0.100000000000	1	0.062800000000	0.071530000000	0.008368394710	0.011631611857	22000
3	1	0.300000000000	0.100000000000	2	0.070570000000	0.079410000000	0.016812428669	0.019762146706	30000
3	1	0.300000000000	0.100000000000	3	0.077150000000	0.056130000000	0.015608367023	0.014998268168	30000
3	1	0.300000000000	0.100000000000	4	0.093060000000	0.000000000000	0.013168515854	0.000000000000	26000
3	1	0.300000000000	0.100000000000	5	0.062040000000	0.080820000000	0.012173191307	0.017873081633	30000
3	2	0.300000000000	0.200000000000	1	0.079070000000	0.056890000000	0.018723933499	0.021058759968	30000
3	2	0.300000000000	0.200000000000	2	0.072840000000	0.062180000000	0.018981430259	0.020646400991	30000
3	2	0.300000000000	0.200000000000	3	0.058140000000	0.071930000000	0.015943481257	0.015761456897	30000
3	2	0.300000000000	0.200000000000	4	0.000000000000	0.092880000000	0.000000000000	0.012659615550	28000
3	2	0.300000000000	0.200000000000	5	0.075500000000	0.064370000000	0.014959069950	0.014359989878	30000
3	3	0.300000000000	0.300000000000	1	0.077020000000	0.046800000000	0.024902605079	0.018468922576	30000
3	3	0.300000000000	0.300000000000	2	0.061700000000	0.084390000000	0.011791906082	0.013266646295	26000
3	3	0.300000000000	0.300000000000	3	0.090320000000	0.000000000000	0.017646784665	0.000000000000	30000
3	3	0.300000000000	0.300000000000	4	0.070350000000	0.065160000000	0.014723936101	0.014456257586	4000
3	3	0.300000000000	0.300000000000	5	0.089670000000	0.052450000000	0.015583129786	0.015156755168	30000
3	4	0.300000000000	0.400000000000	1	0.071660000000	0.072270000000	0.021682124308	0.014938884506	30000
3	4	0.300000000000	0.400000000000	2	0.000000000000	0.079670000000	0.000000000000	0.019984756453	20000
3	4	0.300000000000	0.400000000000	3	0.073290000000	0.077830000000	0.016957696290	0.015421703179	30000
3	4	0.300000000000	0.400000000000	4	0.086450000000	0.070540000000	0.021669496235	0.018970194207	30000
3	4	0.300000000000	0.400000000000	5	0.000000000000	0.088800000000	0.000000000000	0.012966423105	30000
3	5	0.300000000000	0.500000000000	1	0.089870000000	0.000000000000	0.013223386781	0.000000000000	24000
3	5	0.300000000000	0.500000000000	2	0.062420000000	0.056630000000	0.018233926513	0.026488577628	30000
3	5	0.300000000000	0.500000000000	3	0.000000000000	0.091450000000	0.000000000000	0.019276126921	18000
3	5	0.300000000000	0.500000000000	4	0.049600000000	0.072080000000	0.013469276945	0.018417730936	28000
3	5	0.300000000000	0.500000000000	5	0.094980000000	0.000000000000	0.020732328124	0.000000000000	24000
3	6	0.300000000000	0.600000000000	1	0.063470000000	0.081200000000	0.011532219738	0.015270664465	30000
3	6	0.300000000000	0.600000000000	2	0.054840000000	0.059040000000	0.017235761413	0.012800087587	30000
3	6	0.300000000000	0.600000000000	3	0.072990000000	0.075400000000	0.015204969289	0.015864794095	24000
3	6	0.300000000000	0.600000000000	4	0.063610000000	0.070460000000	0.017215233494	0.014233446209	30000
3	6	0.300000000000	0.600000000000	5	0.089210000000	0.000000000000	0.014916380204	0.000000000000	18000
3	7	0.300000000000	0.700000000000	1	0.070740000000	0.057950000000	0.018400842127	0.018784311282	30000
3	7	0.300000000000	0.700000000000	2	0.000000000000	0.085350000000	0.000000000000	0.013837231261	30000
3	7	0.300000000000	0.700000000000	3	0.066550000000	0.070520000000	0.020479670821	0.012275189623	30000
3	7	0.300000000000	0.700000000000	4	0.077360000000	0.080220000000	0.021144206712	0.017597194699	30000
3	7	0.300000000000	0.700000000000	5	0.000000000000	0.106270000000	0.000000000000	0.016972777474	12000
3	8	0.300000000000	0.800000000000	1	0.096220000000	0.000000000000	0.015196793824	0.000000000000	18000
3	8	0.300000000000	0.800000000000	2	0.058290000000	0.085140000000	0.010377070087	0.018550593643	30000
3	8	0.300000000000	0.800000000000	3	0.064770000000	0.057470000000	0.017500095810	0.012249455055	30000
3	8	0.300000000000	0.800000000000	4	0.073040000000	0.062100000000	0.018212360915	0.022110605575	30000
3	8	0.300000000000	0.800000000000	5	0.000000000000	0.100710000000	0.000000000000	0.012064055763	30000
3	9	0.300000000000	0.900000000000	1	0.000000000000	0.100490000000	0.000000000000	0.014976120465	30000
3	9	0.300000000000	0.900000000000	2	0.063720000000	0.055920000000	0.017379978817	0.025167180752	10000
3	9	0.300000000000	0.900000000000	3	0.045490000000	0.086880000000	0.024971653599	0.017359924164	30000
3	9	0.300000000000	0.900000000000	4	0.070750000000	0.056850000000	0.011448518182	0.017466613369	30000
3	9	0.300000000000	0.900000000000	5	0.055160000000	0.065810000000	0.022598342530	0.019113063836	30000
3	10	0.300000000000	1.000000000000	1	0.000000000000	1.000000000000	0.000000000000	0.000000000000	6000
3	10	0.300000000000	1.000000000000	2	0.000000000000	1.000000000000	0.000000000000	0.000000000000	6000
3	10	0.300000000000	1.000000000000	3	0.000000000000	1.000000000000	0.000000000000	0.000000000000	6000
3	10	0.300000000000	1.000000000000	4	0.000000000000	1.000000000000	0.000000000000	0.000000000000	6000
3	10	0.300000000000	1.000000000000	5	0.000000000000	1.000000000000	0.000000000000	0.000000000000	6000
4	0	0.400000000000	0.000000000000	1	0.098430000000	0.000000000000	0.012688423704	0.000000000000	30000
4	0	0.400000000000	0.000000000000	2	0.096690000000	0.000000000000	0.016847187532	0.000000000000	30000
4	0	0.400000000000	0.000000000000	3	0.091970000000	0.000000000000	0.012867971273	0.000000000000	4000
4	0	0.400000000000	0.000000000000	4	0.101680000000	0.000000000000	0.014127178670	0.000000000000	12000
4	0	0.400000000000	0.000000000000	5	0.099620000000	0.000000000000	0.014915699048	0.000000000000	30000
4	1	0.400000000000	0.100000000000	1	0.091200000000	0.000000000000	0.010539026097	0.000000000000	16000
4	1	0.400000000000	0.100000000000	2	0.075100000000	0.072370000000	0.018518448448	0.012721829465	30000
4	1	0.400000000000	0.100000000000	3	0.000000000000	0.085970000000	0.000000000000	0.014347995155	30000
4	1	0.400000000000	0.100000000000	4	0.047710000000	0.073080000000	0.013915802153	0.014633103831	30000
4	1	0.400000000000	0.100000000000	5	0.000000000000	0.084050000000	0.000000000000	0.019826512315	30000
4	2	0.400000000000	0.200000000000	1	0.093700000000	0.000000000000	0.012564548057	0.000000000000	24000
4	2	0.400000000000	0.200000000000	2	0.072270000000	0.066570000000	0.014979034397	0.013065443192	30000
4	2	0.400000000000	0.200000000000	3	0.058300000000	0.076110000000	0.023161313573	0.018977039496	30000
4	2	0.400000000000	0.200000000000	4	0.058260000000	0.057240000000	0.021152300580	0.022620656359	30000
4	2	0.400000000000	0.200000000000	5	0.058330000000	0.074640000000	0.016810523302	0.015228338790	30000
4	3	0.400000000000	0.300000000000	1	0.022070000000	0.079560000000	0.024499292139	0.018513485602	30000
4	3	0.400000000000	0.300000000000	2	0.055820000000	0.078540000000	0.015243357896	0.015188782015	30000
4	3	0.400000000000	0.300000000000	3	0.098360000000	0.000000000000	0.016840249226	0.000000000000	30000
4	3	0.400000000000	0.300000000000	4	0.063580000000	0.059920000000	0.016181639146	0.018426424860	30000
4	3	0.400000000000	0.300000000000	5	0.056470000000	0.076360000000	0.018296826880	0.015098952890	30000
4	4	0.400000000000	0.400000000000	1	0.074480000000	0.048130000000	0.015613243525	0.019803921210	30000
4	4	0.400000000000	0.400000000000	2	0.061760000000	0.057060000000	0.016048674710	0.017597331220	16000
4	4	0.400000000000	0.400000000000	3	0.094640000000	0.000000000000	0.017104472016	0.000000000000	20000
4	4	0.400000000000	0.400000000000	4	0.080150000000	0.058710000000	0.019815906998	0.012457571637	30000
4	4	0.400000000000	0.400000000000	5	0.000000000000	0.093120000000	0.000000000000	0.013676719367	20000
4	5	0.400000000000	0.500000000000	1	0.068140000000	0.088520000000	0.016959599878	0.018208271229	30000
4	5	0.400000000000	0.500000000000	2	0.066620000000	0.057790000000	0.017885622592	0.016495089814	30000
4	5	0.400000000000	0.500000000000	3	0.046110000000	0.078940000000	0.025294420486	0.015235107762	30000
4	5	0.400000000000	0.500000000000	4	0.094380000000	0.000000000000	0.014738820605	0.000000000000	30000
4	5	0.400000000000	0.500000000000	5	0.096110000000	0.000000000000	0.013767986689	0.000000000000	30000
4	6	0.400000000000	0.600000000000	1	0.048100000000	0.079460000000	0.021795987362	0.017743258529	14000
4	6	0.400000000000	0.600000000000	2	0.100830000000	0.000000000000	0.013205509664	0.000000000000	30000
4	6	0.400000000000	0.600000000000	3	0.059480000000	0.080910000000	0.014097103544	0.015534259339	30000
4	6	0.400000000000	0.600000000000	4	0.057220000000	0.068870000000	0.014348431185	0.013319177921	30000
4	6	0.400000000000	0.600000000000	5	0.063020000000	0.071920000000	0.010458919112	0.016582779881	30000
4	7	0.400000000000	0.700000000000	1	0.063890000000	0.065880000000	0.020148793360	0.016312317177	30000
4	7	0.400000000000	0.700000000000	2	0.000000000000	0.088410000000	0.000000000000	0.012414750341	30000
4	7	0.400000000000	0.700000000000	3	0.077420000000	0.077350000000	0.020316406089	0.014201379482	24000
4	7	0.400000000000	0.700000000000	4	0.067740000000	0.076350000000	0.018374711699	0.017386195092	30000
4	7	0.400000000000	0.700000000000	5	0.069490000000	0.073040000000	0.016610713886	0.014932561113	30000
4	8	0.400000000000	0.800000000000	1	0.062120000000	0.071430000000	0.015176822327	0.014417453415	30000
4	8	0.400000000000	0.800000000000	2	0.085240000000	0.000000000000	0.012218497931	0.000000000000	30000
4	8	0.400000000000	0.800000000000	3	0.077810000000	0.046930000000	0.017424336645	0.014549460017	30000
4	8	0.400000000000	0.800000000000	4	0.065280000000	0.071820000000	0.018565189637	0.013735948321	30000
4	8	0.400000000000	0.800000000000	5	0.097870000000	0.000000000000	0.014379494771	0.000000000000	30000
4	9	0.400000000000	0.900000000000	1	0.060840000000	0.082680000000	0.020608714640	0.021398025037	28000
4	9	0.400000000000	0.900000000000	2	0.095230000000	0.000000000000	0.018057496315	0.000000000000	30000
4	9	0.400000000000	0.900000000000	3	0.064570000000	0.060870000000	0.014163887733	0.011995290200	30000
4	9	0.400000000000	0.900000000000	4	0.076110000000	0.068200000000	0.028540891410	0.019363236685	30000
4	9	0.400000000000	0.900000000000	5	0.056240000000	0.068260000000	0.022951888576	0.024903666248	30000
4	10	0.400000000000	1.000000000000	1	0.000000000000	1.000000000000	0.000000000000	0.000000000000	6000
4	10	0.400000000000	1.000000000000	2	0.000000000000	1.000000000000	0.000000000000	0.000000000000	6000
4	10	0.400000000000	1.000000000000	3	0.000000000000	1.000000000000	0.000000000000	0.000000000000	6000
4	10	0.400000000000	1.000000000000	4	0.000000000000	1.000000000000	0.000000000000	0.000000000000	6000
4	10	0.400000000000	1.000000000000	5	0.000000000000	1.000000000000	0.000000000000	0.000000000000	6000
5	0	0.500000000000	0.000000000000	1	0.099660000000	0.000000000000	0.012232499092	0.000000000000	12000
5	0	0.500000000000	0.000000000000	2	0.089080000000	0.000000000000	0.011449222012	0.000000000000	30000
5	0	0.500000000000	0.000000000000	3	0.090500000000	0.000000000000	0.019362978204	0.000000000000	6000
5	0	0.500000000000	0.000000000000	4	0.088740000000	0.000000000000	0.012616321634	0.000000000000	22000
5	0	0.500000000000	0.000000000000	5	0.085790000000	0.000000000000	0.015633947688	0.000000000000	24000
5	1	0.500000000000	0.100000000000	1	0.067260000000	0.067380000000	0.024180096714	0.033199967437	30000
5	1	0.500000000000	0.100000000000	2	0.082580000000	0.071890000000	0.017499995710	0.023351085053	30000
5	1	0.500000000000	0.100000000000	3	0.100850000000	0.000000000000	0.015460159007	0.000000000000	22000
5	1	0.500000000000	0.100000000000	4	0.073620000000	0.066040000000	0.012675024902	0.014605880040	30000
5	1	0.500000000000	0.100000000000	5	0.073610000000	0.073960000000	0.011593200693	0.013546287384	30000
5	2	0.500000000000	0.200000000000	1	0.067840000000	0.057380000000	0.016235701340	0.020370335062	30000
5	2	0.500000000000	0.200000000000	2	0.082770000000	0.094920000000	0.018680901372	0.019839031912	30000
5	2	0.500000000000	0.200000000000	3	0.107870000000	0.000000000000	0.011040153304	0.000000000000	30000
5	2	0.500000000000	0.200000000000	4	0.066630000000	0.062790000000	0.013353704408	0.015373752055	22000
5	2	0.500000000000	0.200000000000	5	0.080300000000	0.074260000000	0.015275579967	0.013720081656	30000
5	3	0.500000000000	0.300000000000	1	0.084450000000	0.000000000000	0.013170837899	0.000000000000	22000
5	3	0.500000000000	0.300000000000	2	0.085500000000	0.059950000000	0.016924433120	0.020002439791	30000
5	3	0.500000000000	0.300000000000	3	0.059980000000	0.069070000000	0.014588091459	0.017496892331	30000
5	3	0.500000000000	0.300000000000	4	0.061420000000	0.075730000000	0.017846627191	0.011781591824	30000
5	3	0.500000000000	0.300000000000	5	0.000000000000	0.081160000000	0.000000000000	0.014528092286	30000
5	4	0.500000000000	0.400000000000	1	0.100200000000	0.000000000000	0.011760029690	0.000000000000	14000
5	4	0.500000000000	0.400000000000	2	0.082130000000	0.000000000000	0.014140829646	0.000000000000	30000
5	4	0.500000000000	0.400000000000	3	0.070480000000	0.056750000000	0.011362160829	0.014182335444	30000
5	4	0.500000000000	0.400000000000	4	0.071150000000	0.071910000000	0.016907494296	0.012767729435	30000
5	4	0.500000000000	0.400000000000	5	0.078090000000	0.068990000000	0.014624150087	0.012901408696	30000
5	5	0.500000000000	0.500000000000	1	0.096350000000	0.000000000000	0.017206788590	0.000000000000	30000
5	5	0.500000000000	0.500000000000	2	0.056640000000	0.069130000000	0.016822407479	0.021302509169	30000
5	5	0.500000000000	0.500000000000	3	0.000000000000	0.085940000000	0.000000000000	0.013583110870	30000
5	5	0.500000000000	0.500000000000	4	0.067370000000	0.061300000000	0.013592934483	0.025748261552	30000
5	5	0.500000000000	0.500000000000	5	0.073510000000	0.062680000000	0.013717436643	0.021120219309	24000
5	6	0.500000000000	0.600000000000	1	0.000000000000	0.092600000000	0.000000000000	0.018236572391	30000
5	6	0.500000000000	0.600000000000	2	0.085310000000	0.000000000000	0.010507821578	0.000000000000	30000
5	6	0.500000000000	0.600000000000	3	0.000000000000	0.091610000000	0.000000000000	0.017309174085	12000
5	6	0.500000000000	0.600000000000	4	0.000000000000	0.094780000000	0.000000000000	0.015118868350	22000
5	6	0.500000000000	0.600000000000	5	0.068950000000	0.081390000000	0.014676951758	0.025865748335	30000
5	7	0.500000000000	0.700000000000	1	0.079990000000	0.049710000000	0.017675189173	0.019240220531	30000
5	7	0.500000000000	0.700000000000	2	0.000000000000	0.091770000000	0.000000000000	0.012178481655	16000
5	7	0.500000000000	0.700000000000	3	0.082500000000	0.000000000000	0.011084803691	0.000000000000	12000
5	7	0.500000000000	0.700000000000	4	0.000000000000	0.096930000000	0.000000000000	0.013909297918	24000
5	7	0.500000000000	0.700000000000	5	0.067550000000	0.063650000000	0.020540677190	0.014091702384	30000
5	8	0.500000000000	0.800000000000	1	0.000000000000	0.085930000000	0.000000000000	0.014385480251	30000
5	8	0.500000000000	0.800000000000	2	0.088600000000	0.000000000000	0.014200057804	0.000000000000	18000
5	8	0.500000000000	0.800000000000	3	0.062560000000	0.073560000000	0.016232988323	0.018484265419	30000
5	8	0.500000000000	0.800000000000	4	0.071720000000	0.078870000000	0.020051026000	0.016336768040	8000
5	8	0.500000000000	0.800000000000	5	0.082320000000	0.066910000000	0.014725299129	0.022936389820	16000
5	9	0.500000000000	0.900000000000	1	0.067600000000	0.073450000000	0.011856668191	0.013637576159	30000
5	9	0.500000000000	0.900000000000	2	0.089690000000	0.000000000000	0.011736338511	0.000000000000	30000
5	9	0.500000000000	0.900000000000	3	0.000000000000	0.084950000000	0.000000000000	0.018136328913	30000
5	9	0.500000000000	0.900000000000	4	0.073710000000	0.056460000000	0.012903580991	0.017057530869	30000
5	9	0.500000000000	0.900000000000	5	0.054420000000	0.074680000000	0.012450647317	0.015885526430	30000
5	10	0.500000000000	1.000000000000	1	0.000000000000	1.000000000000	0.000000000000	0.000000000000	6000
5	10	0.500000000000	1.000000000000	2	0.000000000000	1.000000000000	0.000000000000	0.000000000000	6000
5	10	0.500000000000	1.000000000000	3	0.000000000000	1.000000000000	0.000000000000	0.000000000000	6000
5	10	0.500000000000	1.000000000000	4	0.000000000000	1.000000000000	0.000000000000	0.000000000000	6000
5	10	0.500000000000	1.000000000000	5	0.000000000000	1.000000000000	0.000000000000	0.000000000000	6000
6	0	0.600000000000	0.000000000000	1	0.081590000000	0.000000000000	0.014490751598	0.000000000000	18000
6	0	0.600000000000	0.000000000000	2	0.092600000000	0.000000000000	0.010731037003	0.000000000000	14000
6	0	0.600000000000	0.000000000000	3	0.089510000000	0.000000000000	0.012641982428	0.000000000000	10000
6	0	0.600000000000	0.000000000000	4	0.090530000000	0.000000000000	0.015680081791	0.000000000000	30000
6	0	0.600000000000	0.000000000000	5	0.093050000000	0.000000000000	0.018680108309	0.000000000000	24000
6	1	0.600000000000	0.100000000000	1	0.072710000000	0.064060000000	0.014133494106	0.017562027925	30000
6	1	0.600000000000	0.100000000000	2	0.093430000000	0.000000000000	0.013795848123	0.000000000000	10000
6	1	0.600000000000	0.100000000000	3	0.069000000000	0.060340000000	0.011871854992	0.015300931949	30000
6	1	0.600000000000	0.100000000000	4	0.000000000000	0.090280000000	0.000000000000	0.017658806116	16000
6	1	0.600000000000	0.100000000000	5	0.000000000000	0.094650000000	0.000000000000	0.014909721654	14000
6	2	0.600000000000	0.200000000000	1	0.075600000000	0.064280000000	0.017237666232	0.009174190197	30000
6	2	0.600000000000	0.200000000000	2	0.000000000000	0.098430000000	0.000000000000	0.014122129249	30000
6	2	0.600000000000	0.200000000000	3	0.090470000000	0.000000000000	0.015739340101	0.000000000000	20000
6	2	0.600000000000	0.200000000000	4	0.091880000000	0.000000000000	0.010458249135	0.000000000000	30000
6	2	0.600000000000	0.200000000000	5	0.060950000000	0.074180000000	0.017706242148	0.016703490851	26000
6	3	0.600000000000	0.300000000000	1	0.073650000000	0.061850000000	0.018823703988	0.017244560733	30000
6	3	0.600000000000	0.300000000000	2	0.060800000000	0.065970000000	0.017107093635	0.013632495918	30000
6	3	0.600000000000	0.300000000000	3	0.075110000000	0.068000000000	0.019600307959	0.013645005906	30000
6	3	0.600000000000	0.300000000000	4	0.064810000000	0.071670000000	0.010774041952	0.012315143635	30000
6	3	0.600000000000	0.300000000000	5	0.077320000000	0.055980000000	0.022269115688	0.019519749502	30000
6	4	0.600000000000	0.400000000000	1	0.068150000000	0.049970000000	0.014271691602	0.016702636860	8000
6	4	0.600000000000	0.400000000000	2	0.000000000000	0.090720000000	0.000000000000	0.013048059314	30000
6	4	0.600000000000	0.400000000000	3	0.085950000000	0.000000000000	0.017933742474	0.000000000000	20000
6	4	0.600000000000	0.400000000000	4	0.092570000000	0.000000000000	0.022423155396	0.000000000000	16000
6	4	0.600000000000	0.400000000000	5	0.090230000000	0.000000000000	0.013342605635	0.000000000000	30000
6	5	0.600000000000	0.500000000000	1	0.069930000000	0.058100000000	0.014102978196	0.013783322531	30000
6	5	0.600000000000	0.500000000000	2	0.053550000000	0.072540000000	0.020275813390	0.020706935485	30000
6	5	0.600000000000	0.500000000000	3	0.000000000000	0.086240000000	0.000000000000	0.017764514572	12000
6	5	0.600000000000	0.500000000000	4	0.000000000000	0.088820000000	0.000000000000	0.013928445771	30000
6	5	0.600000000000	0.500000000000	5	0.098450000000	0.000000000000	0.017584274415	0.000000000000	16000
6	6	0.600000000000	0.600000000000	1	0.062080000000	0.063900000000	0.013779095161	0.014973784232	30000
6	6	0.600000000000	0.600000000000	2	0.000000000000	0.096790000000	0.000000000000	0.016366544038	30000
6	6	0.600000000000	0.600000000000	3	0.065950000000	0.067610000000	0.019340929956	0.014642482792	30000
6	6	0.600000000000	0.600000000000	4	0.065750000000	0.067180000000	0.018291311382	0.016719064780	30000
6	6	0.600000000000	0.600000000000	5	0.095890000000	0.000000000000	0.012400067002	0.000000000000	30000
6	7	0.600000000000	0.700000000000	1	0.094610000000	0.000000000000	0.016879953579	0.000000000000	30000
6	7	0.600000000000	0.700000000000	2	0.087150000000	0.000000000000	0.015079950428	0.000000000000	30000
6	7	0.600000000000	0.700000000000	3	0.095860000000	0.000000000000	0.015102598733	0.000000000000	28000
6	7	0.600000000000	0.700000000000	4	0.062590000000	0.070910000000	0.011555320222	0.015023235257	30000
6	7	0.600000000000	0.700000000000	5	0.070200000000	0.069300000000	0.009521063525	0.018832542703	24000
6	8	0.600000000000	0.800000000000	1	0.065060000000	0.054860000000	0.018626415204	0.011185057242	30000
6	8	0.600000000000	0.800000000000	2	0.060390000000	0.075400000000	0.015543149278	0.015416798555	30000
6	8	0.600000000000	0.800000000000	3	0.000000000000	0.086540000000	0.000000000000	0.012766808191	30000
6	8	0.600000000000	0.800000000000	4	0.074650000000	0.050690000000	0.013276059421	0.013638545007	30000
6	8	0.600000000000	0.800000000000	5	0.038270000000	0.088700000000	0.029198624277	0.017844562993	30000
6	9	0.600000000000	0.900000000000	1	0.066070000000	0.074640000000	0.017451637736	0.013844206805	30000
6	9	0.600000000000	0.900000000000	2	0.000000000000	0.081570000000	0.000000000000	0.012007467646	12000
6	9	0.600000000000	0.900000000000	3	0.000000000000	0.089090000000	0.000000000000	0.012280990299	30000
6	9	0.600000000000	0.900000000000	4	0.072430000000	0.065680000000	0.012310428370	0.018849214649	30000
6	9	0.600000000000	0.900000000000	5	0.075270000000	0.065880000000	0.016327697134	0.026689659757	30000
6	10	0.600000000000	1.000000000000	1	0.000000000000	1.000000000000	0.000000000000	0.000000000000	6000
6	10	0.600000000000	1.000000000000	2	0.000000000000	1.000000000000	0.000000000000	0.000000000000	6000
6	10	0.600000000000	1.000000000000	3	0.000000000000	1.000000000000	0.000000000000	0.000000000000	6000
6	10	0.600000000000	1.000000000000	4	0.000000000000	1.000000000000	0.000000000000	0.000000000000	6000
6	10	0.600000000000	1.000000000000	5	0.000000000000	1.000000000000	0.000000000000	0.000000000000	6000
7	0	0.700000000000	0.000000000000	1	0.091390000000	0.000000000000	0.016242897886	0.000000000000	18000
7	0	0.700000000000	0.000000000000	2	0.098620000000	0.000000000000	0.012175542856	0.000000000000	18000
7	0	0.700000000000	0.000000000000	3	0.087250000000	0.000000000000	0.013990469371	0.000000000000	8000
7	0	0.700000000000	0.000000000000	4	0.089630000000	0.000000000000	0.014323696041	0.000000000000	8000
7	0	0.700000000000	0.000000000000	5	0.086330000000	0.000000000000	0.016537974622	0.000000000000	20000
7	1	0.700000000000	0.100000000000	1	0.081600000000	0.054460000000	0.015384299681	0.017527567305	30000
7	1	0.700000000000	0.100000000000	2	0.053800000000	0.072100000000	0.018727271844	0.016451767706	30000
7	1	0.700000000000	0.100000000000	3	0.066440000000	0.058800000000	0.016793105979	0.010708626181	30000
7	1	0.700000000000	0.100000000000	4	0.065480000000	0.064600000000	0.013826089858	0.011788934599	30000
7	1	0.700000000000	0.100000000000	5	0.000000000000	0.084560000000	0.000000000000	0.018637428840	30000
7	2	0.700000000000	0.200000000000	1	0.061350000000	0.063630000000	0.018805082588	0.016613220612	30000
7	2	0.700000000000	0.200000000000	2	0.070630000000	0.048170000000	0.014110357976	0.014558951304	30000
7	2	0.700000000000	0.200000000000	3	0.080980000000	0.048870000000	0.014921871942	0.014367655673	30000
7	2	0.700000000000	0.200000000000	4	0.072090000000	0.057740000000	0.013126469602	0.019294161414	16000
7	2	0.700000000000	0.200000000000	5	0.070290000000	0.056780000000	0.015686362292	0.021125290007	10000
7	3	0.700000000000	0.300000000000	1	0.092360000000	0.000000000000	0.012891725897	0.000000000000	20000
7	3	0.700000000000	0.300000000000	2	0.000000000000	0.088430000000	0.000000000000	0.014409814112	24000
7	3	0.700000000000	0.300000000000	3	0.070570000000	0.052110000000	0.013444547440	0.016616979991	30000
7	3	0.700000000000	0.300000000000	4	0.087120000000	0.000000000000	0.016786523982	0.000000000000	24000
7	3	0.700000000000	0.300000000000	5	0.097460000000	0.000000000000	0.013883124329	0.000000000000	28000
7	4	0.700000000000	0.400000000000	1	0.059860000000	0.075410000000	0.017007929611	0.016033994792	30000
7	4	0.700000000000	0.400000000000	2	0.082460000000	0.000000000000	0.009079142626	0.000000000000	24000
7	4	0.700000000000	0.400000000000	3	0.066610000000	0.054890000000	0.018421380167	0.013913356226	30000
7	4	0.700000000000	0.400000000000	4	0.000000000000	0.095230000000	0.000000000000	0.011648295274	30000
7	4	0.700000000000	0.400000000000	5	0.083350000000	0.055830000000	0.016436168886	0.024439893789	30000
7	5	0.700000000000	0.500000000000	1	0.050730000000	0.070140000000	0.021850504446	0.011896298665	18000
7	5	0.700000000000	0.500000000000	2	0.000000000000	0.095930000000	0.000000000000	0.013671942877	24000
7	5	0.700000000000	0.500000000000	3	0.049900000000	0.074410000000	0.017392311304	0.016761051066	30000
7	5	0.700000000000	0.500000000000	4	0.058900000000	0.058460000000	0.016548832704	0.022828700128	30000
7	5	0.700000000000	0.500000000000	5	0.089730000000	0.000000000000	0.015292513232	0.000000000000	30000
7	6	0.700000000000	0.600000000000	1	0.084620000000	0.000000000000	0.016820776990	0.000000000000	10000
7	6	0.700000000000	0.600000000000	2	0.069330000000	0.054860000000	0.022368537088	0.019410233310	30000
7	6	0.700000000000	0.600000000000	3	0.062680000000	0.078350000000	0.012488938048	0.016286274674	30000
7	6	0.700000000000	0.600000000000	4	0.097690000000	0.000000000000	0.012935657356	0.000000000000	30000
7	6	0.700000000000	0.600000000000	5	0.098000000000	0.000000000000	0.013006504879	0.000000000000	30000
7	7	0.700000000000	0.700000000000	1	0.000000000000	0.093980000000	0.000000000000	0.011299879968	18000
7	7	0.700000000000	0.700000000000	2	0.061460000000	0.064710000000	0.017657298213	0.016467759018	30000
7	7	0.700000000000	0.700000000000	3	0.070190000000	0.054730000000	0.014726872743	0.017012246075	30000
7	7	0.700000000000	0.700000000000	4	0.051300000000	0.070550000000	0.022738228318	0.022133399815	30000
7	7	0.700000000000	0.700000000000	5	0.048550000000	0.077770000000	0.020243697965	0.016994584900	30000
7	8	0.700000000000	0.800000000000	1	0.078380000000	0.066620000000	0.012749044597	0.017299562852	30000
7	8	0.700000000000	0.800000000000	2	0.080800000000	0.063520000000	0.019497182877	0.019374854451	30000
7	8	0.700000000000	0.800000000000	3	0.095540000000	0.000000000000	0.014856955581	0.000000000000	30000
7	8	0.700000000000	0.800000000000	4	0.068890000000	0.059610000000	0.017151153374	0.014824562984	10000
7	8	0.700000000000	0.800000000000	5	0.054010000000	0.078450000000	0.013304018073	0.012745978188	16000
7	9	0.700000000000	0.900000000000	1	0.064590000000	0.065710000000	0.016453042351	0.017561443685	30000
7	9	0.700000000000	0.900000000000	2	0.062090000000	0.052310000000	0.021325728280	0.011049252734	30000
7	9	0.700000000000	0.900000000000	3	0.078210000000	0.065760000000	0.014741547178	0.014540764555	30000
7	9	0.700000000000	0.900000000000	4	0.000000000000	0.089260000000	0.000000000000	0.014417359684	12000
7	9	0.700000000000	0.900000000000	5	0.074280000000	0.059630000000	0.018149683496	0.019008535568	18000
7	10	0.700000000000	1.000000000000	1	0.000000000000	1.000000000000	0.000000000000	0.000000000000	6000
7	10	0.700000000000	1.000000000000	2	0.000000000000	1.000000000000	0.000000000000	0.000000000000	6000
7	10	0.700000000000	1.000000000000	3	0.000000000000	1.000000000000	0.000000000000	0.000000000000	6000
7	10	0.700000000000	1.000000000000	4	0.000000000000	1.000000000000	0.000000000000	0.000000000000	6000
7	10	0.700000000000	1.000000000000	5	0.000000000000	1.000000000000	0.000000000000	0.000000000000	6000
8	0	0.800000000000	0.000000000000	1	0.095560000000	0.000000000000	0.015162991668	0.000000000000	6000
8	0	0.800000000000	0.000000000000	2	0.093810000000	0.000000000000	0.012796391978	0.000000000000	12000
8	0	0.800000000000	0.000000000000	3	0.099120000000	0.000000000000	0.011591374378	0.000000000000	18000
8	0	0.800000000000	0.000000000000	4	0.092100000000	0.000000000000	0.013593188543	0.000000000000	10000
8	0	0.800000000000	0.000000000000	5	0.083410000000	0.000000000000	0.019314371461	0.000000000000	12000
8	1	0.800000000000	0.100000000000	1	0.069190000000	0.070470000000	0.027907395484	0.019043154721	30000
8	1	0.800000000000	0.100000000000	2	0.077700000000	0.045090000000	0.016339430130	0.022906693708	30000
8	1	0.800000000000	0.100000000000	3	0.046030000000	0.082970000000	0.017182384419	0.015003473071	30000
8	1	0.800000000000	0.100000000000	4	0.075210000000	0.048060000000	0.021475966035	0.027323670745	28000
8	1	0.800000000000	0.100000000000	5	0.087650000000	0.000000000000	0.009003252665	0.000000000000	30000
8	2	0.800000000000	0.200000000000	1	0.000000000000	0.089500000000	0.000000000000	0.015943782619	30000
8	2	0.800000000000	0.200000000000	2	0.071980000000	0.069510000000	0.013981240112	0.016472134993	26000
8	2	0.800000000000	0.200000000000	3	0.000000000000	0.085470000000	0.000000000000	0.015152844905	12000
8	2	0.800000000000	0.200000000000	4	0.072390000000	0.070850000000	0.022456451015	0.019050995786	30000
8	2	0.800000000000	0.200000000000	5	0.000000000000	0.085870000000	0.000000000000	0.017724481861	10000
8	3	0.800000000000	0.300000000000	1	0.072470000000	0.065600000000	0.019338383414	0.016568479547	30000
8	3	0.800000000000	0.300000000000	2	0.057400000000	0.078190000000	0.018589932372	0.014171264048	22000
8	3	0.800000000000	0.300000000000	3	0.078320000000	0.075630000000	0.022880146440	0.019884629705	30000
8	3	0.800000000000	0.300000000000	4	0.000000000000	0.088210000000	0.000000000000	0.019659155180	16000
8	3	0.800000000000	0.300000000000	5	0.094920000000	0.000000000000	0.016789147551	0.000000000000	30000
8	4	0.800000000000	0.400000000000	1	0.000000000000	0.087900000000	0.000000000000	0.015755578004	16000
8	4	0.800000000000	0.400000000000	2	0.000000000000	0.084700000000	0.000000000000	0.014138950099	30000
8	4	0.800000000000	0.400000000000	3	0.081810000000	0.064960000000	0.013371712781	0.019989947424	30000
8	4	0.800000000000	0.400000000000	4	0.000000000000	0.083320000000	0.000000000000	0.015060026707	30000
8	4	0.800000000000	0.400000000000	5	0.097420000000	0.054390000000	0.021605795760	0.014881174327	30000
8	5	0.800000000000	0.500000000000	1	0.000000000000	0.091360000000	0.000000000000	0.018960746555	18000
8	5	0.800000000000	0.500000000000	2	0.000000000000	0.087670000000	0.000000000000	0.014487269618	30000
8	5	0.800000000000	0.500000000000	3	0.081540000000	0.061620000000	0.012553325694	0.017907995318	30000
8	5	0.800000000000	0.500000000000	4	0.071780000000	0.054470000000	0.011669094556	0.015497072603	4000
8	5	0.800000000000	0.500000000000	5	0.072040000000	0.061960000000	0.024593561012	0.010433947828	30000
8	6	0.800000000000	0.600000000000	1	0.000000000000	0.090990000000	0.000000000000	0.017794283816	30000
8	6	0.800000000000	0.600000000000	2	0.094850000000	0.000000000000	0.012591109404	0.000000000000	20000
8	6	0.800000000000	0.600000000000	3	0.057750000000	0.064590000000	0.014430722288	0.017525382707	30000
8	6	0.800000000000	0.600000000000	4	0.062820000000	0.087060000000	0.009692344481	0.018780551353	30000
8	6	0.800000000000	0.600000000000	5	0.068240000000	0.064000000000	0.017629895440	0.014304006593	30000
8	7	0.800000000000	0.700000000000	1	0.052890000000	0.074940000000	0.015652248813	0.014553632131	30000
8	7	0.800000000000	0.700000000000	2	0.089280000000	0.000000000000	0.014896425863	0.000000000000	20000
8	7	0.800000000000	0.700000000000	3	0.000000000000	0.090000000000	0.000000000000	0.012592003755	30000
8	7	0.800000000000	0.700000000000	4	0.073010000000	0.076660000000	0.021700479506	0.017411132862	30000
8	7	0.800000000000	0.700000000000	5	0.077850000000	0.065120000000	0.020998057492	0.018136000510	30000
8	8	0.800000000000	0.800000000000	1	0.071220000000	0.059280000000	0.012964554743	0.013815660407	30000
8	8	0.800000000000	0.800000000000	2	0.068180000000	0.068480000000	0.014822527022	0.015209238013	30000
8	8	0.800000000000	0.800000000000	3	0.000000000000	0.086820000000	0.000000000000	0.014453252108	30000
8	8	0.800000000000	0.800000000000	4	0.087000000000	0.000000000000	0.014940656720	0.000000000000	24000
8	8	0.800000000000	0.800000000000	5	0.059870000000	0.069310000000	0.012240626329	0.022093257162	30000
8	9	0.800000000000	0.900000000000	1	0.093880000000	0.000000000000	0.014606812074	0.000000000000	30000
8	9	0.800000000000	0.900000000000	2	0.058460000000	0.050530000000	0.015895945429	0.018192032598	30000
8	9	0.800000000000	0.900000000000	3	0.073740000000	0.074980000000	0.012805326094	0.015812958283	30000
8	9	0.800000000000	0.900000000000	4	0.094670000000	0.000000000000	0.013284109589	0.000000000000	30000
8	9	0.800000000000	0.900000000000	5	0.084210000000	0.048240000000	0.012920636317	0.015123859664	30000
8	10	0.800000000000	1.000000000000	1	0.000000000000	1.000000000000	0.000000000000	0.000000000000	6000
8	10	0.800000000000	1.000000000000	2	0.000000000000	1.000000000000	0.000000000000	0.000000000000	6000
8	10	0.800000000000	1.000000000000	3	0.000000000000	1.000000000000	0.000000000000	0.000000000000	6000
8	10	0.800000000000	1.000000000000	4	0.000000000000	1.000000000000	0.000000000000	0.000000000000	6000
8	10	0.800000000000	1.000000000000	5	0.000000000000	1.000000000000	0.000000000000	0.000000000000	6000
9	0	0.900000000000	0.000000000000	1	0.094680000000	0.000000000000	0.015123700814	0.000000000000	14000
9	0	0.900000000000	0.000000000000	2	0.091640000000	0.000000000000	0.014391578007	0.000000000000	16000
9	0	0.900000000000	0.000000000000	3	0.088260000000	0.000000000000	0.014246942668	0.000000000000	10000
9	0	0.900000000000	0.000000000000	4	0.100910000000	0.000000000000	0.012042296995	0.000000000000	14000
9	0	0.900000000000	0.000000000000	5	0.081180000000	0.000000000000	0.013870832708	0.000000000000	6000
9	1	0.900000000000	0.100000000000	1	0.000000000000	0.090210000000	0.000000000000	0.016171500160	10000
9	1	0.900000000000	0.100000000000	2	0.100960000000	0.000000000000	0.012963272984	0.000000000000	30000
9	1	0.900000000000	0.100000000000	3	0.092280000000	0.000000000000	0.014373872415	0.000000000000	18000
9	1	0.900000000000	0.100000000000	4	0.061460000000	0.074080000000	0.016761543764	0.018748469407	30000
9	1	0.900000000000	0.100000000000	5	0.084610000000	0.000000000000	0.014312678043	0.000000000000	18000
9	2	0.900000000000	0.200000000000	1	0.000000000000	0.097400000000	0.000000000000	0.011695160400	8000
9	2	0.900000000000	0.200000000000	2	0.070180000000	0.090190000000	0.019076989583	0.022895154249	30000
9	2	0.900000000000	0.200000000000	3	0.069610000000	0.071900000000	0.022366227848	0.015755578004	30000
9	2	0.900000000000	0.200000000000	4	0.071030000000	0.077050000000	0.017173643586	0.017381012617	30000
9	2	0.900000000000	0.200000000000	5	0.081420000000	0.067960000000	0.010559123784	0.016238907048	30000
9	3	0.900000000000	0.300000000000	1	0.095390000000	0.000000000000	0.013865069064	0.000000000000	30000
9	3	0.900000000000	0.300000000000	2	0.081600000000	0.031040000000	0.015247047992	0.025576797543	30000
9	3	0.900000000000	0.300000000000	3	0.076030000000	0.048180000000	0.016334194376	0.013463612772	30000
9	3	0.900000000000	0.300000000000	4	0.095020000000	0.000000000000	0.013827175807	0.000000000000	16000
9	3	0.900000000000	0.300000000000	5	0.066430000000	0.073380000000	0.015165259150	0.012764738091	30000
9	4	0.900000000000	0.400000000000	1	0.000000000000	0.090500000000	0.000000000000	0.015645919430	16000
9	4	0.900000000000	0.400000000000	2	0.000000000000	0.091620000000	0.000000000000	0.012358330321	30000
9	4	0.900000000000	0.400000000000	3	0.066200000000	0.083830000000	0.019943865166	0.015246755837	30000
9	4	0.900000000000	0.400000000000	4	0.000000000000	0.089600000000	0.000000000000	0.011133910542	30000
9	4	0.900000000000	0.400000000000	5	0.037070000000	0.077350000000	0.032544957740	0.014801911924	30000
9	5	0.900000000000	0.500000000000	1	0.090530000000	0.000000000000	0.014178156443	0.000000000000	30000
9	5	0.900000000000	0.500000000000	2	0.090620000000	0.000000000000	0.014609210418	0.000000000000	16000
9	5	0.900000000000	0.500000000000	3	0.000000000000	0.090810000000	0.000000000000	0.012401519975	30000
9	5	0.900000000000	0.500000000000	4	0.091560000000	0.000000000000	0.018376727241	0.000000000000	22000
9	5	0.900000000000	0.500000000000	5	0.000000000000	0.095390000000	0.000000000000	0.014015860457	30000
9	6	0.900000000000	0.600000000000	1	0.073690000000	0.070250000000	0.013880798845	0.018632892547	30000
9	6	0.900000000000	0.600000000000	2	0.097770000000	0.000000000000	0.011809596376	0.000000000000	30000
9	6	0.900000000000	0.600000000000	3	0.097850000000	0.000000000000	0.012760891048	0.000000000000	12000
9	6	0.900000000000	0.600000000000	4	0.071830000000	0.046910000000	0.018641314294	0.014784129006	30000
9	6	0.900000000000	0.600000000000	5	0.091320000000	0.000000000000	0.013154110788	0.000000000000	30000
9	7	0.900000000000	0.700000000000	1	0.062640000000	0.067700000000	0.016849757100	0.020433490341	30000
9	7	0.900000000000	0.700000000000	2	0.100240000000	0.000000000000	0.013882908022	0.000000000000	30000
9	7	0.900000000000	0.700000000000	3	0.000000000000	0.087640000000	0.000000000000	0.012907245911	30000
9	7	0.900000000000	0.700000000000	4	0.091280000000	0.000000000000	0.013998484116	0.000000000000	26000
9	7	0.900000000000	0.700000000000	5	0.044240000000	0.085600000000	0.015680187125	0.017009683399	30000
9	8	0.900000000000	0.800000000000	1	0.000000000000	0.081280000000	0.000000000000	0.016006805360	14000
9	8	0.900000000000	0.800000000000	2	0.074510000000	0.066280000000	0.016638411485	0.016662509992	30000
9	8	0.900000000000	0.800000000000	3	0.000000000000	0.086030000000	0.000000000000	0.016260489030	24000
9	8	0.900000000000	0.800000000000	4	0.095600000000	0.000000000000	0.020387634872	0.000000000000	26000
9	8	0.900000000000	0.800000000000	5	0.060050000000	0.076330000000	0.014307417734	0.017179238232	30000
9	9	0.900000000000	0.900000000000	1	0.069050000000	0.067120000000	0.019436441940	0.017889260064	30000
9	9	0.900000000000	0.900000000000	2	0.000000000000	0.083940000000	0.000000000000	0.014445936629	18000
9	9	0.900000000000	0.900000000000	3	0.062880000000	0.050750000000	0.015631696963	0.013591255359	30000
9	9	0.900000000000	0.900000000000	4	0.000000000000	0.098900000000	0.000000000000	0.013204709931	30000
9	9	0.900000000000	0.900000000000	5	0.063860000000	0.068760000000	0.016899289511	0.016066129606	30000
9	10	0.900000000000	1.000000000000	1	0.000000000000	1.000000000000	0.000000000000	0.000000000000	6000
9	10	0.900000000000	1.000000000000	2	0.000000000000	1.000000000000	0.000000000000	0.000000000000	6000
9	10	0.900000000000	1.000000000000	3	0.000000000000	1.000000000000	0.000000000000	0.000000000000	6000
9	10	0.900000000000	1.000000000000	4	0.000000000000	1.000000000000	0.000000000000	0.000000000000	6000
9	10	0.900000000000	1.000000000000	5	0.000000000000	1.000000000000	0.000000000000	0.000000000000	6000
10	0	1.000000000000	0.000000000000	1	1.000000000000	0.000000000000	0.000000000000	0.000000000000	4000
10	0	1.000000000000	0.000000000000	2	1.000000000000	0.000000000000	0.000000000000	0.000000000000	4000
10	0	1.000000000000	0.000000000000	3	1.000000000000	0.000000000000	0.000000000000	0.000000000000	4000
10	0	1.000000000000	0.000000000000	4	1.000000000000	0.000000000000	0.000000000000	0.000000000000	4000
10	0	1.000000000000	0.000000000000	5	1.000000000000	0.000000000000	0.000000000000	0.000000000000	4000
10	1	1.000000000000	0.100000000000	1	1.000000000000	0.000000000000	0.000000000000	0.000000000000	6000
10	1	1.000000000000	0.100000000000	2	1.000000000000	0.000000000000	0.000000000000	0.000000000000	6000
10	1	1.000000000000	0.100000000000	3	1.000000000000	0.000000000000	0.000000000000	0.000000000000	6000
10	1	1.000000000000	0.100000000000	4	1.000000000000	0.000000000000	0.000000000000	0.000000000000	6000
10	1	1.000000000000	0.100000000000	5	1.000000000000	0.000000000000	0.000000000000	0.000000000000	6000
10	2	1.000000000000	0.200000000000	1	1.000000000000	0.000000000000	0.000000000000	0.000000000000	6000
10	2	1.000000000000	0.200000000000	2	1.000000000000	0.000000000000	0.000000000000	0.000000000000	6000
10	2	1.000000000000	0.200000000000	3	1.000000000000	0.000000000000	0.000000000000	0.000000000000	6000
10	2	1.000000000000	0.200000000000	4	1.000000000000	0.000000000000	0.000000000000	0.000000000000	6000
10	2	1.000000000000	0.200000000000	5	1.000000000000	0.000000000000	0.000000000000	0.000000000000	6000
10	3	1.000000000000	0.300000000000	1	1.000000000000	0.000000000000	0.000000000000	0.000000000000	6000
10	3	1.000000000000	0.300000000000	2	1.000000000000	0.000000000000	0.000000000000	0.000000000000	8000
10	3	1.000000000000	0.300000000000	3	1.000000000000	0.000000000000	0.000000000000	0.000000000000	6000
10	3	1.000000000000	0.300000000000	4	1.000000000000	0.000000000000	0.000000000000	0.000000000000	8000
10	3	1.000000000000	0.300000000000	5	1.000000000000	0.000000000000	0.000000000000	0.000000000000	6000
10	4	1.000000000000	0.400000000000	1	1.000000000000	0.000000000000	0.000000000000	0.000000000000	6000
10	4	1.000000000000	0.400000000000	2	1.000000000000	0.000000000000	0.000000000000	0.000000000000	6000
10	4	1.000000000000	0.400000000000	3	1.000000000000	0.000000000000	0.000000000000	0.000000000000	6000
10	4	1.000000000000	0.400000000000	4	1.000000000000	0.000000000000	0.000000000000	0.000000000000	6000
10	4	1.000000000000	0.400000000000	5	1.000000000000	0.000000000000	0.000000000000	0.000000000000	6000
10	5	1.000000000000	0.500000000000	1	1.000000000000	0.000000000000	0.000000000000	0.000000000000	6000
10	5	1.000000000000	0.500000000000	2	1.000000000000	0.000000000000	0.000000000000	0.000000000000	6000
10	5	1.000000000000	0.500000000000	3	1.000000000000	0.000000000000	0.000000000000	0.000000000000	6000
10	5	1.000000000000	0.500000000000	4	1.000000000000	0.000000000000	0.000000000000	0.000000000000	6000
10	5	1.000000000000	0.500000000000	5	1.000000000000	0.000000000000	0.000000000000	0.000000000000	6000
10	6	1.000000000000	0.600000000000	1	1.000000000000	0.000000000000	0.000000000000	0.000000000000	6000
10	6	1.000000000000	0.600000000000	2	1.000000000000	0.000000000000	0.000000000000	0.000000000000	6000
10	6	1.000000000000	0.600000000000	3	1.000000000000	0.000000000000	0.000000000000	0.000000000000	6000
10	6	1.000000000000	0.600000000000	4	1.000000000000	0.000000000000	0.000000000000	0.000000000000	6000
10	6	1.000000000000	0.600000000000	5	1.000000000000	0.000000000000	0.000000000000	0.000000000000	6000
10	7	1.000000000000	0.700000000000	1	1.000000000000	0.000000000000	0.000000000000	0.000000000000	8000
10	7	1.000000000000	0.700000000000	2	1.000000000000	0.000000000000	0.000000000000	0.000000000000	6000
10	7	1.000000000000	0.700000000000	3	1.000000000000	0.000000000000	0.000000000000	0.000000000000	6000
10	7	1.000000000000	0.700000000000	4	1.000000000000	0.000000000000	0.000000000000	0.000000000000	6000
10	7	1.000000000000	0.700000000000	5	1.000000000000	0.000000000000	0.000000000000	0.000000000000	6000
10	8	1.000000000000	0.800000000000	1	1.000000000000	0.000000000000	0.000000000000	0.000000000000	6000
10	8	1.000000000000	0.800000000000	2	1.000000000000	0.000000000000	0.000000000000	0.000000000000	6000
10	8	1.000000000000	0.800000000000	3	1.000000000000	0.000000000000	0.000000000000	0.000000000000	6000
10	8	1.000000000000	0.800000000000	4	1.000000000000	0.000000000000	0.000000000000	0.000000000000	6000
10	8	1.000000000000	0.800000000000	5	1.000000000000	0.000000000000	0.000000000000	0.000000000000	6000
10	9	1.000000000000	0.900000000000	1	1.000000000000	0.000000000000	0.000000000000	0.000000000000	6000
10	9	1.000000000000	0.900000000000	2	1.000000000000	0.000000000000	0.000000000000	0.000000000000	6000
10	9	1.000000000000	0.900000000000	3	1.000000000000	0.000000000000	0.000000000000	0.000000000000	6000
10	9	1.000000000000	0.900000000000	4	1.000000000000	0.000000000000	0.000000000000	0.000000000000	6000
10	9	1.000000000000	0.900000000000	5	1.000000000000	0.000000000000	0.000000000000	0.000000000000	6000
10	10	1.000000000000	1.000000000000	1	1.000000000000	1.000000000000	0.000000000000	0.000000000000	4000
10	10	1.000000000000	1.000000000000	2	1.000000000000	1.000000000000	0.000000000000	0.000000000000	4000
10	10	1.000000000000	1.000000000000	3	1.000000000000	1.000000000000	0.000000000000	0.000000000000	4000
10	10	1.000000000000	1.000000000000	4	1.000000000000	1.000000000000	0.000000000000	0.000000000000	4000
10	10	1.000000000000	1.000000000000	5	1.000000000000	1.000000000000	0.000000000000	0.000000000000	4000
