# scan initial plane
# b 1.174
# r 0
# e -0.4
# p12 0.1
# ndiv 10
# n_reps 5
# A:(0,1),	A':(0,0.230),	B:(1,0),	B'=(0.230,0),	C:(1,1),	D:(0,0),	E:(0.173,0.173) 
# columns: ix iy x1_0 x2_0 rep x1_inf x2_inf sigma_1 sigma_2 t_relax
0	0	0.000000000000	0.000000000000	1	0.000000000000	0.000000000000	0.000000000000	0.000000000000	4000
0	0	0.000000000000	0.000000000000	2	0.000000000000	0.000000000000	0.000000000000	0.000000000000	4000
0	0	0.000000000000	0.000000000000	3	0.000000000000	0.000000000000	0.000000000000	0.000000000000	4000
0	0	0.000000000000	0.000000000000	4	0.000000000000	0.000000000000	0.000000000000	0.000000000000	4000
0	0	0.000000000000	0.000000000000	5	0.000000000000	0.000000000000	0.000000000000	0.000000000000	4000
0	1	0.000000000000	0.100000000000	1	0.000000000000	0.206795000000	0.000000000000	0.015409101707	6000
0	1	0.000000000000	0.100000000000	2	0.000000000000	0.211210000000	0.000000000000	0.014788664734	10000
0	1	0.000000000000	0.100000000000	3	0.000000000000	0.210360000000	0.000000000000	0.013185000730	30000
0	1	0.000000000000	0.100000000000	4	0.000000000000	0.201020000000	0.000000000000	0.009777791428	14000
0	1	0.000000000000	0.100000000000	5	0.000000000000	0.201875000000	0.000000000000	0.015519350026	10000
0	2	0.000000000000	0.200000000000	1	0.000000000000	0.196190000000	0.000000000000	0.011196394922	14000
0	2	0.000000000000	0.200000000000	2	0.000000000000	0.209045000000	0.000000000000	0.016359419476	10000
0	2	0.000000000000	0.200000000000	3	0.000000000000	0.198855000000	0.000000000000	0.011521576356	22000
0	2	0.000000000000	0.200000000000	4	0.000000000000	0.203890000000	0.000000000000	0.011289169382	12000
0	2	0.000000000000	0.200000000000	5	0.000000000000	0.211910000000	0.000000000000	0.012641665702	6000
0	3	0.000000000000	0.300000000000	1	0.000000000000	0.210350000000	0.000000000000	0.011537357176	20000
0	3	0.000000000000	0.300000000000	2	0.000000000000	0.202335000000	0.000000000000	0.014911241401	14000
0	3	0.000000000000	0.300000000000	3	0.000000000000	0.196155000000	0.000000000000	0.015035525998	30000
0	3	0.000000000000	0.300000000000	4	0.000000000000	0.204175000000	0.000000000000	0.012849493550	6000
0	3	0.000000000000	0.300000000000	5	0.000000000000	0.199970000000	0.000000000000	0.013868721695	6000
0	4	0.000000000000	0.400000000000	1	0.000000000000	0.205725000000	0.000000000000	0.013868731619	8000
0	4	0.000000000000	0.400000000000	2	0.000000000000	0.209235000000	0.000000000000	0.011433306411	10000
0	4	0.000000000000	0.400000000000	3	0.000000000000	0.208750000000	0.000000000000	0.014656135313	6000
0	4	0.000000000000	0.400000000000	4	0.000000000000	0.215040000000	0.000000000000	0.011429305711	24000
0	4	0.000000000000	0.400000000000	5	0.000000000000	0.202900000000	0.000000000000	0.022948128826	12000
0	5	0.000000000000	0.500000000000	1	0.000000000000	0.202525000000	0.000000000000	0.017176857088	6000
0	5	0.000000000000	0.500000000000	2	0.000000000000	0.200395000000	0.000000000000	0.014998130514	26000
0	5	0.000000000000	0.500000000000	3	0.000000000000	0.210450000000	0.000000000000	0.014010488706	20000
0	5	0.000000000000	0.500000000000	4	0.000000000000	0.214485000000	0.000000000000	0.012592392280	10000
0	5	0.000000000000	0.500000000000	5	0.000000000000	0.197930000000	0.000000000000	0.014511225850	22000
0	6	0.000000000000	0.600000000000	1	0.000000000000	0.208660000000	0.000000000000	0.010134451495	18000
0	6	0.000000000000	0.600000000000	2	0.000000000000	0.201640000000	0.000000000000	0.014848598617	20000
0	6	0.000000000000	0.600000000000	3	0.000000000000	0.202235000000	0.000000000000	0.011748097412	8000
0	6	0.000000000000	0.600000000000	4	0.000000000000	0.208095000000	0.000000000000	0.016610896932	8000
0	6	0.000000000000	0.600000000000	5	0.000000000000	0.204660000000	0.000000000000	0.017340273501	6000
0	7	0.000000000000	0.700000000000	1	0.000000000000	0.209405000000	0.000000000000	0.017658788401	26000
0	7	0.000000000000	0.700000000000	2	0.000000000000	0.205420000000	0.000000000000	0.012717520801	6000
0	7	0.000000000000	0.700000000000	3	0.000000000000	0.199390000000	0.000000000000	0.013737416665	24000
0	7	0.000000000000	0.700000000000	4	0.000000000000	0.207345000000	0.000000000000	0.013321164680	30000
0	7	0.000000000000	0.700000000000	5	0.000000000000	0.201335000000	0.000000000000	0.013845015690	8000
0	8	0.000000000000	0.800000000000	1	0.000000000000	0.205160000000	0.000000000000	0.010631906576	8000
0	8	0.000000000000	0.800000000000	2	0.000000000000	0.209660000000	0.000000000000	0.014268426262	8000
0	8	0.000000000000	0.800000000000	3	0.000000000000	0.216080000000	0.000000000000	0.015021959235	14000
0	8	0.000000000000	0.800000000000	4	0.000000000000	0.214610000000	0.000000000000	0.011897034901	14000
0	8	0.000000000000	0.800000000000	5	0.000000000000	0.210320000000	0.000000000000	0.011257189895	8000
0	9	0.000000000000	0.900000000000	1	0.000000000000	0.202255000000	0.000000000000	0.013336710346	28000
0	9	0.000000000000	0.900000000000	2	0.000000000000	0.195865000000	0.000000000000	0.012885760273	30000
0	9	0.000000000000	0.900000000000	3	0.000000000000	0.208625000000	0.000000000000	0.014449677096	20000
0	9	0.000000000000	0.900000000000	4	0.000000000000	0.185480000000	0.000000000000	0.012864100633	10000
0	9	0.000000000000	0.900000000000	5	0.000000000000	0.203875000000	0.000000000000	0.013116074352	14000
0	10	0.000000000000	1.000000000000	1	0.000000000000	1.000000000000	0.000000000000	0.000000000000	4000
0	10	0.000000000000	1.000000000000	2	0.000000000000	1.000000000000	0.000000000000	0.000000000000	4000
0	10	0.000000000000	1.000000000000	3	0.000000000000	1.000000000000	0.000000000000	0.000000000000	4000
0	10	0.000000000000	1.000000000000	4	0.000000000000	1.000000000000	0.000000000000	0.000000000000	4000
0	10	0.000000000000	1.000000000000	5	0.000000000000	1.000000000000	0.000000000000	0.000000000000	4000
1	0	0.100000000000	0.000000000000	1	0.206090000000	0.000000000000	0.013727721965	0.000000000000	10000
1	0	0.100000000000	0.000000000000	2	0.200790000000	0.000000000000	0.012356317355	0.000000000000	14000
1	0	0.100000000000	0.000000000000	3	0.201960000000	0.000000000000	0.010352080253	0.000000000000	10000
1	0	0.100000000000	0.000000000000	4	0.212485000000	0.000000000000	0.013434293999	0.000000000000	12000
1	0	0.100000000000	0.000000000000	5	0.206935000000	0.000000000000	0.009660439902	0.000000000000	22000
1	1	0.100000000000	0.100000000000	1	0.145375000000	0.137455000000	0.013770403008	0.012935041179	30000
1	1	0.100000000000	0.100000000000	2	0.161590000000	0.131420000000	0.014353672977	0.012228374100	30000
1	1	0.100000000000	0.100000000000	3	0.145835000000	0.152435000000	0.016509098259	0.012589848263	6000
1	1	0.100000000000	0.100000000000	4	0.140695000000	0.147200000000	0.015374600917	0.015393081139	18000
1	1	0.100000000000	0.100000000000	5	0.150755000000	0.152420000000	0.013703750135	0.014462114394	6000
1	2	0.100000000000	0.200000000000	1	0.147865000000	0.148310000000	0.017073613656	0.015531746043	30000
1	2	0.100000000000	0.200000000000	2	0.150460000000	0.138260000000	0.021216468569	0.013390358535	30000
1	2	0.100000000000	0.200000000000	3	0.155335000000	0.143560000000	0.017027998348	0.024115512807	30000
1	2	0.100000000000	0.200000000000	4	0.159605000000	0.142925000000	0.012899044940	0.014749132582	30000
1	2	0.100000000000	0.200000000000	5	0.134620000000	0.154205000000	0.017313444353	0.015473603569	30000
1	3	0.100000000000	0.300000000000	1	0.142990000000	0.155135000000	0.024858154152	0.021148381239	30000
1	3	0.100000000000	0.300000000000	2	0.149250000000	0.144185000000	0.022230197518	0.021298225029	30000
1	3	0.100000000000	0.300000000000	3	0.133500000000	0.153385000000	0.014688967485	0.015936459636	30000
1	3	0.100000000000	0.300000000000	4	0.147550000000	0.157275000000	0.018015883883	0.017011430386	30000
1	3	0.100000000000	0.300000000000	5	0.147220000000	0.135135000000	0.012029809488	0.016205535918	18000
1	4	0.100000000000	0.400000000000	1	0.135420000000	0.142410000000	0.019729745636	0.028713522361	30000
1	4	0.100000000000	0.400000000000	2	0.150890000000	0.146980000000	0.019877198067	0.014664400589	30000
1	4	0.100000000000	0.400000000000	3	0.166075000000	0.140760000000	0.016193566828	0.019684000098	30000
1	4	0.100000000000	0.400000000000	4	0.165965000000	0.129435000000	0.012613598926	0.014828204566	30000
1	4	0.100000000000	0.400000000000	5	0.134105000000	0.149965000000	0.014059574910	0.014604350792	30000
1	5	0.100000000000	0.500000000000	1	0.151255000000	0.155565000000	0.014008790855	0.017621472450	30000
1	5	0.100000000000	0.500000000000	2	0.151040000000	0.143900000000	0.020617795554	0.016068546860	18000
1	5	0.100000000000	0.500000000000	3	0.160525000000	0.145295000000	0.013259909510	0.012441574168	30000
1	5	0.100000000000	0.500000000000	4	0.128360000000	0.146165000000	0.022555912067	0.017299336462	30000
1	5	0.100000000000	0.500000000000	5	0.140570000000	0.142290000000	0.014551179912	0.016265622351	30000
1	6	0.100000000000	0.600000000000	1	0.152410000000	0.160665000000	0.019050060493	0.014737705893	30000
1	6	0.100000000000	0.600000000000	2	0.141645000000	0.157800000000	0.012838761966	0.016118927378	30000
1	6	0.100000000000	0.600000000000	3	0.145085000000	0.154245000000	0.019188172424	0.017840214355	30000
1	6	0.100000000000	0.600000000000	4	0.154915000000	0.142585000000	0.015624080353	0.018675962266	30000
1	6	0.100000000000	0.600000000000	5	0.147745000000	0.146325000000	0.021766114461	0.019125510716	30000
1	7	0.100000000000	0.700000000000	1	0.141210000000	0.154990000000	0.015573324257	0.016172861882	30000
1	7	0.100000000000	0.700000000000	2	0.140160000000	0.147540000000	0.012158216243	0.012043398335	30000
1	7	0.100000000000	0.700000000000	3	0.157715000000	0.146640000000	0.010409713595	0.013264099530	30000
1	7	0.100000000000	0.700000000000	4	0.141325000000	0.148150000000	0.017017901868	0.016229321948	30000
1	7	0.100000000000	0.700000000000	5	0.143155000000	0.162045000000	0.014475168583	0.016163360703	30000
1	8	0.100000000000	0.800000000000	1	0.144735000000	0.148290000000	0.013551325153	0.018308771425	30000
1	8	0.100000000000	0.800000000000	2	0.156050000000	0.134840000000	0.014760263052	0.013472412772	30000
1	8	0.100000000000	0.800000000000	3	0.151590000000	0.154085000000	0.018756964672	0.015563740071	30000
1	8	0.100000000000	0.800000000000	4	0.147505000000	0.147800000000	0.012200361627	0.015255908454	30000
1	8	0.100000000000	0.800000000000	5	0.145355000000	0.153985000000	0.016586865258	0.024802417925	30000
1	9	0.100000000000	0.900000000000	1	0.146730000000	0.148645000000	0.017029301134	0.019344590670	30000
1	9	0.100000000000	0.900000000000	2	0.159590000000	0.143835000000	0.015235288445	0.014767730390	30000
1	9	0.100000000000	0.900000000000	3	0.157565000000	0.145550000000	0.016098289659	0.014545069923	28000
1	9	0.100000000000	0.900000000000	4	0.131990000000	0.156245000000	0.019656456351	0.020564480856	30000
1	9	0.100000000000	0.900000000000	5	0.146080000000	0.158655000000	0.011267677692	0.015038022381	30000
1	10	0.100000000000	1.000000000000	1	0.000000000000	1.000000000000	0.000000000000	0.000000000000	6000
1	10	0.100000000000	1.000000000000	2	0.000000000000	1.000000000000	0.000000000000	0.000000000000	6000
1	10	0.100000000000	1.000000000000	3	0.000000000000	1.000000000000	0.000000000000	0.000000000000	6000
1	10	0.100000000000	1.000000000000	4	0.000000000000	1.000000000000	0.000000000000	0.000000000000	6000
1	10	0.100000000000	1.000000000000	5	0.000000000000	1.000000000000	0.000000000000	0.000000000000	6000
2	0	0.200000000000	0.000000000000	1	0.217140000000	0.000000000000	0.016377992509	0.000000000000	8000
2	0	0.200000000000	0.000000000000	2	0.207670000000	0.000000000000	0.013449981487	0.000000000000	16000
2	0	0.200000000000	0.000000000000	3	0.216590000000	0.000000000000	0.015315236089	0.000000000000	14000
2	0	0.200000000000	0.000000000000	4	0.205130000000	0.000000000000	0.010947737344	0.000000000000	8000
2	0	0.200000000000	0.000000000000	5	0.210515000000	0.000000000000	0.013322434547	0.000000000000	10000
2	1	0.200000000000	0.100000000000	1	0.145170000000	0.161350000000	0.009839609643	0.017954103983	30000
2	1	0.200000000000	0.100000000000	2	0.153160000000	0.149870000000	0.011240139712	0.012427290032	30000
2	1	0.200000000000	0.100000000000	3	0.152760000000	0.146200000000	0.017721355661	0.018422795646	30000
2	1	0.200000000000	0.100000000000	4	0.155335000000	0.136165000000	0.023546065323	0.015819862295	30000
2	1	0.200000000000	0.100000000000	5	0.137405000000	0.159525000000	0.013301048564	0.011945378482	30000
2	2	0.200000000000	0.200000000000	1	0.142985000000	0.156400000000	0.016877488694	0.023138180036	30000
2	2	0.200000000000	0.200000000000	2	0.156970000000	0.142260000000	0.012067092223	0.012086707099	30000
2	2	0.200000000000	0.200000000000	3	0.153240000000	0.155950000000	0.014598476479	0.011147724959	30000
2	2	0.200000000000	0.200000000000	4	0.146130000000	0.174185000000	0.013618317024	0.020443304618	30000
2	2	0.200000000000	0.200000000000	5	0.140130000000	0.155800000000	0.013866339653	0.011614426154	30000
2	3	0.200000000000	0.300000000000	1	0.156445000000	0.142105000000	0.014671476655	0.014880033279	30000
2	3	0.200000000000	0.300000000000	2	0.167460000000	0.148855000000	0.013659611451	0.017089646896	30000
2	3	0.200000000000	0.300000000000	3	0.145320000000	0.152820000000	0.014342360451	0.012150935982	30000
2	3	0.200000000000	0.300000000000	4	0.144570000000	0.157430000000	0.009197809506	0.017996359881	30000
2	3	0.200000000000	0.300000000000	5	0.163670000000	0.134310000000	0.016389011553	0.016068045372	30000
2	4	0.200000000000	0.400000000000	1	0.158305000000	0.139260000000	0.010766517213	0.011793705588	30000
2	4	0.200000000000	0.400000000000	2	0.147335000000	0.149330000000	0.012182823819	0.012900291373	30000
2	4	0.200000000000	0.400000000000	3	0.143890000000	0.146315000000	0.015660880025	0.013525113815	30000
2	4	0.200000000000	0.400000000000	4	0.150380000000	0.148630000000	0.017702230621	0.015906794967	30000
2	4	0.200000000000	0.400000000000	5	0.148715000000	0.150410000000	0.014341529014	0.018476289489	30000
2	5	0.200000000000	0.500000000000	1	0.145040000000	0.138040000000	0.020946053020	0.010237832447	30000
2	5	0.200000000000	0.500000000000	2	0.149520000000	0.140210000000	0.013566637522	0.013555059559	30000
2	5	0.200000000000	0.500000000000	3	0.138090000000	0.144100000000	0.010005098800	0.012123818993	30000
2	5	0.200000000000	0.500000000000	4	0.145130000000	0.135980000000	0.013983155174	0.012523835133	30000
2	5	0.200000000000	0.500000000000	5	0.143950000000	0.160055000000	0.012564050118	0.011151068170	30000
2	6	0.200000000000	0.600000000000	1	0.142525000000	0.158170000000	0.020057459377	0.021071191117	30000
2	6	0.200000000000	0.600000000000	2	0.152705000000	0.141145000000	0.011556016464	0.011251247289	30000
2	6	0.200000000000	0.600000000000	3	0.144905000000	0.151690000000	0.015730970677	0.012277811069	30000
2	6	0.200000000000	0.600000000000	4	0.141130000000	0.151605000000	0.011591266430	0.011531780303	30000
2	6	0.200000000000	0.600000000000	5	0.156020000000	0.129520000000	0.016066042379	0.016483060738	30000
2	7	0.200000000000	0.700000000000	1	0.164180000000	0.124740000000	0.023147643798	0.020734326908	30000
2	7	0.200000000000	0.700000000000	2	0.145325000000	0.141325000000	0.015606503066	0.018201666838	30000
2	7	0.200000000000	0.700000000000	3	0.146605000000	0.136540000000	0.020985456020	0.016672023163	30000
2	7	0.200000000000	0.700000000000	4	0.159865000000	0.143825000000	0.016449235616	0.015000646466	30000
2	7	0.200000000000	0.700000000000	5	0.137260000000	0.142940000000	0.019263007643	0.020590783870	30000
2	8	0.200000000000	0.800000000000	1	0.156445000000	0.144910000000	0.011957422588	0.012857185042	30000
2	8	0.200000000000	0.800000000000	2	0.150365000000	0.133075000000	0.017359237256	0.013055260044	30000
2	8	0.200000000000	0.800000000000	3	0.149665000000	0.150330000000	0.014027100004	0.011871479774	30000
2	8	0.200000000000	0.800000000000	4	0.156380000000	0.138095000000	0.008736241865	0.018773609760	30000
2	8	0.200000000000	0.800000000000	5	0.149020000000	0.156325000000	0.023001492749	0.016053881216	30000
2	9	0.200000000000	0.900000000000	1	0.153265000000	0.142725000000	0.020245361188	0.013052576173	30000
2	9	0.200000000000	0.900000000000	2	0.162340000000	0.154295000000	0.015571347625	0.011692505706	30000
2	9	0.200000000000	0.900000000000	3	0.150920000000	0.141125000000	0.020622290825	0.016744842930	30000
2	9	0.200000000000	0.900000000000	4	0.140465000000	0.147395000000	0.016108017980	0.014889952508	30000
2	9	0.200000000000	0.900000000000	5	0.144200000000	0.144780000000	0.015665420690	0.013237327027	14000
2	10	0.200000000000	1.000000000000	1	0.000000000000	1.000000000000	0.000000000000	0.000000000000	6000
2	10	0.200000000000	1.000000000000	2	0.000000000000	1.000000000000	0.000000000000	0.000000000000	8000
2	10	0.200000000000	1.000000000000	3	0.000000000000	1.000000000000	0.000000000000	0.000000000000	6000
2	10	0.200000000000	1.000000000000	4	0.000000000000	1.000000000000	0.000000000000	0.000000000000	6000
2	10	0.200000000000	1.000000000000	5	0.000000000000	1.000000000000	0.000000000000	0.000000000000	8000
3	0	0.300000000000	0.000000000000	1	0.208470000000	0.000000000000	0.012691342331	0.000000000000	30000
3	0	0.300000000000	0.000000000000	2	0.201210000000	0.000000000000	0.013176096141	0.000000000000	24000
3	0	0.300000000000	0.000000000000	3	0.213850000000	0.000000000000	0.012145988022	0.000000000000	8000
3	0	0.300000000000	0.000000000000	4	0.207555000000	0.000000000000	0.014668406087	0.000000000000	12000
3	0	0.300000000000	0.000000000000	5	0.208225000000	0.000000000000	0.013162356272	0.000000000000	30000
3	1	0.300000000000	0.100000000000	1	0.145880000000	0.150775000000	0.010401143388	0.014640311257	30000
3	1	0.300000000000	0.100000000000	2	0.156270000000	0.138300000000	0.015228887649	0.013296119238	30000
3	1	0.300000000000	0.100000000000	3	0.143675000000	0.137670000000	0.011582466427	0.016785495312	30000
3	1	0.300000000000	0.100000000000	4	0.145250000000	0.149645000000	0.013853859730	0.015498037429	30000
3	1	0.300000000000	0.100000000000	5	0.160390000000	0.135390000000	0.015015770822	0.010281225783	30000
3	2	0.300000000000	0.200000000000	1	0.140050000000	0.151970000000	0.015299724886	0.014502738687	20000
3	2	0.300000000000	0.200000000000	2	0.156760000000	0.128320000000	0.015451250472	0.020313548194	30000
3	2	0.300000000000	0.200000000000	3	0.151850000000	0.151120000000	0.012323935223	0.012789024950	30000
3	2	0.300000000000	0.200000000000	4	0.150050000000	0.137400000000	0.019029177849	0.021362264542	30000
3	2	0.300000000000	0.200000000000	5	0.162230000000	0.149505000000	0.015146171348	0.012839190777	30000
3	3	0.300000000000	0.300000000000	1	0.165920000000	0.156305000000	0.015163559395	0.017582124619	30000
3	3	0.300000000000	0.300000000000	2	0.149410000000	0.136045000000	0.012320864568	0.014580657412	30000
3	3	0.300000000000	0.300000000000	3	0.156795000000	0.129975000000	0.016722218980	0.015241610206	30000
3	3	0.300000000000	0.300000000000	4	0.161605000000	0.136715000000	0.017652495166	0.018986686632	30000
3	3	0.300000000000	0.300000000000	5	0.155605000000	0.135615000000	0.013694762558	0.022141296530	30000
3	4	0.300000000000	0.400000000000	1	0.132415000000	0.149685000000	0.020420817437	0.016873366158	30000
3	4	0.300000000000	0.400000000000	2	0.155665000000	0.144370000000	0.013607642814	0.010928061243	30000
3	4	0.300000000000	0.400000000000	3	0.137250000000	0.163320000000	0.012557674753	0.021125195239	30000
3	4	0.300000000000	0.400000000000	4	0.159050000000	0.144730000000	0.014545069923	0.015839128069	30000
3	4	0.300000000000	0.400000000000	5	0.163490000000	0.124900000000	0.012935889503	0.012934732595	30000
3	5	0.300000000000	0.500000000000	1	0.133350000000	0.148270000000	0.016226237728	0.013763958244	20000
3	5	0.300000000000	0.500000000000	2	0.146335000000	0.143585000000	0.018464390288	0.010381741451	30000
3	5	0.300000000000	0.500000000000	3	0.163785000000	0.147990000000	0.017478680708	0.018707214113	4000
3	5	0.300000000000	0.500000000000	4	0.148430000000	0.150725000000	0.015729988320	0.017856882237	30000
3	5	0.300000000000	0.500000000000	5	0.142765000000	0.159715000000	0.012644748501	0.012747795154	30000
3	6	0.300000000000	0.600000000000	1	0.139315000000	0.157080000000	0.014384459937	0.016310721616	30000
3	6	0.300000000000	0.600000000000	2	0.155695000000	0.128130000000	0.022140057750	0.015625211910	20000
3	6	0.300000000000	0.600000000000	3	0.146165000000	0.149555000000	0.013791591024	0.017752242594	30000
3	6	0.300000000000	0.600000000000	4	0.155990000000	0.132855000000	0.010806788917	0.011231657274	30000
3	6	0.300000000000	0.600000000000	5	0.151630000000	0.147710000000	0.014908566845	0.011738555861	30000
3	7	0.300000000000	0.700000000000	1	0.172580000000	0.148315000000	0.015345327598	0.013882669178	30000
3	7	0.300000000000	0.700000000000	2	0.149645000000	0.157000000000	0.015343872047	0.011442505448	30000
3	7	0.300000000000	0.700000000000	3	0.163035000000	0.134360000000	0.014519800260	0.016268222246	30000
3	7	0.300000000000	0.700000000000	4	0.157575000000	0.136080000000	0.025134162033	0.022124038354	30000
3	7	0.300000000000	0.700000000000	5	0.145790000000	0.153300000000	0.015994740752	0.019932569009	30000
3	8	0.300000000000	0.800000000000	1	0.130575000000	0.151290000000	0.013801625262	0.012829672658	30000
3	8	0.300000000000	0.800000000000	2	0.146305000000	0.151360000000	0.017391792589	0.012937069520	30000
3	8	0.300000000000	0.800000000000	3	0.144695000000	0.148575000000	0.011731137822	0.016838286816	30000
3	8	0.300000000000	0.800000000000	4	0.147415000000	0.134065000000	0.019114343649	0.019410758680	30000
3	8	0.300000000000	0.800000000000	5	0.148465000000	0.151870000000	0.015427468418	0.015947018762	30000
3	9	0.300000000000	0.900000000000	1	0.149805000000	0.157015000000	0.020982784664	0.020379649288	30000
3	9	0.300000000000	0.900000000000	2	0.148365000000	0.151545000000	0.018464634243	0.016838096582	30000
3	9	0.300000000000	0.900000000000	3	0.154040000000	0.143305000000	0.011788442109	0.014670282621	30000
3	9	0.300000000000	0.900000000000	4	0.155500000000	0.125905000000	0.014363366817	0.012184187680	14000
3	9	0.300000000000	0.900000000000	5	0.139830000000	0.145670000000	0.011502321653	0.012787283316	24000
3	10	0.300000000000	1.000000000000	1	0.000000000000	1.000000000000	0.000000000000	0.000000000000	6000
3	10	0.300000000000	1.000000000000	2	0.000000000000	1.000000000000	0.000000000000	0.000000000000	8000
3	10	0.300000000000	1.000000000000	3	0.000000000000	1.000000000000	0.000000000000	0.000000000000	6000
3	10	0.300000000000	1.000000000000	4	0.000000000000	1.000000000000	0.000000000000	0.000000000000	6000
3	10	0.300000000000	1.000000000000	5	0.000000000000	1.000000000000	0.000000000000	0.000000000000	6000
4	0	0.400000000000	0.000000000000	1	0.199975000000	0.000000000000	0.009376155251	0.000000000000	18000
4	0	0.400000000000	0.000000000000	2	0.206350000000	0.000000000000	0.013764700032	0.000000000000	30000
4	0	0.400000000000	0.000000000000	3	0.207535000000	0.000000000000	0.018056156839	0.000000000000	20000
4	0	0.400000000000	0.000000000000	4	0.208425000000	0.000000000000	0.016079581087	0.000000000000	12000
4	0	0.400000000000	0.000000000000	5	0.200150000000	0.000000000000	0.014864334780	0.000000000000	6000
4	1	0.400000000000	0.100000000000	1	0.144570000000	0.152150000000	0.017172944128	0.013671664654	30000
4	1	0.400000000000	0.100000000000	2	0.149940000000	0.138125000000	0.016332885941	0.020208110816	30000
4	1	0.400000000000	0.100000000000	3	0.137860000000	0.153945000000	0.015167414099	0.014349839473	30000
4	1	0.400000000000	0.100000000000	4	0.159835000000	0.134175000000	0.024057775283	0.027276150083	30000
4	1	0.400000000000	0.100000000000	5	0.141505000000	0.165000000000	0.020750676268	0.014947355064	30000
4	2	0.400000000000	0.200000000000	1	0.155700000000	0.146190000000	0.013796751442	0.012686403937	30000
4	2	0.400000000000	0.200000000000	2	0.157485000000	0.162185000000	0.014498620106	0.012993059478	30000
4	2	0.400000000000	0.200000000000	3	0.161860000000	0.139810000000	0.019424667763	0.015936369344	30000
4	2	0.400000000000	0.200000000000	4	0.145175000000	0.153425000000	0.020404919400	0.014207259455	4000
4	2	0.400000000000	0.200000000000	5	0.143235000000	0.151975000000	0.018020391492	0.013875045654	30000
4	3	0.400000000000	0.300000000000	1	0.155285000000	0.135455000000	0.010406828387	0.013771624183	16000
4	3	0.400000000000	0.300000000000	2	0.169115000000	0.115395000000	0.012322484271	0.014194028514	30000
4	3	0.400000000000	0.300000000000	3	0.157265000000	0.132515000000	0.012377316873	0.016762480597	30000
4	3	0.400000000000	0.300000000000	4	0.156360000000	0.153415000000	0.021482828303	0.016501062392	30000
4	3	0.400000000000	0.300000000000	5	0.143200000000	0.148860000000	0.018068937060	0.018115699782	16000
4	4	0.400000000000	0.400000000000	1	0.143645000000	0.137010000000	0.018266708725	0.019590653223	30000
4	4	0.400000000000	0.400000000000	2	0.152745000000	0.160475000000	0.019894365050	0.019235888188	30000
4	4	0.400000000000	0.400000000000	3	0.157980000000	0.137655000000	0.012382363382	0.013813645131	20000
4	4	0.400000000000	0.400000000000	4	0.160355000000	0.152675000000	0.014333681643	0.009872529658	18000
4	4	0.400000000000	0.400000000000	5	0.144700000000	0.151395000000	0.020646701584	0.017698650152	30000
4	5	0.400000000000	0.500000000000	1	0.149415000000	0.151405000000	0.013398219557	0.012724499514	30000
4	5	0.400000000000	0.500000000000	2	0.135370000000	0.149880000000	0.010971940735	0.013236722057	8000
4	5	0.400000000000	0.500000000000	3	0.156150000000	0.150395000000	0.018359318194	0.014872463319	30000
4	5	0.400000000000	0.500000000000	4	0.152550000000	0.142020000000	0.012942759173	0.017980347407	30000
4	5	0.400000000000	0.500000000000	5	0.150585000000	0.145345000000	0.017948674879	0.017433011354	30000
4	6	0.400000000000	0.600000000000	1	0.151470000000	0.152145000000	0.023952302871	0.013599960806	18000
4	6	0.400000000000	0.600000000000	2	0.158540000000	0.150320000000	0.022634724004	0.030261582301	30000
4	6	0.400000000000	0.600000000000	3	0.151625000000	0.145460000000	0.018054371641	0.024432260136	30000
4	6	0.400000000000	0.600000000000	4	0.138815000000	0.147920000000	0.023415145612	0.015968048678	30000
4	6	0.400000000000	0.600000000000	5	0.135710000000	0.146865000000	0.013893845362	0.012706621629	30000
4	7	0.400000000000	0.700000000000	1	0.139455000000	0.163405000000	0.014421718378	0.015230329541	30000
4	7	0.400000000000	0.700000000000	2	0.155275000000	0.141835000000	0.018054787463	0.015881120395	30000
4	7	0.400000000000	0.700000000000	3	0.151695000000	0.143310000000	0.013260007647	0.009491258293	30000
4	7	0.400000000000	0.700000000000	4	0.155680000000	0.148860000000	0.011109050860	0.013146224676	18000
4	7	0.400000000000	0.700000000000	5	0.151920000000	0.153715000000	0.013727783945	0.016985649451	30000
4	8	0.400000000000	0.800000000000	1	0.148175000000	0.152340000000	0.015025649575	0.012270899518	30000
4	8	0.400000000000	0.800000000000	2	0.151505000000	0.131415000000	0.017529039969	0.022670172291	30000
4	8	0.400000000000	0.800000000000	3	0.132235000000	0.161000000000	0.017379062311	0.013250493409	30000
4	8	0.400000000000	0.800000000000	4	0.154895000000	0.157035000000	0.015814995703	0.017299799365	30000
4	8	0.400000000000	0.800000000000	5	0.140295000000	0.158950000000	0.016513954272	0.010909469122	14000
4	9	0.400000000000	0.900000000000	1	0.141985000000	0.147520000000	0.014539469425	0.016007993499	30000
4	9	0.400000000000	0.900000000000	2	0.156970000000	0.145805000000	0.016168813516	0.018330657053	30000
4	9	0.400000000000	0.900000000000	3	0.145160000000	0.145665000000	0.013581563196	0.015764875715	30000
4	9	0.400000000000	0.900000000000	4	0.153970000000	0.146685000000	0.011795262957	0.013594873872	30000
4	9	0.400000000000	0.900000000000	5	0.152540000000	0.143300000000	0.014261900357	0.012793501228	22000
4	10	0.400000000000	1.000000000000	1	0.000000000000	1.000000000000	0.000000000000	0.000000000000	10000
4	10	0.400000000000	1.000000000000	2	0.000000000000	1.000000000000	0.000000000000	0.000000000000	6000
4	10	0.400000000000	1.000000000000	3	0.000000000000	1.000000000000	0.000000000000	0.000000000000	8000
4	10	0.400000000000	1.000000000000	4	0.000000000000	1.000000000000	0.000000000000	0.000000000000	6000
4	10	0.400000000000	1.000000000000	5	0.000000000000	1.000000000000	0.000000000000	0.000000000000	8000
5	0	0.500000000000	0.000000000000	1	0.209345000000	0.000000000000	0.017070072125	0.000000000000	6000
5	0	0.500000000000	0.000000000000	2	0.205060000000	0.000000000000	0.012391527345	0.000000000000	28000
5	0	0.500000000000	0.000000000000	3	0.220355000000	0.000000000000	0.012153051949	0.000000000000	24000
5	0	0.500000000000	0.000000000000	4	0.210580000000	0.000000000000	0.013190435459	0.000000000000	14000
5	0	0.500000000000	0.000000000000	5	0.200460000000	0.000000000000	0.010833086160	0.000000000000	30000
5	1	0.500000000000	0.100000000000	1	0.133110000000	0.156505000000	0.016316989433	0.015032829440	30000
5	1	0.500000000000	0.100000000000	2	0.140770000000	0.162385000000	0.014227069604	0.015492798385	30000
5	1	0.500000000000	0.100000000000	3	0.161460000000	0.138325000000	0.014890941546	0.017716750782	30000
5	1	0.500000000000	0.100000000000	4	0.156195000000	0.134310000000	0.018408852785	0.013394151832	30000
5	1	0.500000000000	0.100000000000	5	0.132795000000	0.164195000000	0.012422451139	0.014136010816	30000
5	2	0.500000000000	0.200000000000	1	0.157980000000	0.140755000000	0.016595029225	0.016985095480	30000
5	2	0.500000000000	0.200000000000	2	0.151555000000	0.153945000000	0.022089475320	0.021565645181	30000
5	2	0.500000000000	0.200000000000	3	0.165380000000	0.143180000000	0.014137024279	0.013763249145	30000
5	2	0.500000000000	0.200000000000	4	0.143745000000	0.139135000000	0.010826688884	0.014015106072	30000
5	2	0.500000000000	0.200000000000	5	0.151500000000	0.137360000000	0.017685100021	0.014024160477	30000
5	3	0.500000000000	0.300000000000	1	0.153565000000	0.155185000000	0.018091242856	0.015163136077	30000
5	3	0.500000000000	0.300000000000	2	0.143815000000	0.155005000000	0.011364414852	0.018397375857	30000
5	3	0.500000000000	0.300000000000	3	0.153370000000	0.141685000000	0.015384400534	0.013416996340	30000
5	3	0.500000000000	0.300000000000	4	0.149370000000	0.148745000000	0.018199844349	0.011055414836	30000
5	3	0.500000000000	0.300000000000	5	0.151630000000	0.154685000000	0.016757801882	0.015585849149	30000
5	4	0.500000000000	0.400000000000	1	0.158770000000	0.143655000000	0.014185849934	0.014858895038	30000
5	4	0.500000000000	0.400000000000	2	0.158680000000	0.140380000000	0.012375813539	0.011886837128	30000
5	4	0.500000000000	0.400000000000	3	0.158060000000	0.148235000000	0.022917495753	0.013481154124	30000
5	4	0.500000000000	0.400000000000	4	0.150270000000	0.150690000000	0.010821007079	0.016041547034	30000
5	4	0.500000000000	0.400000000000	5	0.145795000000	0.160935000000	0.012878619252	0.014403410472	30000
5	5	0.500000000000	0.500000000000	1	0.148030000000	0.143080000000	0.018810181363	0.017374275970	30000
5	5	0.500000000000	0.500000000000	2	0.136005000000	0.164330000000	0.019095277024	0.020123519972	22000
5	5	0.500000000000	0.500000000000	3	0.163450000000	0.118235000000	0.014462249364	0.013252751051	28000
5	5	0.500000000000	0.500000000000	4	0.142470000000	0.157825000000	0.021561864808	0.015130211443	30000
5	5	0.500000000000	0.500000000000	5	0.134235000000	0.156085000000	0.024600710761	0.014422405513	14000
5	6	0.500000000000	0.600000000000	1	0.136680000000	0.144605000000	0.010662611842	0.017484984979	14000
5	6	0.500000000000	0.600000000000	2	0.157805000000	0.151935000000	0.018866980096	0.015138029427	30000
5	6	0.500000000000	0.600000000000	3	0.153150000000	0.147890000000	0.015986966037	0.017680794963	30000
5	6	0.500000000000	0.600000000000	4	0.144885000000	0.156905000000	0.017647186694	0.012399585667	30000
5	6	0.500000000000	0.600000000000	5	0.129930000000	0.152255000000	0.016818976722	0.016545807286	30000
5	7	0.500000000000	0.700000000000	1	0.165490000000	0.142105000000	0.019126571196	0.016168035761	30000
5	7	0.500000000000	0.700000000000	2	0.148655000000	0.137620000000	0.024084144598	0.021259999708	30000
5	7	0.500000000000	0.700000000000	3	0.151505000000	0.149170000000	0.018115964318	0.011337532343	30000
5	7	0.500000000000	0.700000000000	4	0.154630000000	0.132095000000	0.011975245572	0.010275775716	30000
5	7	0.500000000000	0.700000000000	5	0.162415000000	0.139020000000	0.015038914321	0.011160831697	30000
5	8	0.500000000000	0.800000000000	1	0.142545000000	0.150745000000	0.013475145808	0.014036274149	30000
5	8	0.500000000000	0.800000000000	2	0.158025000000	0.142550000000	0.013162356272	0.010911762762	30000
5	8	0.500000000000	0.800000000000	3	0.156515000000	0.137730000000	0.012437220729	0.010717367306	30000
5	8	0.500000000000	0.800000000000	4	0.172785000000	0.136295000000	0.020080388368	0.015982910512	30000
5	8	0.500000000000	0.800000000000	5	0.150040000000	0.154355000000	0.016798231472	0.012371824321	30000
5	9	0.500000000000	0.900000000000	1	0.146720000000	0.141620000000	0.025900046572	0.025697002470	30000
5	9	0.500000000000	0.900000000000	2	0.134900000000	0.150535000000	0.014661342195	0.017000817710	30000
5	9	0.500000000000	0.900000000000	3	0.159825000000	0.140225000000	0.018021352450	0.015999386093	22000
5	9	0.500000000000	0.900000000000	4	0.154900000000	0.154795000000	0.012930862586	0.019322430782	30000
5	9	0.500000000000	0.900000000000	5	0.144385000000	0.148495000000	0.016337493342	0.012752356551	30000
5	10	0.500000000000	1.000000000000	1	0.000000000000	1.000000000000	0.000000000000	0.000000000000	6000
5	10	0.500000000000	1.000000000000	2	0.000000000000	1.000000000000	0.000000000000	0.000000000000	6000
5	10	0.500000000000	1.000000000000	3	0.000000000000	1.000000000000	0.000000000000	0.000000000000	8000
5	10	0.500000000000	1.000000000000	4	0.000000000000	1.000000000000	0.000000000000	0.000000000000	6000
5	10	0.500000000000	1.000000000000	5	0.000000000000	1.000000000000	0.000000000000	0.000000000000	6000
6	0	0.600000000000	0.000000000000	1	0.217290000000	0.000000000000	0.010701421421	0.000000000000	12000
6	0	0.600000000000	0.000000000000	2	0.205125000000	0.000000000000	0.010827123422	0.000000000000	28000
6	0	0.600000000000	0.000000000000	3	0.198155000000	0.000000000000	0.011375428580	0.000000000000	30000
6	0	0.600000000000	0.000000000000	4	0.208860000000	0.000000000000	0.012958330074	0.000000000000	10000
6	0	0.600000000000	0.000000000000	5	0.222605000000	0.000000000000	0.012407373530	0.000000000000	30000
6	1	0.600000000000	0.100000000000	1	0.153395000000	0.144075000000	0.015738382117	0.012305315754	30000
6	1	0.600000000000	0.100000000000	2	0.167040000000	0.158705000000	0.013351654080	0.016262301111	30000
6	1	0.600000000000	0.100000000000	3	0.154905000000	0.139900000000	0.018246888061	0.014409984304	30000
6	1	0.600000000000	0.100000000000	4	0.137255000000	0.149900000000	0.014587761233	0.020896810203	30000
6	1	0.600000000000	0.100000000000	5	0.151580000000	0.157335000000	0.013129203174	0.017976259926	30000
6	2	0.600000000000	0.200000000000	1	0.153790000000	0.152485000000	0.014482598028	0.017108257289	30000
6	2	0.600000000000	0.200000000000	2	0.147920000000	0.141890000000	0.012795989111	0.013268532472	30000
6	2	0.600000000000	0.200000000000	3	0.160230000000	0.131375000000	0.015617009669	0.016457679977	30000
6	2	0.600000000000	0.200000000000	4	0.134150000000	0.143715000000	0.013090028604	0.012467124937	30000
6	2	0.600000000000	0.200000000000	5	0.153855000000	0.145685000000	0.013475740075	0.016992484207	24000
6	3	0.600000000000	0.300000000000	1	0.168300000000	0.137125000000	0.015314847193	0.014381105354	30000
6	3	0.600000000000	0.300000000000	2	0.142420000000	0.152955000000	0.015583210081	0.015830147459	30000
6	3	0.600000000000	0.300000000000	3	0.147325000000	0.146770000000	0.011625598029	0.014646898362	30000
6	3	0.600000000000	0.300000000000	4	0.145725000000	0.147735000000	0.017121405244	0.018097577111	30000
6	3	0.600000000000	0.300000000000	5	0.165125000000	0.125385000000	0.018820562919	0.014345123128	30000
6	4	0.600000000000	0.400000000000	1	0.149050000000	0.142010000000	0.012086918284	0.020180861408	30000
6	4	0.600000000000	0.400000000000	2	0.146250000000	0.157055000000	0.015758674939	0.014361693258	30000
6	4	0.600000000000	0.400000000000	3	0.143215000000	0.142585000000	0.013204663500	0.014019247994	30000
6	4	0.600000000000	0.400000000000	4	0.130255000000	0.161270000000	0.013006888719	0.010863015470	28000
6	4	0.600000000000	0.400000000000	5	0.155130000000	0.147360000000	0.015977746662	0.015409992468	30000
6	5	0.600000000000	0.500000000000	1	0.158930000000	0.152310000000	0.018191647425	0.016327292503	30000
6	5	0.600000000000	0.500000000000	2	0.156255000000	0.140615000000	0.014758651456	0.010715016873	8000
6	5	0.600000000000	0.500000000000	3	0.150270000000	0.139430000000	0.015742456127	0.014257572668	30000
6	5	0.600000000000	0.500000000000	4	0.143490000000	0.156120000000	0.016216746988	0.016975976667	26000
6	5	0.600000000000	0.500000000000	5	0.150610000000	0.154265000000	0.015794852876	0.013668269700	30000
6	6	0.600000000000	0.600000000000	1	0.154125000000	0.142290000000	0.013384263652	0.016500853862	30000
6	6	0.600000000000	0.600000000000	2	0.145925000000	0.147340000000	0.015668914764	0.014204794126	30000
6	6	0.600000000000	0.600000000000	3	0.147590000000	0.143385000000	0.019014558987	0.016755522150	22000
6	6	0.600000000000	0.600000000000	4	0.150515000000	0.141775000000	0.013881731790	0.014229436104	14000
6	6	0.600000000000	0.600000000000	5	0.166140000000	0.153915000000	0.014949042574	0.013587950817	30000
6	7	0.600000000000	0.700000000000	1	0.161155000000	0.144540000000	0.018581879917	0.012063744607	30000
6	7	0.600000000000	0.700000000000	2	0.151215000000	0.153100000000	0.013985505689	0.014477555028	30000
6	7	0.600000000000	0.700000000000	3	0.142245000000	0.152385000000	0.017693163172	0.018225502570	30000
6	7	0.600000000000	0.700000000000	4	0.154015000000	0.159730000000	0.016982142626	0.011298440368	30000
6	7	0.600000000000	0.700000000000	5	0.155140000000	0.155170000000	0.013947219254	0.021649244555	30000
6	8	0.600000000000	0.800000000000	1	0.158705000000	0.149615000000	0.014372005063	0.011552499090	30000
6	8	0.600000000000	0.800000000000	2	0.150430000000	0.135930000000	0.021550627126	0.016568331528	30000
6	8	0.600000000000	0.800000000000	3	0.158550000000	0.128275000000	0.018433320029	0.018733668229	30000
6	8	0.600000000000	0.800000000000	4	0.155280000000	0.135365000000	0.013588828362	0.020216341793	30000
6	8	0.600000000000	0.800000000000	5	0.154530000000	0.139415000000	0.016923815040	0.015038581513	30000
6	9	0.600000000000	0.900000000000	1	0.153110000000	0.145720000000	0.019231426046	0.017908163007	30000
6	9	0.600000000000	0.900000000000	2	0.149870000000	0.148290000000	0.013465304097	0.013557643959	30000
6	9	0.600000000000	0.900000000000	3	0.134780000000	0.162710000000	0.015549707180	0.012422166084	30000
6	9	0.600000000000	0.900000000000	4	0.147355000000	0.153800000000	0.014757939279	0.013339337987	30000
6	9	0.600000000000	0.900000000000	5	0.154130000000	0.135280000000	0.017604062117	0.013089803014	30000
6	10	0.600000000000	1.000000000000	1	0.000000000000	1.000000000000	0.000000000000	0.000000000000	6000
6	10	0.600000000000	1.000000000000	2	0.000000000000	1.000000000000	0.000000000000	0.000000000000	6000
6	10	0.600000000000	1.000000000000	3	0.000000000000	1.000000000000	0.000000000000	0.000000000000	8000
6	10	0.600000000000	1.000000000000	4	0.000000000000	1.000000000000	0.000000000000	0.000000000000	6000
6	10	0.600000000000	1.000000000000	5	0.000000000000	1.000000000000	0.000000000000	0.000000000000	6000
7	0	0.700000000000	0.000000000000	1	0.202720000000	0.000000000000	0.015588283889	0.000000000000	16000
7	0	0.700000000000	0.000000000000	2	0.211110000000	0.000000000000	0.011927286370	0.000000000000	6000
7	0	0.700000000000	0.000000000000	3	0.201280000000	0.000000000000	0.010337720661	0.000000000000	28000
7	0	0.700000000000	0.000000000000	4	0.197675000000	0.000000000000	0.013984453509	0.000000000000	30000
7	0	0.700000000000	0.000000000000	5	0.207655000000	0.000000000000	0.014360787137	0.000000000000	18000
7	1	0.700000000000	0.100000000000	1	0.152570000000	0.150675000000	0.011635311791	0.014983119464	30000
7	1	0.700000000000	0.100000000000	2	0.147325000000	0.148695000000	0.013945029180	0.014786501128	30000
7	1	0.700000000000	0.100000000000	3	0.152800000000	0.149775000000	0.016250356121	0.021539227315	18000
7	1	0.700000000000	0.100000000000	4	0.151775000000	0.142030000000	0.013420301020	0.014423492543	30000
7	1	0.700000000000	0.100000000000	5	0.135190000000	0.156180000000	0.012689559682	0.017634300910	20000
7	2	0.700000000000	0.200000000000	1	0.148605000000	0.134585000000	0.017913678429	0.014058820200	18000
7	2	0.700000000000	0.200000000000	2	0.138585000000	0.149480000000	0.019588427233	0.015877080389	30000
7	2	0.700000000000	0.200000000000	3	0.133330000000	0.156055000000	0.016325673880	0.011432089383	30000
7	2	0.700000000000	0.200000000000	4	0.156185000000	0.128355000000	0.010981410035	0.013219066484	30000
7	2	0.700000000000	0.200000000000	5	0.138110000000	0.158055000000	0.012622885456	0.023227817515	30000
7	3	0.700000000000	0.300000000000	1	0.152935000000	0.139025000000	0.015596603125	0.017054771773	26000
7	3	0.700000000000	0.300000000000	2	0.148700000000	0.135610000000	0.016330238108	0.015136281149	6000
7	3	0.700000000000	0.300000000000	3	0.145555000000	0.147070000000	0.016685184158	0.014828519312	30000
7	3	0.700000000000	0.300000000000	4	0.134775000000	0.146765000000	0.016449771122	0.022356421551	30000
7	3	0.700000000000	0.300000000000	5	0.160260000000	0.140675000000	0.016916517625	0.012305315754	30000
7	4	0.700000000000	0.400000000000	1	0.140390000000	0.149865000000	0.017268355338	0.015849542043	30000
7	4	0.700000000000	0.400000000000	2	0.164990000000	0.125135000000	0.014918862975	0.013284700157	30000
7	4	0.700000000000	0.400000000000	3	0.153395000000	0.151350000000	0.024217461891	0.023576117860	30000
7	4	0.700000000000	0.400000000000	4	0.158635000000	0.139135000000	0.012227480782	0.012529315973	30000
7	4	0.700000000000	0.400000000000	5	0.160425000000	0.140870000000	0.018393822542	0.010428415596	30000
7	5	0.700000000000	0.500000000000	1	0.154940000000	0.145390000000	0.013033275347	0.011697637998	30000
7	5	0.700000000000	0.500000000000	2	0.167235000000	0.146960000000	0.022136390736	0.020657568471	30000
7	5	0.700000000000	0.500000000000	3	0.143250000000	0.141335000000	0.019277165484	0.014446503953	30000
7	5	0.700000000000	0.500000000000	4	0.147340000000	0.148140000000	0.013548356283	0.013591362151	30000
7	5	0.700000000000	0.500000000000	5	0.135135000000	0.157465000000	0.015072622829	0.014569181035	30000
7	6	0.700000000000	0.600000000000	1	0.134870000000	0.164175000000	0.015154628427	0.014790643601	30000
7	6	0.700000000000	0.600000000000	2	0.149125000000	0.143290000000	0.027171633603	0.017604994628	30000
7	6	0.700000000000	0.600000000000	3	0.149390000000	0.146675000000	0.013726482299	0.014786413122	30000
7	6	0.700000000000	0.600000000000	4	0.132665000000	0.154270000000	0.010463376953	0.017903564942	30000
7	6	0.700000000000	0.600000000000	5	0.137245000000	0.150590000000	0.014603021031	0.010129388160	30000
7	7	0.700000000000	0.700000000000	1	0.147530000000	0.151310000000	0.017699219259	0.018235032668	30000
7	7	0.700000000000	0.700000000000	2	0.159095000000	0.140300000000	0.015472406741	0.015404457059	30000
7	7	0.700000000000	0.700000000000	3	0.153155000000	0.138120000000	0.017705492353	0.016899739679	30000
7	7	0.700000000000	0.700000000000	4	0.135470000000	0.157900000000	0.014953350885	0.018393703497	30000
7	7	0.700000000000	0.700000000000	5	0.154690000000	0.132860000000	0.013029722701	0.013423881726	30000
7	8	0.700000000000	0.800000000000	1	0.145925000000	0.134875000000	0.020313345539	0.015575685442	24000
7	8	0.700000000000	0.800000000000	2	0.158360000000	0.128315000000	0.009690423329	0.013027105606	30000
7	8	0.700000000000	0.800000000000	3	0.147530000000	0.155160000000	0.013947890294	0.013826263616	30000
7	8	0.700000000000	0.800000000000	4	0.130010000000	0.171730000000	0.019165521574	0.020102517534	30000
7	8	0.700000000000	0.800000000000	5	0.123515000000	0.167855000000	0.014590498883	0.022818735058	30000
7	9	0.700000000000	0.900000000000	1	0.164130000000	0.134500000000	0.019823876666	0.013421256652	26000
7	9	0.700000000000	0.900000000000	2	0.147980000000	0.161665000000	0.013608997201	0.015262231512	20000
7	9	0.700000000000	0.900000000000	3	0.154325000000	0.135765000000	0.017081016836	0.023700242119	30000
7	9	0.700000000000	0.900000000000	4	0.141785000000	0.156670000000	0.018442583981	0.013523830596	30000
7	9	0.700000000000	0.900000000000	5	0.150710000000	0.151050000000	0.020804536254	0.015912281442	30000
7	10	0.700000000000	1.000000000000	1	0.000000000000	1.000000000000	0.000000000000	0.000000000000	8000
7	10	0.700000000000	1.000000000000	2	0.000000000000	1.000000000000	0.000000000000	0.000000000000	10000
7	10	0.700000000000	1.000000000000	3	0.000000000000	1.000000000000	0.000000000000	0.000000000000	8000
7	10	0.700000000000	1.000000000000	4	0.000000000000	1.000000000000	0.000000000000	0.000000000000	6000
7	10	0.700000000000	1.000000000000	5	0.000000000000	1.000000000000	0.000000000000	0.000000000000	6000
8	0	0.800000000000	0.000000000000	1	0.206420000000	0.000000000000	0.015419836944	0.000000000000	30000
8	0	0.800000000000	0.000000000000	2	0.210985000000	0.000000000000	0.011941414170	0.000000000000	16000
8	0	0.800000000000	0.000000000000	3	0.201510000000	0.000000000000	0.019158208083	0.000000000000	6000
8	0	0.800000000000	0.000000000000	4	0.195300000000	0.000000000000	0.011787660877	0.000000000000	16000
8	0	0.800000000000	0.000000000000	5	0.201435000000	0.000000000000	0.011333323397	0.000000000000	8000
8	1	0.800000000000	0.100000000000	1	0.146075000000	0.145610000000	0.013653050237	0.012850799315	30000
8	1	0.800000000000	0.100000000000	2	0.166890000000	0.134375000000	0.018472117343	0.014525679687	30000
8	1	0.800000000000	0.100000000000	3	0.158610000000	0.124890000000	0.013777071812	0.014422062817	30000
8	1	0.800000000000	0.100000000000	4	0.157880000000	0.147560000000	0.011150333176	0.016987789291	30000
8	1	0.800000000000	0.100000000000	5	0.154000000000	0.145690000000	0.014763738279	0.020101690923	30000
8	2	0.800000000000	0.200000000000	1	0.141155000000	0.145465000000	0.018468406998	0.025204047671	30000
8	2	0.800000000000	0.200000000000	2	0.163445000000	0.140780000000	0.014578048377	0.014101079407	30000
8	2	0.800000000000	0.200000000000	3	0.159095000000	0.134685000000	0.017057166292	0.015864345321	28000
8	2	0.800000000000	0.200000000000	4	0.148305000000	0.144650000000	0.012869249885	0.013360613983	30000
8	2	0.800000000000	0.200000000000	5	0.167550000000	0.137720000000	0.021162356800	0.013839911240	30000
8	3	0.800000000000	0.300000000000	1	0.138810000000	0.161750000000	0.016855800723	0.013088499105	30000
8	3	0.800000000000	0.300000000000	2	0.141565000000	0.157385000000	0.016133383435	0.014102682747	30000
8	3	0.800000000000	0.300000000000	3	0.159020000000	0.131230000000	0.015605548152	0.017247741434	30000
8	3	0.800000000000	0.300000000000	4	0.154430000000	0.155800000000	0.011092706980	0.014471330948	30000
8	3	0.800000000000	0.300000000000	5	0.162185000000	0.136225000000	0.019566134228	0.012248444775	30000
8	4	0.800000000000	0.400000000000	1	0.154625000000	0.143630000000	0.012481593054	0.014173001587	30000
8	4	0.800000000000	0.400000000000	2	0.132105000000	0.152270000000	0.018814833855	0.017111104286	30000
8	4	0.800000000000	0.400000000000	3	0.151620000000	0.137340000000	0.014806918817	0.012143799730	30000
8	4	0.800000000000	0.400000000000	4	0.152090000000	0.133835000000	0.015393793193	0.011421393226	30000
8	4	0.800000000000	0.400000000000	5	0.132150000000	0.163370000000	0.015944645864	0.016127715375	30000
8	5	0.800000000000	0.500000000000	1	0.158770000000	0.148300000000	0.013585715722	0.017566119906	30000
8	5	0.800000000000	0.500000000000	2	0.136165000000	0.151965000000	0.014916107578	0.018770085005	30000
8	5	0.800000000000	0.500000000000	3	0.161790000000	0.134090000000	0.018600857289	0.020387190526	30000
8	5	0.800000000000	0.500000000000	4	0.142755000000	0.147075000000	0.012605311137	0.015665720213	30000
8	5	0.800000000000	0.500000000000	5	0.151080000000	0.153385000000	0.014919993506	0.013431201442	30000
8	6	0.800000000000	0.600000000000	1	0.155500000000	0.127490000000	0.015156837722	0.021853546108	10000
8	6	0.800000000000	0.600000000000	2	0.153425000000	0.139005000000	0.019220140187	0.015076879229	30000
8	6	0.800000000000	0.600000000000	3	0.148360000000	0.151850000000	0.018640221508	0.013817323128	30000
8	6	0.800000000000	0.600000000000	4	0.153040000000	0.143670000000	0.014682437603	0.010525772746	30000
8	6	0.800000000000	0.600000000000	5	0.142315000000	0.153185000000	0.012836687873	0.016105594220	30000
8	7	0.800000000000	0.700000000000	1	0.158765000000	0.128400000000	0.012385603666	0.011986812908	30000
8	7	0.800000000000	0.700000000000	2	0.141095000000	0.135900000000	0.014217176341	0.012045127027	30000
8	7	0.800000000000	0.700000000000	3	0.139975000000	0.144400000000	0.022618266091	0.017790629739	30000
8	7	0.800000000000	0.700000000000	4	0.135850000000	0.155310000000	0.017637703609	0.012010335056	30000
8	7	0.800000000000	0.700000000000	5	0.137405000000	0.142435000000	0.013295403068	0.018430557790	30000
8	8	0.800000000000	0.800000000000	1	0.147430000000	0.154020000000	0.014527771892	0.019394993317	24000
8	8	0.800000000000	0.800000000000	2	0.127030000000	0.156705000000	0.014919842549	0.014103789983	30000
8	8	0.800000000000	0.800000000000	3	0.153745000000	0.154210000000	0.014836444827	0.015936746214	30000
8	8	0.800000000000	0.800000000000	4	0.146725000000	0.162205000000	0.018898585437	0.021173362659	30000
8	8	0.800000000000	0.800000000000	5	0.135915000000	0.160690000000	0.012322321803	0.012213642908	24000
8	9	0.800000000000	0.900000000000	1	0.168330000000	0.146035000000	0.017185937753	0.015901466336	30000
8	9	0.800000000000	0.900000000000	2	0.147220000000	0.149090000000	0.013833400268	0.017292221399	30000
8	9	0.800000000000	0.900000000000	3	0.130395000000	0.148755000000	0.014421406032	0.011465445104	30000
8	9	0.800000000000	0.900000000000	4	0.138575000000	0.154255000000	0.016127754942	0.014704972329	30000
8	9	0.800000000000	0.900000000000	5	0.162180000000	0.144425000000	0.020212772105	0.014839629025	30000
8	10	0.800000000000	1.000000000000	1	0.000000000000	1.000000000000	0.000000000000	0.000000000000	6000
8	10	0.800000000000	1.000000000000	2	0.000000000000	1.000000000000	0.000000000000	0.000000000000	6000
8	10	0.800000000000	1.000000000000	3	0.008805000000	1.000000000000	0.006267875339	0.000000000000	6000
8	10	0.800000000000	1.000000000000	4	0.000000000000	1.000000000000	0.000000000000	0.000000000000	6000
8	10	0.800000000000	1.000000000000	5	0.000000000000	1.000000000000	0.000000000000	0.000000000000	8000
9	0	0.900000000000	0.000000000000	1	0.208595000000	0.000000000000	0.012274022431	0.000000000000	8000
9	0	0.900000000000	0.000000000000	2	0.212415000000	0.000000000000	0.013992446661	0.000000000000	30000
9	0	0.900000000000	0.000000000000	3	0.205115000000	0.000000000000	0.014316659587	0.000000000000	20000
9	0	0.900000000000	0.000000000000	4	0.208360000000	0.000000000000	0.015690972137	0.000000000000	24000
9	0	0.900000000000	0.000000000000	5	0.196905000000	0.000000000000	0.015913806089	0.000000000000	20000
9	1	0.900000000000	0.100000000000	1	0.142875000000	0.148920000000	0.016447793314	0.014157472728	30000
9	1	0.900000000000	0.100000000000	2	0.142630000000	0.151675000000	0.020679960367	0.019077036151	30000
9	1	0.900000000000	0.100000000000	3	0.155240000000	0.159190000000	0.017256598454	0.017842708938	30000
9	1	0.900000000000	0.100000000000	4	0.157815000000	0.156410000000	0.016303882715	0.014624492325	30000
9	1	0.900000000000	0.100000000000	5	0.170015000000	0.148320000000	0.011519873371	0.012823495703	30000
9	2	0.900000000000	0.200000000000	1	0.139620000000	0.146475000000	0.013163543553	0.018737675295	30000
9	2	0.900000000000	0.200000000000	2	0.144840000000	0.146340000000	0.022967409560	0.022361897380	30000
9	2	0.900000000000	0.200000000000	3	0.150810000000	0.160245000000	0.016936077785	0.014471503011	30000
9	2	0.900000000000	0.200000000000	4	0.145610000000	0.143880000000	0.013355008658	0.014217867201	30000
9	2	0.900000000000	0.200000000000	5	0.156705000000	0.138170000000	0.011828266267	0.023158960198	30000
9	3	0.900000000000	0.300000000000	1	0.141880000000	0.149690000000	0.010486924028	0.014188206554	30000
9	3	0.900000000000	0.300000000000	2	0.161745000000	0.132745000000	0.014516911370	0.013452544218	30000
9	3	0.900000000000	0.300000000000	3	0.149580000000	0.156715000000	0.020087984646	0.020103181661	30000
9	3	0.900000000000	0.300000000000	4	0.133275000000	0.151005000000	0.014736571567	0.016794255626	30000
9	3	0.900000000000	0.300000000000	5	0.147540000000	0.147025000000	0.016629038605	0.016055595821	30000
9	4	0.900000000000	0.400000000000	1	0.152445000000	0.161980000000	0.013521457200	0.014009849245	30000
9	4	0.900000000000	0.400000000000	2	0.156335000000	0.133680000000	0.013144030605	0.015431971544	30000
9	4	0.900000000000	0.400000000000	3	0.153140000000	0.155905000000	0.016217379671	0.018187544138	30000
9	4	0.900000000000	0.400000000000	4	0.145840000000	0.148165000000	0.018286026872	0.015041077389	30000
9	4	0.900000000000	0.400000000000	5	0.147825000000	0.140795000000	0.013052384447	0.011043773809	18000
9	5	0.900000000000	0.500000000000	1	0.148580000000	0.139550000000	0.013411318483	0.015929571597	28000
9	5	0.900000000000	0.500000000000	2	0.140350000000	0.158520000000	0.016391955228	0.014328814149	30000
9	5	0.900000000000	0.500000000000	3	0.160785000000	0.129685000000	0.015772049091	0.011410783539	30000
9	5	0.900000000000	0.500000000000	4	0.157545000000	0.135960000000	0.017733088773	0.020596179321	30000
9	5	0.900000000000	0.500000000000	5	0.137955000000	0.159410000000	0.023907415995	0.013545677738	30000
9	6	0.900000000000	0.600000000000	1	0.153745000000	0.149650000000	0.017128729327	0.011835014473	30000
9	6	0.900000000000	0.600000000000	2	0.159840000000	0.136350000000	0.014592372574	0.014089926402	30000
9	6	0.900000000000	0.600000000000	3	0.148870000000	0.150005000000	0.016202951448	0.025242070778	30000
9	6	0.900000000000	0.600000000000	4	0.142425000000	0.153935000000	0.011237021209	0.017730062891	30000
9	6	0.900000000000	0.600000000000	5	0.139775000000	0.151160000000	0.015361000467	0.011770426625	30000
9	7	0.900000000000	0.700000000000	1	0.155315000000	0.147330000000	0.016145787731	0.010343020742	30000
9	7	0.900000000000	0.700000000000	2	0.129135000000	0.162320000000	0.016477204656	0.015295474872	30000
9	7	0.900000000000	0.700000000000	3	0.164270000000	0.143265000000	0.015527659457	0.018743427944	30000
9	7	0.900000000000	0.700000000000	4	0.148940000000	0.151480000000	0.020891693633	0.018097987102	30000
9	7	0.900000000000	0.700000000000	5	0.133810000000	0.154095000000	0.019808490005	0.019535547410	16000
9	8	0.900000000000	0.800000000000	1	0.152335000000	0.153330000000	0.015183982624	0.012178235070	30000
9	8	0.900000000000	0.800000000000	2	0.147500000000	0.140650000000	0.012190102485	0.010527978834	30000
9	8	0.900000000000	0.800000000000	3	0.157205000000	0.147530000000	0.010678342662	0.025075443722	30000
9	8	0.900000000000	0.800000000000	4	0.131785000000	0.149820000000	0.015431360987	0.018005326762	30000
9	8	0.900000000000	0.800000000000	5	0.164990000000	0.126570000000	0.013994489835	0.015217314700	30000
9	9	0.900000000000	0.900000000000	1	0.157705000000	0.137145000000	0.019730617635	0.016431493206	30000
9	9	0.900000000000	0.900000000000	2	0.142755000000	0.128370000000	0.014903257432	0.015220866427	30000
9	9	0.900000000000	0.900000000000	3	0.149800000000	0.145645000000	0.016487323368	0.011575533161	30000
9	9	0.900000000000	0.900000000000	4	0.143950000000	0.158015000000	0.024659797355	0.014371545370	30000
9	9	0.900000000000	0.900000000000	5	0.147895000000	0.156290000000	0.015801698284	0.012348618886	30000
9	10	0.900000000000	1.000000000000	1	0.000000000000	1.000000000000	0.000000000000	0.000000000000	6000
9	10	0.900000000000	1.000000000000	2	0.000000000000	1.000000000000	0.000000000000	0.000000000000	8000
9	10	0.900000000000	1.000000000000	3	0.002845000000	1.000000000000	0.003904640985	0.000000000000	6000
9	10	0.900000000000	1.000000000000	4	0.000000000000	1.000000000000	0.000000000000	0.000000000000	8000
9	10	0.900000000000	1.000000000000	5	0.000000000000	1.000000000000	0.000000000000	0.000000000000	6000
10	0	1.000000000000	0.000000000000	1	1.000000000000	0.000000000000	0.000000000000	0.000000000000	4000
10	0	1.000000000000	0.000000000000	2	1.000000000000	0.000000000000	0.000000000000	0.000000000000	4000
10	0	1.000000000000	0.000000000000	3	1.000000000000	0.000000000000	0.000000000000	0.000000000000	4000
10	0	1.000000000000	0.000000000000	4	1.000000000000	0.000000000000	0.000000000000	0.000000000000	4000
10	0	1.000000000000	0.000000000000	5	1.000000000000	0.000000000000	0.000000000000	0.000000000000	4000
10	1	1.000000000000	0.100000000000	1	1.000000000000	0.000000000000	0.000000000000	0.000000000000	6000
10	1	1.000000000000	0.100000000000	2	1.000000000000	0.000000000000	0.000000000000	0.000000000000	6000
10	1	1.000000000000	0.100000000000	3	1.000000000000	0.000000000000	0.000000000000	0.000000000000	6000
10	1	1.000000000000	0.100000000000	4	1.000000000000	0.000000000000	0.000000000000	0.000000000000	6000
10	1	1.000000000000	0.100000000000	5	1.000000000000	0.000000000000	0.000000000000	0.000000000000	6000
10	2	1.000000000000	0.200000000000	1	1.000000000000	0.000000000000	0.000000000000	0.000000000000	6000
10	2	1.000000000000	0.200000000000	2	1.000000000000	0.000000000000	0.000000000000	0.000000000000	8000
10	2	1.000000000000	0.200000000000	3	1.000000000000	0.000000000000	0.000000000000	0.000000000000	6000
10	2	1.000000000000	0.200000000000	4	1.000000000000	0.000000000000	0.000000000000	0.000000000000	6000
10	2	1.000000000000	0.200000000000	5	1.000000000000	0.000000000000	0.000000000000	0.000000000000	6000
10	3	1.000000000000	0.300000000000	1	1.000000000000	0.000000000000	0.000000000000	0.000000000000	6000
10	3	1.000000000000	0.300000000000	2	1.000000000000	0.000000000000	0.000000000000	0.000000000000	6000
10	3	1.000000000000	0.300000000000	3	1.000000000000	0.000000000000	0.000000000000	0.000000000000	8000
10	3	1.000000000000	0.300000000000	4	1.000000000000	0.000000000000	0.000000000000	0.000000000000	6000
10	3	1.000000000000	0.300000000000	5	1.000000000000	0.000000000000	0.000000000000	0.000000000000	6000
10	4	1.000000000000	0.400000000000	1	1.000000000000	0.000000000000	0.000000000000	0.000000000000	6000
10	4	1.000000000000	0.400000000000	2	1.000000000000	0.000000000000	0.000000000000	0.000000000000	6000
10	4	1.000000000000	0.400000000000	3	1.000000000000	0.000000000000	0.000000000000	0.000000000000	10000
10	4	1.000000000000	0.400000000000	4	1.000000000000	0.000000000000	0.000000000000	0.000000000000	6000
10	4	1.000000000000	0.400000000000	5	1.000000000000	0.000000000000	0.000000000000	0.000000000000	6000
10	5	1.000000000000	0.500000000000	1	1.000000000000	0.000000000000	0.000000000000	0.000000000000	8000
10	5	1.000000000000	0.500000000000	2	1.000000000000	0.000000000000	0.000000000000	0.000000000000	8000
10	5	1.000000000000	0.500000000000	3	1.000000000000	0.000000000000	0.000000000000	0.000000000000	6000
10	5	1.000000000000	0.500000000000	4	1.000000000000	0.000000000000	0.000000000000	0.000000000000	6000
10	5	1.000000000000	0.500000000000	5	1.000000000000	0.000000000000	0.000000000000	0.000000000000	8000
10	6	1.000000000000	0.600000000000	1	1.000000000000	0.000000000000	0.000000000000	0.000000000000	6000
10	6	1.000000000000	0.600000000000	2	1.000000000000	0.000000000000	0.000000000000	0.000000000000	6000
10	6	1.000000000000	0.600000000000	3	1.000000000000	0.000000000000	0.000000000000	0.000000000000	6000
10	6	1.000000000000	0.600000000000	4	1.000000000000	0.000000000000	0.000000000000	0.000000000000	6000
10	6	1.000000000000	0.600000000000	5	1.000000000000	0.000000000000	0.000000000000	0.000000000000	6000
10	7	1.000000000000	0.700000000000	1	1.000000000000	0.000000000000	0.000000000000	0.000000000000	6000
10	7	1.000000000000	0.700000000000	2	1.000000000000	0.000000000000	0.000000000000	0.000000000000	6000
10	7	1.000000000000	0.700000000000	3	1.000000000000	0.000000000000	0.000000000000	0.000000000000	6000
10	7	1.000000000000	0.700000000000	4	1.000000000000	0.000000000000	0.000000000000	0.000000000000	6000
10	7	1.000000000000	0.700000000000	5	1.000000000000	0.000000000000	0.000000000000	0.000000000000	6000
10	8	1.000000000000	0.800000000000	1	1.000000000000	0.000000000000	0.000000000000	0.000000000000	6000
10	8	1.000000000000	0.800000000000	2	1.000000000000	0.000000000000	0.000000000000	0.000000000000	6000
10	8	1.000000000000	0.800000000000	3	1.000000000000	0.000000000000	0.000000000000	0.000000000000	6000
10	8	1.000000000000	0.800000000000	4	1.000000000000	0.000000000000	0.000000000000	0.000000000000	6000
10	8	1.000000000000	0.800000000000	5	1.000000000000	0.000000000000	0.000000000000	0.000000000000	8000
10	9	1.000000000000	0.900000000000	1	1.000000000000	0.000000000000	0.000000000000	0.000000000000	8000
10	9	1.000000000000	0.900000000000	2	1.000000000000	0.000000000000	0.000000000000	0.000000000000	6000
10	9	1.000000000000	0.900000000000	3	1.000000000000	0.000000000000	0.000000000000	0.000000000000	6000
10	9	1.000000000000	0.900000000000	4	1.000000000000	0.000000000000	0.000000000000	0.000000000000	6000
10	9	1.000000000000	0.900000000000	5	1.000000000000	0.000000000000	0.000000000000	0.000000000000	6000
10	10	1.000000000000	1.000000000000	1	1.000000000000	1.000000000000	0.000000000000	0.000000000000	4000
10	10	1.000000000000	1.000000000000	2	1.000000000000	1.000000000000	0.000000000000	0.000000000000	4000
10	10	1.000000000000	1.000000000000	3	1.000000000000	1.000000000000	0.000000000000	0.000000000000	4000
10	10	1.000000000000	1.000000000000	4	1.000000000000	1.000000000000	0.000000000000	0.000000000000	4000
10	10	1.000000000000	1.000000000000	5	1.000000000000	1.000000000000	0.000000000000	0.000000000000	4000
