# scan initial plane
# b 1.3
# r 0
# e -0.4
# N1 350
# N2 350
# P11 0.9
# p12 0.1
# P22 0.9
# T_MCS 1000
# T_MAX 30000
# W 2000
# UPDATE_RULE 0
# FERMI_BETA 1
# DEGREE_ALPHA 0.5
# DEGREE_FACTOR_MIN 0.5
# DEGREE_FACTOR_MAX 2
# ndiv 10
# n_reps 5
# A:(0,1),	A':(0,0.133),	B:(1,0),	B'=(0.133,0),	C:(1,1),	D:(0,0),	E:(0.108,0.108) 
# columns: ix iy x1_0 x2_0 rep x1_inf x2_inf sigma_1 sigma_2 t_relax
0	0	0.000000000000	0.000000000000	1	0.000000000000	0.000000000000	0.000000000000	0.000000000000	4000
0	0	0.000000000000	0.000000000000	2	0.000000000000	0.000000000000	0.000000000000	0.000000000000	4000
0	0	0.000000000000	0.000000000000	3	0.000000000000	0.000000000000	0.000000000000	0.000000000000	4000
0	0	0.000000000000	0.000000000000	4	0.000000000000	0.000000000000	0.000000000000	0.000000000000	4000
0	0	0.000000000000	0.000000000000	5	0.000000000000	0.000000000000	0.000000000000	0.000000000000	4000
0	1	0.000000000000	0.100000000000	1	0.000000000000	0.131911428571	0.000000000000	0.005886465752	26000
0	1	0.000000000000	0.100000000000	2	0.000000000000	0.128548571429	0.000000000000	0.005566467925	12000
0	1	0.000000000000	0.100000000000	3	0.000000000000	0.129385714286	0.000000000000	0.006599387795	14000
0	1	0.000000000000	0.100000000000	4	0.000000000000	0.129391428571	0.000000000000	0.007741735803	30000
0	1	0.000000000000	0.100000000000	5	0.000000000000	0.131302857143	0.000000000000	0.005504562691	6000
0	2	0.000000000000	0.200000000000	1	0.000000000000	0.129271428571	0.000000000000	0.006080752172	4000
0	2	0.000000000000	0.200000000000	2	0.000000000000	0.126794285714	0.000000000000	0.008454377865	8000
0	2	0.000000000000	0.200000000000	3	0.000000000000	0.129522857143	0.000000000000	0.006206533641	20000
0	2	0.000000000000	0.200000000000	4	0.000000000000	0.128060000000	0.000000000000	0.006352825438	6000
0	2	0.000000000000	0.200000000000	5	0.000000000000	0.131040000000	0.000000000000	0.006235033520	4000
0	3	0.000000000000	0.300000000000	1	0.000000000000	0.129002857143	0.000000000000	0.006578567861	6000
0	3	0.000000000000	0.300000000000	2	0.000000000000	0.132220000000	0.000000000000	0.006266908284	30000
0	3	0.000000000000	0.300000000000	3	0.000000000000	0.126860000000	0.000000000000	0.005597402486	8000
0	3	0.000000000000	0.300000000000	4	0.000000000000	0.124597142857	0.000000000000	0.007507832114	12000
0	3	0.000000000000	0.300000000000	5	0.000000000000	0.129128571429	0.000000000000	0.006438438810	24000
0	4	0.000000000000	0.400000000000	1	0.000000000000	0.128414285714	0.000000000000	0.006389389148	30000
0	4	0.000000000000	0.400000000000	2	0.000000000000	0.125642857143	0.000000000000	0.009798015266	14000
0	4	0.000000000000	0.400000000000	3	0.000000000000	0.124425714286	0.000000000000	0.008000734885	16000
0	4	0.000000000000	0.400000000000	4	0.000000000000	0.124874285714	0.000000000000	0.006585622483	12000
0	4	0.000000000000	0.400000000000	5	0.000000000000	0.126114285714	0.000000000000	0.005609215635	30000
0	5	0.000000000000	0.500000000000	1	0.000000000000	0.125471428571	0.000000000000	0.005459630268	6000
0	5	0.000000000000	0.500000000000	2	0.000000000000	0.128794285714	0.000000000000	0.006294000233	6000
0	5	0.000000000000	0.500000000000	3	0.000000000000	0.128391428571	0.000000000000	0.006762823727	24000
0	5	0.000000000000	0.500000000000	4	0.000000000000	0.127231428571	0.000000000000	0.006033578488	30000
0	5	0.000000000000	0.500000000000	5	0.000000000000	0.125405714286	0.000000000000	0.006421511925	16000
0	6	0.000000000000	0.600000000000	1	0.000000000000	0.130028571429	0.000000000000	0.006451703777	10000
0	6	0.000000000000	0.600000000000	2	0.000000000000	0.129728571429	0.000000000000	0.005771892525	8000
0	6	0.000000000000	0.600000000000	3	0.000000000000	0.126068571429	0.000000000000	0.004494985051	8000
0	6	0.000000000000	0.600000000000	4	0.000000000000	0.128897142857	0.000000000000	0.008067560123	10000
0	6	0.000000000000	0.600000000000	5	0.000000000000	0.127048571429	0.000000000000	0.005878458874	12000
0	7	0.000000000000	0.697142857143	1	0.000000000000	0.124525714286	0.000000000000	0.006139574912	10000
0	7	0.000000000000	0.697142857143	2	0.000000000000	0.129785714286	0.000000000000	0.007978631243	12000
0	7	0.000000000000	0.697142857143	3	0.000000000000	0.131291428571	0.000000000000	0.004387416193	16000
0	7	0.000000000000	0.697142857143	4	0.000000000000	0.128820000000	0.000000000000	0.007459412488	16000
0	7	0.000000000000	0.697142857143	5	0.000000000000	0.132934285714	0.000000000000	0.005287409532	12000
0	8	0.000000000000	0.800000000000	1	0.000000000000	0.129754285714	0.000000000000	0.007860088888	30000
0	8	0.000000000000	0.800000000000	2	0.000000000000	0.127368571429	0.000000000000	0.006766887186	12000
0	8	0.000000000000	0.800000000000	3	0.000000000000	0.126597142857	0.000000000000	0.006642426360	24000
0	8	0.000000000000	0.800000000000	4	0.000000000000	0.124385714286	0.000000000000	0.005720556405	14000
0	8	0.000000000000	0.800000000000	5	0.000000000000	0.128868571429	0.000000000000	0.006851744860	20000
0	9	0.000000000000	0.900000000000	1	0.000000000000	0.128577142857	0.000000000000	0.005142250151	20000
0	9	0.000000000000	0.900000000000	2	0.000000000000	0.128320000000	0.000000000000	0.006761147020	6000
0	9	0.000000000000	0.900000000000	3	0.000000000000	0.127420000000	0.000000000000	0.005716137981	8000
0	9	0.000000000000	0.900000000000	4	0.000000000000	0.127234285714	0.000000000000	0.005374554193	8000
0	9	0.000000000000	0.900000000000	5	0.000000000000	0.125174285714	0.000000000000	0.005765024984	26000
0	10	0.000000000000	1.000000000000	1	0.000000000000	1.000000000000	0.000000000000	0.000000000000	4000
0	10	0.000000000000	1.000000000000	2	0.000000000000	1.000000000000	0.000000000000	0.000000000000	4000
0	10	0.000000000000	1.000000000000	3	0.000000000000	1.000000000000	0.000000000000	0.000000000000	4000
0	10	0.000000000000	1.000000000000	4	0.000000000000	1.000000000000	0.000000000000	0.000000000000	4000
0	10	0.000000000000	1.000000000000	5	0.000000000000	1.000000000000	0.000000000000	0.000000000000	4000
1	0	0.100000000000	0.000000000000	1	0.133091428571	0.000000000000	0.005490599736	0.000000000000	22000
1	0	0.100000000000	0.000000000000	2	0.129165714286	0.000000000000	0.006069831218	0.000000000000	12000
1	0	0.100000000000	0.000000000000	3	0.131945714286	0.000000000000	0.006718702966	0.000000000000	28000
1	0	0.100000000000	0.000000000000	4	0.127797142857	0.000000000000	0.007122125785	0.000000000000	30000
1	0	0.100000000000	0.000000000000	5	0.130665714286	0.000000000000	0.005597046268	0.000000000000	8000
1	1	0.100000000000	0.100000000000	1	0.101745714286	0.104208571429	0.009301427267	0.008995774148	30000
1	1	0.100000000000	0.100000000000	2	0.094451428571	0.103471428571	0.007248967878	0.007771309439	30000
1	1	0.100000000000	0.100000000000	3	0.099114285714	0.107160000000	0.007547876511	0.007092465750	10000
1	1	0.100000000000	0.100000000000	4	0.099240000000	0.101097142857	0.007569143732	0.006672513217	8000
1	1	0.100000000000	0.100000000000	5	0.095040000000	0.101257142857	0.007211484421	0.007698215886	30000
1	2	0.100000000000	0.200000000000	1	0.102662857143	0.101194285714	0.007383408899	0.008021989757	30000
1	2	0.100000000000	0.200000000000	2	0.098285714286	0.093180000000	0.006787529768	0.008065649107	30000
1	2	0.100000000000	0.200000000000	3	0.103731428571	0.098965714286	0.007318372142	0.005459017334	30000
1	2	0.100000000000	0.200000000000	4	0.100565714286	0.099468571429	0.009137062013	0.007471437991	30000
1	2	0.100000000000	0.200000000000	5	0.097451428571	0.107145714286	0.007052241461	0.008389800232	30000
1	3	0.100000000000	0.300000000000	1	0.102245714286	0.096940000000	0.006478438553	0.007595393892	30000
1	3	0.100000000000	0.300000000000	2	0.100365714286	0.101360000000	0.006185105415	0.007513981710	30000
1	3	0.100000000000	0.300000000000	3	0.099428571429	0.102085714286	0.006191961014	0.007413078257	30000
1	3	0.100000000000	0.300000000000	4	0.098051428571	0.098662857143	0.009166562647	0.011229124822	30000
1	3	0.100000000000	0.300000000000	5	0.101540000000	0.100562857143	0.009097484567	0.007092596516	30000
1	4	0.100000000000	0.400000000000	1	0.099017142857	0.105997142857	0.007441992518	0.008137246343	30000
1	4	0.100000000000	0.400000000000	2	0.099151428571	0.100720000000	0.006531566688	0.006640566670	30000
1	4	0.100000000000	0.400000000000	3	0.101091428571	0.101065714286	0.006230164168	0.006875963851	30000
1	4	0.100000000000	0.400000000000	4	0.096634285714	0.101842857143	0.011299975784	0.007079210214	30000
1	4	0.100000000000	0.400000000000	5	0.096794285714	0.098931428571	0.007536617589	0.005966220890	20000
1	5	0.100000000000	0.500000000000	1	0.099368571429	0.102731428571	0.008128686041	0.007623370717	30000
1	5	0.100000000000	0.500000000000	2	0.095137142857	0.096900000000	0.006590355672	0.006608049590	26000
1	5	0.100000000000	0.500000000000	3	0.111414285714	0.091040000000	0.006728872618	0.006306702865	30000
1	5	0.100000000000	0.500000000000	4	0.101208571429	0.097117142857	0.005390566689	0.007352101208	30000
1	5	0.100000000000	0.500000000000	5	0.100005714286	0.096891428571	0.006924590827	0.007274635127	30000
1	6	0.100000000000	0.600000000000	1	0.105737142857	0.093765714286	0.007602908690	0.008447493345	30000
1	6	0.100000000000	0.600000000000	2	0.098777142857	0.104651428571	0.007487504521	0.006910190916	30000
1	6	0.100000000000	0.600000000000	3	0.099417142857	0.102371428571	0.007354026529	0.006454995980	30000
1	6	0.100000000000	0.600000000000	4	0.097460000000	0.105971428571	0.006762611065	0.005876365759	30000
1	6	0.100000000000	0.600000000000	5	0.101217142857	0.092065714286	0.006951989552	0.010269109291	30000
1	7	0.100000000000	0.697142857143	1	0.096857142857	0.099048571429	0.006677077120	0.007125883450	30000
1	7	0.100000000000	0.697142857143	2	0.107685714286	0.095802857143	0.007032262653	0.005271752559	30000
1	7	0.100000000000	0.697142857143	3	0.101742857143	0.096700000000	0.008200616273	0.005977749459	30000
1	7	0.100000000000	0.697142857143	4	0.100428571429	0.098765714286	0.007157571003	0.007667891485	18000
1	7	0.100000000000	0.697142857143	5	0.099691428571	0.106377142857	0.006706588808	0.008477089883	30000
1	8	0.100000000000	0.800000000000	1	0.099260000000	0.100817142857	0.005486611985	0.005854286692	30000
1	8	0.100000000000	0.800000000000	2	0.101891428571	0.098445714286	0.007454111350	0.008450002203	30000
1	8	0.100000000000	0.800000000000	3	0.099794285714	0.104748571429	0.006845559596	0.008869757558	30000
1	8	0.100000000000	0.800000000000	4	0.098314285714	0.105411428571	0.007581363262	0.005754728895	30000
1	8	0.100000000000	0.800000000000	5	0.093485714286	0.100414285714	0.005329225604	0.006930476238	30000
1	9	0.100000000000	0.900000000000	1	0.099197142857	0.100691428571	0.006339356796	0.005368819250	30000
1	9	0.100000000000	0.900000000000	2	0.096157142857	0.104580000000	0.008420898038	0.007891623055	30000
1	9	0.100000000000	0.900000000000	3	0.095374285714	0.106197142857	0.007492426498	0.006060199995	28000
1	9	0.100000000000	0.900000000000	4	0.098094285714	0.100185714286	0.007384922197	0.005833711980	30000
1	9	0.100000000000	0.900000000000	5	0.105965714286	0.094285714286	0.008926006953	0.009996015631	30000
1	10	0.100000000000	1.000000000000	1	0.000000000000	1.000000000000	0.000000000000	0.000000000000	6000
1	10	0.100000000000	1.000000000000	2	0.000000000000	1.000000000000	0.000000000000	0.000000000000	6000
1	10	0.100000000000	1.000000000000	3	0.000000000000	1.000000000000	0.000000000000	0.000000000000	6000
1	10	0.100000000000	1.000000000000	4	0.000000000000	1.000000000000	0.000000000000	0.000000000000	6000
1	10	0.100000000000	1.000000000000	5	0.000000000000	1.000000000000	0.000000000000	0.000000000000	6000
2	0	0.200000000000	0.000000000000	1	0.128394285714	0.000000000000	0.005799561050	0.000000000000	20000
2	0	0.200000000000	0.000000000000	2	0.128928571429	0.000000000000	0.006251963390	0.000000000000	30000
2	0	0.200000000000	0.000000000000	3	0.128600000000	0.000000000000	0.007031100565	0.000000000000	16000
2	0	0.200000000000	0.000000000000	4	0.130651428571	0.000000000000	0.005978460927	0.000000000000	6000
2	0	0.200000000000	0.000000000000	5	0.130591428571	0.000000000000	0.005886959921	0.000000000000	30000
2	1	0.200000000000	0.100000000000	1	0.100822857143	0.101257142857	0.005950402760	0.005883661667	30000
2	1	0.200000000000	0.100000000000	2	0.108291428571	0.096588571429	0.010318772051	0.007566509117	30000
2	1	0.200000000000	0.100000000000	3	0.102577142857	0.095680000000	0.005955440484	0.007652146040	30000
2	1	0.200000000000	0.100000000000	4	0.102962857143	0.096845714286	0.007572590561	0.007230088823	30000
2	1	0.200000000000	0.100000000000	5	0.100731428571	0.098848571429	0.007230812114	0.007118127361	30000
2	2	0.200000000000	0.200000000000	1	0.101368571429	0.102114285714	0.008788220326	0.005302170402	30000
2	2	0.200000000000	0.200000000000	2	0.100774285714	0.096397142857	0.007708377546	0.007279476529	30000
2	2	0.200000000000	0.200000000000	3	0.097582857143	0.096980000000	0.007466449099	0.007940325637	30000
2	2	0.200000000000	0.200000000000	4	0.102951428571	0.091382857143	0.009153643269	0.004510519438	30000
2	2	0.200000000000	0.200000000000	5	0.102080000000	0.101157142857	0.006284970641	0.006658065789	30000
2	3	0.200000000000	0.300000000000	1	0.103645714286	0.104717142857	0.006818653598	0.006705896101	30000
2	3	0.200000000000	0.300000000000	2	0.101274285714	0.099608571429	0.005849315519	0.007327225055	30000
2	3	0.200000000000	0.300000000000	3	0.097011428571	0.104362857143	0.005010160256	0.007889489726	18000
2	3	0.200000000000	0.300000000000	4	0.103168571429	0.092360000000	0.009454539594	0.007240558185	24000
2	3	0.200000000000	0.300000000000	5	0.099405714286	0.104111428571	0.005578785288	0.008298864302	30000
2	4	0.200000000000	0.400000000000	1	0.104997142857	0.096285714286	0.008021339336	0.008407313948	30000
2	4	0.200000000000	0.400000000000	2	0.104445714286	0.097025714286	0.007628085588	0.005682248961	30000
2	4	0.200000000000	0.400000000000	3	0.098900000000	0.097714285714	0.007102143369	0.007223765987	30000
2	4	0.200000000000	0.400000000000	4	0.100514285714	0.101225714286	0.007443055323	0.007653802648	30000
2	4	0.200000000000	0.400000000000	5	0.100542857143	0.094517142857	0.007500090226	0.007558986239	30000
2	5	0.200000000000	0.500000000000	1	0.095465714286	0.096977142857	0.005978744534	0.006609818293	6000
2	5	0.200000000000	0.500000000000	2	0.095711428571	0.102142857143	0.008119553157	0.006261187409	30000
2	5	0.200000000000	0.500000000000	3	0.099257142857	0.103834285714	0.008357793360	0.008553313237	30000
2	5	0.200000000000	0.500000000000	4	0.098914285714	0.098928571429	0.006215407014	0.005661399049	30000
2	5	0.200000000000	0.500000000000	5	0.100942857143	0.096748571429	0.007319899444	0.005832437879	30000
2	6	0.200000000000	0.600000000000	1	0.099422857143	0.098048571429	0.008184306237	0.004182230294	30000
2	6	0.200000000000	0.600000000000	2	0.105722857143	0.097780000000	0.008427210878	0.006356883604	6000
2	6	0.200000000000	0.600000000000	3	0.098740000000	0.101311428571	0.007316225232	0.006631838300	30000
2	6	0.200000000000	0.600000000000	4	0.101020000000	0.095277142857	0.007208791071	0.007573108502	30000
2	6	0.200000000000	0.600000000000	5	0.099817142857	0.104574285714	0.008404350941	0.008887264208	18000
2	7	0.200000000000	0.697142857143	1	0.102697142857	0.094794285714	0.005599347414	0.005612067300	30000
2	7	0.200000000000	0.697142857143	2	0.102120000000	0.103402857143	0.006950174482	0.006044051887	30000
2	7	0.200000000000	0.697142857143	3	0.099068571429	0.102871428571	0.007141698176	0.005821232162	30000
2	7	0.200000000000	0.697142857143	4	0.098525714286	0.108031428571	0.006731767694	0.008973039956	8000
2	7	0.200000000000	0.697142857143	5	0.098911428571	0.092911428571	0.006681872100	0.009210478075	30000
2	8	0.200000000000	0.800000000000	1	0.103960000000	0.100857142857	0.007873799798	0.007505590244	30000
2	8	0.200000000000	0.800000000000	2	0.091460000000	0.100245714286	0.007180014322	0.008394963134	30000
2	8	0.200000000000	0.800000000000	3	0.096897142857	0.101528571429	0.008914257481	0.007264810483	30000
2	8	0.200000000000	0.800000000000	4	0.102745714286	0.099148571429	0.008086011347	0.005564456435	30000
2	8	0.200000000000	0.800000000000	5	0.098625714286	0.094162857143	0.006309381105	0.008429227507	30000
2	9	0.200000000000	0.900000000000	1	0.101817142857	0.099485714286	0.007430916261	0.007267523549	30000
2	9	0.200000000000	0.900000000000	2	0.098060000000	0.102780000000	0.009207070638	0.007108753708	30000
2	9	0.200000000000	0.900000000000	3	0.091000000000	0.100097142857	0.008220322144	0.007208390355	30000
2	9	0.200000000000	0.900000000000	4	0.100682857143	0.099988571429	0.007686253893	0.005827551832	12000
2	9	0.200000000000	0.900000000000	5	0.106214285714	0.100988571429	0.007121446532	0.007240874176	30000
2	10	0.200000000000	1.000000000000	1	0.000000000000	1.000000000000	0.000000000000	0.000000000000	6000
2	10	0.200000000000	1.000000000000	2	0.000000000000	1.000000000000	0.000000000000	0.000000000000	6000
2	10	0.200000000000	1.000000000000	3	0.000000000000	1.000000000000	0.000000000000	0.000000000000	6000
2	10	0.200000000000	1.000000000000	4	0.000000000000	1.000000000000	0.000000000000	0.000000000000	6000
2	10	0.200000000000	1.000000000000	5	0.000000000000	1.000000000000	0.000000000000	0.000000000000	6000
3	0	0.300000000000	0.000000000000	1	0.129400000000	0.000000000000	0.005796561976	0.000000000000	12000
3	0	0.300000000000	0.000000000000	2	0.132228571429	0.000000000000	0.006033958365	0.000000000000	18000
3	0	0.300000000000	0.000000000000	3	0.128951428571	0.000000000000	0.006628752272	0.000000000000	8000
3	0	0.300000000000	0.000000000000	4	0.125860000000	0.000000000000	0.006738231441	0.000000000000	30000
3	0	0.300000000000	0.000000000000	5	0.127820000000	0.000000000000	0.006337933579	0.000000000000	30000
3	1	0.300000000000	0.100000000000	1	0.104280000000	0.096302857143	0.006625475492	0.007387938460	30000
3	1	0.300000000000	0.100000000000	2	0.104922857143	0.098122857143	0.006851200414	0.007731554045	30000
3	1	0.300000000000	0.100000000000	3	0.100477142857	0.101717142857	0.006581617826	0.007101581874	30000
3	1	0.300000000000	0.100000000000	4	0.099388571429	0.099405714286	0.006755069929	0.008170086260	30000
3	1	0.300000000000	0.100000000000	5	0.101291428571	0.101520000000	0.006265229285	0.007950211764	30000
3	2	0.300000000000	0.200000000000	1	0.099285714286	0.092705714286	0.007311186870	0.008697387577	30000
3	2	0.300000000000	0.200000000000	2	0.094474285714	0.103434285714	0.006173222168	0.005871702753	30000
3	2	0.300000000000	0.200000000000	3	0.095308571429	0.109288571429	0.005575195535	0.007347142502	30000
3	2	0.300000000000	0.200000000000	4	0.099380000000	0.099974285714	0.009909772930	0.009466545562	30000
3	2	0.300000000000	0.200000000000	5	0.110700000000	0.095742857143	0.008030490302	0.007586750508	30000
3	3	0.300000000000	0.300000000000	1	0.104460000000	0.101754285714	0.009600837791	0.007962550494	30000
3	3	0.300000000000	0.300000000000	2	0.101134285714	0.100748571429	0.008537226677	0.009775881635	30000
3	3	0.300000000000	0.300000000000	3	0.100882857143	0.105794285714	0.007805273979	0.009708722257	30000
3	3	0.300000000000	0.300000000000	4	0.101000000000	0.100511428571	0.004772617722	0.008287375386	30000
3	3	0.300000000000	0.300000000000	5	0.097654285714	0.099785714286	0.006579039854	0.006472868025	30000
3	4	0.300000000000	0.400000000000	1	0.097771428571	0.102991428571	0.011406241592	0.008531194479	30000
3	4	0.300000000000	0.400000000000	2	0.108785714286	0.099834285714	0.006054086065	0.004806004293	30000
3	4	0.300000000000	0.400000000000	3	0.103865714286	0.100962857143	0.007397238367	0.006882829410	30000
3	4	0.300000000000	0.400000000000	4	0.099297142857	0.101985714286	0.007127817142	0.007831640946	30000
3	4	0.300000000000	0.400000000000	5	0.096374285714	0.095965714286	0.008506181427	0.007861986989	30000
3	5	0.300000000000	0.500000000000	1	0.106094285714	0.098608571429	0.007461537365	0.010726250434	30000
3	5	0.300000000000	0.500000000000	2	0.101597142857	0.096917142857	0.010549844047	0.010173771174	30000
3	5	0.300000000000	0.500000000000	3	0.099194285714	0.105940000000	0.008900438045	0.008085647535	30000
3	5	0.300000000000	0.500000000000	4	0.101154285714	0.103640000000	0.005389591134	0.005484381243	30000
3	5	0.300000000000	0.500000000000	5	0.100682857143	0.104071428571	0.008914841839	0.006908274377	28000
3	6	0.300000000000	0.600000000000	1	0.099125714286	0.097514285714	0.009709205357	0.008137196635	26000
3	6	0.300000000000	0.600000000000	2	0.100002857143	0.105497142857	0.005152571184	0.006386990107	30000
3	6	0.300000000000	0.600000000000	3	0.093674285714	0.100045714286	0.006972927333	0.006614210492	30000
3	6	0.300000000000	0.600000000000	4	0.097574285714	0.101022857143	0.008006146134	0.005065271094	30000
3	6	0.300000000000	0.600000000000	5	0.106125714286	0.101562857143	0.006484149852	0.009526293541	30000
3	7	0.300000000000	0.697142857143	1	0.095434285714	0.102460000000	0.008962614522	0.008426574765	30000
3	7	0.300000000000	0.697142857143	2	0.096371428571	0.099711428571	0.005605353818	0.006617332321	14000
3	7	0.300000000000	0.697142857143	3	0.101708571429	0.102531428571	0.005832045577	0.007823826770	30000
3	7	0.300000000000	0.697142857143	4	0.101211428571	0.103585714286	0.006829669928	0.007364902770	30000
3	7	0.300000000000	0.697142857143	5	0.093834285714	0.103705714286	0.006112959545	0.006846738257	26000
3	8	0.300000000000	0.800000000000	1	0.099482857143	0.102094285714	0.009121596455	0.007811653349	30000
3	8	0.300000000000	0.800000000000	2	0.102485714286	0.099611428571	0.007716610440	0.008290601477	30000
3	8	0.300000000000	0.800000000000	3	0.099477142857	0.101105714286	0.006835223439	0.005084106806	30000
3	8	0.300000000000	0.800000000000	4	0.101042857143	0.094054285714	0.006035430923	0.009064171902	30000
3	8	0.300000000000	0.800000000000	5	0.094560000000	0.104565714286	0.006722681875	0.007344026034	30000
3	9	0.300000000000	0.900000000000	1	0.093745714286	0.104951428571	0.007427492799	0.006416021880	30000
3	9	0.300000000000	0.900000000000	2	0.097254285714	0.106411428571	0.007810485862	0.005818065188	30000
3	9	0.300000000000	0.900000000000	3	0.103131428571	0.096888571429	0.006827611705	0.006597718475	30000
3	9	0.300000000000	0.900000000000	4	0.106068571429	0.091314285714	0.006703108099	0.008709221803	30000
3	9	0.300000000000	0.900000000000	5	0.101665714286	0.099922857143	0.008400075196	0.007377261224	22000
3	10	0.300000000000	1.000000000000	1	0.000000000000	1.000000000000	0.000000000000	0.000000000000	6000
3	10	0.300000000000	1.000000000000	2	0.000000000000	1.000000000000	0.000000000000	0.000000000000	6000
3	10	0.300000000000	1.000000000000	3	0.000000000000	1.000000000000	0.000000000000	0.000000000000	6000
3	10	0.300000000000	1.000000000000	4	0.000000000000	1.000000000000	0.000000000000	0.000000000000	6000
3	10	0.300000000000	1.000000000000	5	0.000000000000	1.000000000000	0.000000000000	0.000000000000	6000
4	0	0.400000000000	0.000000000000	1	0.131965714286	0.000000000000	0.006164620128	0.000000000000	16000
4	0	0.400000000000	0.000000000000	2	0.131117142857	0.000000000000	0.007139063199	0.000000000000	22000
4	0	0.400000000000	0.000000000000	3	0.129125714286	0.000000000000	0.007498163721	0.000000000000	6000
4	0	0.400000000000	0.000000000000	4	0.129345714286	0.000000000000	0.005961723428	0.000000000000	30000
4	0	0.400000000000	0.000000000000	5	0.127977142857	0.000000000000	0.006214839034	0.000000000000	6000
4	1	0.400000000000	0.100000000000	1	0.107525714286	0.092217142857	0.005901442446	0.008426645069	30000
4	1	0.400000000000	0.100000000000	2	0.105417142857	0.098862857143	0.008022961471	0.006509513783	30000
4	1	0.400000000000	0.100000000000	3	0.100945714286	0.100160000000	0.008987671526	0.004676946102	30000
4	1	0.400000000000	0.100000000000	4	0.095700000000	0.101885714286	0.007349353209	0.006089765883	12000
4	1	0.400000000000	0.100000000000	5	0.101517142857	0.101537142857	0.006584055787	0.006322911660	30000
4	2	0.400000000000	0.200000000000	1	0.098520000000	0.101960000000	0.007659521412	0.007854264907	30000
4	2	0.400000000000	0.200000000000	2	0.096357142857	0.097317142857	0.006580540068	0.006894601320	30000
4	2	0.400000000000	0.200000000000	3	0.102294285714	0.098180000000	0.004785177792	0.006047236313	30000
4	2	0.400000000000	0.200000000000	4	0.096734285714	0.097611428571	0.011089843346	0.006612579515	30000
4	2	0.400000000000	0.200000000000	5	0.104362857143	0.101962857143	0.009788376284	0.007949212140	30000
4	3	0.400000000000	0.300000000000	1	0.104548571429	0.100471428571	0.006814884805	0.007534806163	30000
4	3	0.400000000000	0.300000000000	2	0.105168571429	0.099628571429	0.008241675994	0.007859307061	30000
4	3	0.400000000000	0.300000000000	3	0.096865714286	0.098651428571	0.006709789440	0.007994408783	30000
4	3	0.400000000000	0.300000000000	4	0.096200000000	0.106337142857	0.006889752766	0.007553599205	30000
4	3	0.400000000000	0.300000000000	5	0.098160000000	0.101268571429	0.006413189408	0.008792545235	30000
4	4	0.400000000000	0.400000000000	1	0.094185714286	0.103474285714	0.006663463715	0.009136412715	30000
4	4	0.400000000000	0.400000000000	2	0.095720000000	0.096080000000	0.004946235834	0.006203573908	30000
4	4	0.400000000000	0.400000000000	3	0.105314285714	0.098808571429	0.008199868907	0.007258247702	30000
4	4	0.400000000000	0.400000000000	4	0.096114285714	0.099605714286	0.008660295318	0.010557755873	30000
4	4	0.400000000000	0.400000000000	5	0.108114285714	0.101794285714	0.006566259881	0.006437576355	30000
4	5	0.400000000000	0.500000000000	1	0.102022857143	0.098545714286	0.005704794062	0.007107401780	30000
4	5	0.400000000000	0.500000000000	2	0.102025714286	0.099282857143	0.006342114658	0.007939424089	30000
4	5	0.400000000000	0.500000000000	3	0.098237142857	0.103620000000	0.007175137127	0.007594184550	30000
4	5	0.400000000000	0.500000000000	4	0.102157142857	0.098842857143	0.005075858131	0.006218939284	30000
4	5	0.400000000000	0.500000000000	5	0.099388571429	0.096742857143	0.007641646023	0.007246579958	30000
4	6	0.400000000000	0.600000000000	1	0.100565714286	0.099137142857	0.006407792339	0.007309675635	30000
4	6	0.400000000000	0.600000000000	2	0.099417142857	0.098785714286	0.005407452126	0.007255581285	30000
4	6	0.400000000000	0.600000000000	3	0.102288571429	0.097128571429	0.008621996315	0.008224036578	24000
4	6	0.400000000000	0.600000000000	4	0.098491428571	0.099845714286	0.007625059833	0.005940801435	30000
4	6	0.400000000000	0.600000000000	5	0.096880000000	0.101145714286	0.006190334949	0.005970379652	30000
4	7	0.400000000000	0.697142857143	1	0.098225714286	0.102874285714	0.008998538783	0.009048618789	30000
4	7	0.400000000000	0.697142857143	2	0.103585714286	0.102888571429	0.009081975457	0.006176685957	30000
4	7	0.400000000000	0.697142857143	3	0.102160000000	0.096168571429	0.007020961329	0.007375293772	30000
4	7	0.400000000000	0.697142857143	4	0.098005714286	0.097680000000	0.008079600310	0.007850753873	14000
4	7	0.400000000000	0.697142857143	5	0.096882857143	0.098697142857	0.006301009043	0.009613504696	30000
4	8	0.400000000000	0.800000000000	1	0.098917142857	0.095102857143	0.007583227143	0.005587177761	30000
4	8	0.400000000000	0.800000000000	2	0.100577142857	0.104397142857	0.008137244836	0.008555912836	30000
4	8	0.400000000000	0.800000000000	3	0.105334285714	0.103348571429	0.006297501396	0.006926018553	30000
4	8	0.400000000000	0.800000000000	4	0.100611428571	0.102745714286	0.006615729904	0.007256202936	30000
4	8	0.400000000000	0.800000000000	5	0.104348571429	0.097380000000	0.006143946840	0.005060651122	30000
4	9	0.400000000000	0.900000000000	1	0.102254285714	0.096468571429	0.007283740897	0.006776869381	30000
4	9	0.400000000000	0.900000000000	2	0.103774285714	0.094577142857	0.007250840570	0.005939777992	30000
4	9	0.400000000000	0.900000000000	3	0.095762857143	0.103822857143	0.006572050903	0.006062435867	30000
4	9	0.400000000000	0.900000000000	4	0.103400000000	0.096968571429	0.006662313956	0.009063649012	30000
4	9	0.400000000000	0.900000000000	5	0.101845714286	0.097082857143	0.005780174969	0.008057199347	30000
4	10	0.400000000000	1.000000000000	1	0.000000000000	1.000000000000	0.000000000000	0.000000000000	6000
4	10	0.400000000000	1.000000000000	2	0.000000000000	1.000000000000	0.000000000000	0.000000000000	6000
4	10	0.400000000000	1.000000000000	3	0.000000000000	1.000000000000	0.000000000000	0.000000000000	6000
4	10	0.400000000000	1.000000000000	4	0.000000000000	1.000000000000	0.000000000000	0.000000000000	6000
4	10	0.400000000000	1.000000000000	5	0.000000000000	1.000000000000	0.000000000000	0.000000000000	6000
5	0	0.500000000000	0.000000000000	1	0.129974285714	0.000000000000	0.009086447874	0.000000000000	26000
5	0	0.500000000000	0.000000000000	2	0.126340000000	0.000000000000	0.006343866695	0.000000000000	8000
5	0	0.500000000000	0.000000000000	3	0.131562857143	0.000000000000	0.006756634462	0.000000000000	12000
5	0	0.500000000000	0.000000000000	4	0.130940000000	0.000000000000	0.007220235253	0.000000000000	6000
5	0	0.500000000000	0.000000000000	5	0.129025714286	0.000000000000	0.006583236614	0.000000000000	30000
5	1	0.500000000000	0.100000000000	1	0.097305714286	0.098631428571	0.006193116290	0.005165685705	30000
5	1	0.500000000000	0.100000000000	2	0.101482857143	0.100505714286	0.006555822403	0.006846069877	6000
5	1	0.500000000000	0.100000000000	3	0.101042857143	0.100354285714	0.005975561898	0.006670112488	30000
5	1	0.500000000000	0.100000000000	4	0.109568571429	0.090425714286	0.008732084652	0.008993288521	30000
5	1	0.500000000000	0.100000000000	5	0.098988571429	0.099542857143	0.005721919683	0.007260098868	30000
5	2	0.500000000000	0.200000000000	1	0.099891428571	0.101177142857	0.007680232661	0.008403549739	28000
5	2	0.500000000000	0.200000000000	2	0.100717142857	0.104291428571	0.006451766471	0.008035587126	30000
5	2	0.500000000000	0.200000000000	3	0.095551428571	0.099091428571	0.006452242673	0.007193656625	30000
5	2	0.500000000000	0.200000000000	4	0.096328571429	0.100502857143	0.009651556366	0.006319336000	30000
5	2	0.500000000000	0.200000000000	5	0.104105714286	0.099188571429	0.008201677913	0.007236957169	30000
5	3	0.500000000000	0.300000000000	1	0.100534285714	0.095394285714	0.008044751849	0.006823225139	16000
5	3	0.500000000000	0.300000000000	2	0.096882857143	0.105342857143	0.007385258566	0.007438387952	8000
5	3	0.500000000000	0.300000000000	3	0.096782857143	0.099682857143	0.010606083700	0.006704360558	30000
5	3	0.500000000000	0.300000000000	4	0.098082857143	0.105634285714	0.008242786374	0.005327397567	30000
5	3	0.500000000000	0.300000000000	5	0.104482857143	0.096317142857	0.009909495866	0.006415874141	30000
5	4	0.500000000000	0.400000000000	1	0.101097142857	0.099505714286	0.007837152788	0.007821772629	30000
5	4	0.500000000000	0.400000000000	2	0.099471428571	0.095660000000	0.008321723849	0.007724304578	30000
5	4	0.500000000000	0.400000000000	3	0.099537142857	0.107857142857	0.005832998266	0.006967825443	30000
5	4	0.500000000000	0.400000000000	4	0.096962857143	0.105725714286	0.007760922210	0.007994801277	30000
5	4	0.500000000000	0.400000000000	5	0.103940000000	0.102057142857	0.008082918427	0.006891235141	30000
5	5	0.500000000000	0.500000000000	1	0.101600000000	0.097925714286	0.005750208834	0.007822740488	30000
5	5	0.500000000000	0.500000000000	2	0.099560000000	0.095131428571	0.008516571682	0.009716785372	30000
5	5	0.500000000000	0.500000000000	3	0.099797142857	0.091094285714	0.007761410738	0.007591816954	12000
5	5	0.500000000000	0.500000000000	4	0.099862857143	0.098174285714	0.005461067661	0.005651506277	30000
5	5	0.500000000000	0.500000000000	5	0.096280000000	0.101380000000	0.006906157347	0.006339145396	30000
5	6	0.500000000000	0.600000000000	1	0.099102857143	0.099511428571	0.005262727466	0.007917657063	30000
5	6	0.500000000000	0.600000000000	2	0.101171428571	0.101791428571	0.006811505023	0.006574636587	30000
5	6	0.500000000000	0.600000000000	3	0.094925714286	0.105897142857	0.006218183054	0.006389343746	30000
5	6	0.500000000000	0.600000000000	4	0.107725714286	0.093685714286	0.007311680860	0.007903268015	30000
5	6	0.500000000000	0.600000000000	5	0.104108571429	0.097894285714	0.006541170960	0.006815061663	30000
5	7	0.500000000000	0.697142857143	1	0.100380000000	0.100271428571	0.006586706232	0.008922215670	30000
5	7	0.500000000000	0.697142857143	2	0.108740000000	0.095168571429	0.009400105663	0.006082461271	30000
5	7	0.500000000000	0.697142857143	3	0.103662857143	0.106171428571	0.007906666851	0.007140940684	30000
5	7	0.500000000000	0.697142857143	4	0.093242857143	0.109082857143	0.006717204413	0.007601308715	30000
5	7	0.500000000000	0.697142857143	5	0.100988571429	0.099657142857	0.006225052106	0.007046018810	30000
5	8	0.500000000000	0.800000000000	1	0.097968571429	0.102365714286	0.006165165562	0.009110919479	16000
5	8	0.500000000000	0.800000000000	2	0.097582857143	0.100422857143	0.007660912438	0.006928189077	30000
5	8	0.500000000000	0.800000000000	3	0.104622857143	0.097980000000	0.007206821280	0.005861921647	30000
5	8	0.500000000000	0.800000000000	4	0.100677142857	0.098614285714	0.006836012417	0.006062448672	20000
5	8	0.500000000000	0.800000000000	5	0.107174285714	0.100757142857	0.008461509321	0.008305014086	30000
5	9	0.500000000000	0.900000000000	1	0.098205714286	0.105725714286	0.006848423839	0.005870859344	30000
5	9	0.500000000000	0.900000000000	2	0.104294285714	0.096811428571	0.007881572722	0.006173817800	30000
5	9	0.500000000000	0.900000000000	3	0.094308571429	0.103774285714	0.006059860869	0.006620517477	8000
5	9	0.500000000000	0.900000000000	4	0.100848571429	0.099720000000	0.005296303853	0.006625722155	30000
5	9	0.500000000000	0.900000000000	5	0.106660000000	0.096420000000	0.007935017792	0.007848846289	30000
5	10	0.500000000000	1.000000000000	1	0.000000000000	1.000000000000	0.000000000000	0.000000000000	6000
5	10	0.500000000000	1.000000000000	2	0.000000000000	1.000000000000	0.000000000000	0.000000000000	6000
5	10	0.500000000000	1.000000000000	3	0.000000000000	1.000000000000	0.000000000000	0.000000000000	6000
5	10	0.500000000000	1.000000000000	4	0.000000000000	1.000000000000	0.000000000000	0.000000000000	6000
5	10	0.500000000000	1.000000000000	5	0.000000000000	1.000000000000	0.000000000000	0.000000000000	6000
6	0	0.600000000000	0.000000000000	1	0.129760000000	0.000000000000	0.005987289486	0.000000000000	26000
6	0	0.600000000000	0.000000000000	2	0.130745714286	0.000000000000	0.008187641803	0.000000000000	30000
6	0	0.600000000000	0.000000000000	3	0.128240000000	0.000000000000	0.007557961901	0.000000000000	30000
6	0	0.600000000000	0.000000000000	4	0.131820000000	0.000000000000	0.006151068177	0.000000000000	18000
6	0	0.600000000000	0.000000000000	5	0.130985714286	0.000000000000	0.006060561350	0.000000000000	30000
6	1	0.600000000000	0.100000000000	1	0.101397142857	0.104885714286	0.006054426190	0.007495730912	30000
6	1	0.600000000000	0.100000000000	2	0.105200000000	0.099817142857	0.008883494104	0.007881527622	30000
6	1	0.600000000000	0.100000000000	3	0.103134285714	0.099705714286	0.008803099679	0.009277990606	30000
6	1	0.600000000000	0.100000000000	4	0.103125714286	0.100100000000	0.006413125700	0.008829137441	14000
6	1	0.600000000000	0.100000000000	5	0.104628571429	0.103722857143	0.008724782870	0.007642173719	30000
6	2	0.600000000000	0.200000000000	1	0.101320000000	0.098982857143	0.006343555615	0.006438622202	30000
6	2	0.600000000000	0.200000000000	2	0.100888571429	0.099368571429	0.008680030334	0.008556715052	26000
6	2	0.600000000000	0.200000000000	3	0.094677142857	0.102900000000	0.009826270104	0.007790213227	30000
6	2	0.600000000000	0.200000000000	4	0.098285714286	0.102385714286	0.007912619561	0.008184595277	30000
6	2	0.600000000000	0.200000000000	5	0.101534285714	0.101191428571	0.006383411296	0.006141016821	30000
6	3	0.600000000000	0.300000000000	1	0.099225714286	0.092825714286	0.006368626884	0.007769786735	30000
6	3	0.600000000000	0.300000000000	2	0.101771428571	0.094234285714	0.006621530109	0.005978228564	30000
6	3	0.600000000000	0.300000000000	3	0.100545714286	0.108462857143	0.005971967090	0.007040772586	30000
6	3	0.600000000000	0.300000000000	4	0.104065714286	0.101937142857	0.006765867927	0.005559402480	30000
6	3	0.600000000000	0.300000000000	5	0.099842857143	0.100011428571	0.006012506288	0.007414667603	14000
6	4	0.600000000000	0.400000000000	1	0.100300000000	0.104097142857	0.006405993368	0.007320203080	30000
6	4	0.600000000000	0.400000000000	2	0.096877142857	0.102208571429	0.011830605931	0.006870970733	30000
6	4	0.600000000000	0.400000000000	3	0.101208571429	0.103048571429	0.007016075478	0.006066986624	30000
6	4	0.600000000000	0.400000000000	4	0.102611428571	0.096102857143	0.006923769456	0.006228477231	30000
6	4	0.600000000000	0.400000000000	5	0.104811428571	0.103491428571	0.006846352156	0.008050176651	30000
6	5	0.600000000000	0.500000000000	1	0.103477142857	0.097368571429	0.008237407569	0.007537508233	30000
6	5	0.600000000000	0.500000000000	2	0.102985714286	0.096305714286	0.006973379078	0.008662536436	30000
6	5	0.600000000000	0.500000000000	3	0.099297142857	0.101262857143	0.007262959393	0.006458499065	30000
6	5	0.600000000000	0.500000000000	4	0.101288571429	0.102885714286	0.007848121649	0.008208583936	30000
6	5	0.600000000000	0.500000000000	5	0.095380000000	0.104642857143	0.007101876435	0.004864930122	30000
6	6	0.600000000000	0.600000000000	1	0.104085714286	0.096237142857	0.006784579598	0.008137905072	30000
6	6	0.600000000000	0.600000000000	2	0.106245714286	0.091305714286	0.007110554155	0.009079805019	30000
6	6	0.600000000000	0.600000000000	3	0.093151428571	0.101125714286	0.007828205361	0.008068451405	10000
6	6	0.600000000000	0.600000000000	4	0.093237142857	0.105351428571	0.007357318690	0.006259471628	30000
6	6	0.600000000000	0.600000000000	5	0.099474285714	0.101640000000	0.006066739468	0.006789048907	8000
6	7	0.600000000000	0.697142857143	1	0.096634285714	0.103091428571	0.006265633590	0.007598253477	24000
6	7	0.600000000000	0.697142857143	2	0.098862857143	0.097534285714	0.010553358780	0.008553884042	30000
6	7	0.600000000000	0.697142857143	3	0.106065714286	0.096560000000	0.008223488090	0.008500293025	30000
6	7	0.600000000000	0.697142857143	4	0.100522857143	0.103188571429	0.005355160794	0.006313850940	30000
6	7	0.600000000000	0.697142857143	5	0.102120000000	0.095548571429	0.008583068506	0.006749280364	30000
6	8	0.600000000000	0.800000000000	1	0.098802857143	0.096565714286	0.008308291848	0.009773306794	30000
6	8	0.600000000000	0.800000000000	2	0.102488571429	0.100505714286	0.006704165543	0.010499825529	30000
6	8	0.600000000000	0.800000000000	3	0.101340000000	0.096962857143	0.005450090939	0.005891039396	14000
6	8	0.600000000000	0.800000000000	4	0.099862857143	0.095268571429	0.005873442075	0.007199781184	30000
6	8	0.600000000000	0.800000000000	5	0.100525714286	0.097248571429	0.006729582388	0.010145166433	12000
6	9	0.600000000000	0.900000000000	1	0.101291428571	0.102351428571	0.007760219370	0.007339170430	30000
6	9	0.600000000000	0.900000000000	2	0.098151428571	0.102260000000	0.006921282917	0.009189907803	30000
6	9	0.600000000000	0.900000000000	3	0.097002857143	0.103551428571	0.005413655590	0.007141828040	30000
6	9	0.600000000000	0.900000000000	4	0.101485714286	0.103728571429	0.007523858397	0.007218093681	30000
6	9	0.600000000000	0.900000000000	5	0.095485714286	0.106705714286	0.005980909754	0.006264508645	30000
6	10	0.600000000000	1.000000000000	1	0.000000000000	1.000000000000	0.000000000000	0.000000000000	6000
6	10	0.600000000000	1.000000000000	2	0.000000000000	1.000000000000	0.000000000000	0.000000000000	6000
6	10	0.600000000000	1.000000000000	3	0.000000000000	1.000000000000	0.000000000000	0.000000000000	8000
6	10	0.600000000000	1.000000000000	4	0.000000000000	1.000000000000	0.000000000000	0.000000000000	6000
6	10	0.600000000000	1.000000000000	5	0.000000000000	1.000000000000	0.000000000000	0.000000000000	6000
7	0	0.697142857143	0.000000000000	1	0.132422857143	0.000000000000	0.006042954656	0.000000000000	6000
7	0	0.697142857143	0.000000000000	2	0.125925714286	0.000000000000	0.006008800992	0.000000000000	8000
7	0	0.697142857143	0.000000000000	3	0.133082857143	0.000000000000	0.005985115652	0.000000000000	8000
7	0	0.697142857143	0.000000000000	4	0.128908571429	0.000000000000	0.005560695790	0.000000000000	16000
7	0	0.697142857143	0.000000000000	5	0.125942857143	0.000000000000	0.006300283416	0.000000000000	18000
7	1	0.697142857143	0.100000000000	1	0.102225714286	0.093205714286	0.006549911615	0.008236021144	30000
7	1	0.697142857143	0.100000000000	2	0.102602857143	0.096700000000	0.005932539388	0.006961651172	30000
7	1	0.697142857143	0.100000000000	3	0.100777142857	0.097905714286	0.007551186419	0.009718184209	18000
7	1	0.697142857143	0.100000000000	4	0.094834285714	0.102648571429	0.010099760204	0.008634436892	30000
7	1	0.697142857143	0.100000000000	5	0.103631428571	0.099231428571	0.006524536905	0.005541974452	30000
7	2	0.697142857143	0.200000000000	1	0.100960000000	0.098851428571	0.009704465894	0.007490548749	30000
7	2	0.697142857143	0.200000000000	2	0.098865714286	0.098997142857	0.006756997271	0.006312074390	30000
7	2	0.697142857143	0.200000000000	3	0.101008571429	0.100105714286	0.008665950536	0.005978197810	30000
7	2	0.697142857143	0.200000000000	4	0.102140000000	0.101557142857	0.006646410976	0.006008427685	30000
7	2	0.697142857143	0.200000000000	5	0.096374285714	0.100280000000	0.005726170252	0.005629570816	30000
7	3	0.697142857143	0.300000000000	1	0.103220000000	0.094288571429	0.006862283573	0.006602621211	30000
7	3	0.697142857143	0.300000000000	2	0.100045714286	0.097874285714	0.006925622123	0.005085097580	30000
7	3	0.697142857143	0.300000000000	3	0.100814285714	0.099480000000	0.008308457079	0.007064131293	30000
7	3	0.697142857143	0.300000000000	4	0.103754285714	0.093768571429	0.008578291737	0.012200526410	30000
7	3	0.697142857143	0.300000000000	5	0.103751428571	0.098100000000	0.005874370662	0.009336106103	30000
7	4	0.697142857143	0.400000000000	1	0.103062857143	0.094628571429	0.006767525353	0.010208586369	30000
7	4	0.697142857143	0.400000000000	2	0.096534285714	0.100080000000	0.007475935531	0.005367129545	20000
7	4	0.697142857143	0.400000000000	3	0.102657142857	0.096080000000	0.007110379475	0.004931030107	30000
7	4	0.697142857143	0.400000000000	4	0.102960000000	0.103297142857	0.008597939839	0.006869075370	30000
7	4	0.697142857143	0.400000000000	5	0.102120000000	0.092574285714	0.006808826873	0.006768360252	30000
7	5	0.697142857143	0.500000000000	1	0.100914285714	0.095922857143	0.006282099243	0.007745977769	6000
7	5	0.697142857143	0.500000000000	2	0.095831428571	0.097225714286	0.006594770127	0.009936226547	30000
7	5	0.697142857143	0.500000000000	3	0.095954285714	0.105788571429	0.007558178132	0.006336317248	30000
7	5	0.697142857143	0.500000000000	4	0.102248571429	0.097605714286	0.005566244054	0.006363618991	30000
7	5	0.697142857143	0.500000000000	5	0.094920000000	0.097854285714	0.006496395161	0.007864451445	30000
7	6	0.697142857143	0.600000000000	1	0.100077142857	0.100291428571	0.007949849447	0.007946418180	30000
7	6	0.697142857143	0.600000000000	2	0.102168571429	0.101951428571	0.008760915674	0.006251398732	30000
7	6	0.697142857143	0.600000000000	3	0.099842857143	0.100725714286	0.007140697514	0.006663285286	30000
7	6	0.697142857143	0.600000000000	4	0.100468571429	0.093925714286	0.007259369489	0.004949644494	30000
7	6	0.697142857143	0.600000000000	5	0.098988571429	0.099871428571	0.007902639360	0.009164823730	30000
7	7	0.697142857143	0.697142857143	1	0.095714285714	0.101377142857	0.010759022860	0.005499819204	22000
7	7	0.697142857143	0.697142857143	2	0.101302857143	0.091611428571	0.009642361237	0.007782409953	30000
7	7	0.697142857143	0.697142857143	3	0.103860000000	0.096828571429	0.007031041874	0.007184008444	30000
7	7	0.697142857143	0.697142857143	4	0.097351428571	0.104428571429	0.007468302271	0.006396754606	30000
7	7	0.697142857143	0.697142857143	5	0.094400000000	0.104717142857	0.006502482778	0.008236062319	30000
7	8	0.697142857143	0.800000000000	1	0.104991428571	0.101002857143	0.006414289552	0.008863326147	30000
7	8	0.697142857143	0.800000000000	2	0.095040000000	0.099162857143	0.006198756301	0.006535543875	30000
7	8	0.697142857143	0.800000000000	3	0.101091428571	0.097862857143	0.006480880024	0.007840255111	30000
7	8	0.697142857143	0.800000000000	4	0.097468571429	0.101451428571	0.007544142735	0.008447038692	30000
7	8	0.697142857143	0.800000000000	5	0.109077142857	0.096908571429	0.007992596828	0.006237504761	30000
7	9	0.697142857143	0.900000000000	1	0.097051428571	0.096040000000	0.010063221126	0.006434648604	30000
7	9	0.697142857143	0.900000000000	2	0.098691428571	0.103114285714	0.007067230705	0.008240377551	30000
7	9	0.697142857143	0.900000000000	3	0.101445714286	0.096625714286	0.006650076803	0.006574865272	30000
7	9	0.697142857143	0.900000000000	4	0.095188571429	0.104617142857	0.007266704956	0.008013463370	30000
7	9	0.697142857143	0.900000000000	5	0.105294285714	0.104160000000	0.006546936745	0.005664060701	30000
7	10	0.697142857143	1.000000000000	1	0.000000000000	1.000000000000	0.000000000000	0.000000000000	8000
7	10	0.697142857143	1.000000000000	2	0.000000000000	1.000000000000	0.000000000000	0.000000000000	6000
7	10	0.697142857143	1.000000000000	3	0.000000000000	1.000000000000	0.000000000000	0.000000000000	6000
7	10	0.697142857143	1.000000000000	4	0.000000000000	1.000000000000	0.000000000000	0.000000000000	6000
7	10	0.697142857143	1.000000000000	5	0.000000000000	1.000000000000	0.000000000000	0.000000000000	6000
8	0	0.800000000000	0.000000000000	1	0.126177142857	0.000000000000	0.006871140202	0.000000000000	14000
8	0	0.800000000000	0.000000000000	2	0.131891428571	0.000000000000	0.008361388577	0.000000000000	22000
8	0	0.800000000000	0.000000000000	3	0.133077142857	0.000000000000	0.008061007701	0.000000000000	30000
8	0	0.800000000000	0.000000000000	4	0.132211428571	0.000000000000	0.006482675230	0.000000000000	6000
8	0	0.800000000000	0.000000000000	5	0.129528571429	0.000000000000	0.006588854593	0.000000000000	30000
8	1	0.800000000000	0.100000000000	1	0.101854285714	0.103022857143	0.008617445948	0.009638365522	30000
8	1	0.800000000000	0.100000000000	2	0.106351428571	0.094928571429	0.007952418715	0.006960125092	30000
8	1	0.800000000000	0.100000000000	3	0.092248571429	0.103577142857	0.005795667450	0.007704632991	30000
8	1	0.800000000000	0.100000000000	4	0.095911428571	0.100488571429	0.006837451468	0.005450630668	30000
8	1	0.800000000000	0.100000000000	5	0.096848571429	0.102354285714	0.008531960709	0.007203956612	10000
8	2	0.800000000000	0.200000000000	1	0.096791428571	0.104128571429	0.008132561397	0.006909811908	30000
8	2	0.800000000000	0.200000000000	2	0.096162857143	0.096305714286	0.007036590325	0.006209850552	10000
8	2	0.800000000000	0.200000000000	3	0.100400000000	0.097660000000	0.006942506931	0.008893900193	30000
8	2	0.800000000000	0.200000000000	4	0.095054285714	0.102537142857	0.005330022107	0.007522694040	30000
8	2	0.800000000000	0.200000000000	5	0.106131428571	0.097437142857	0.007115884437	0.008566370117	30000
8	3	0.800000000000	0.300000000000	1	0.107220000000	0.102214285714	0.006204663807	0.007118003378	30000
8	3	0.800000000000	0.300000000000	2	0.096265714286	0.106162857143	0.008658573637	0.005662824909	30000
8	3	0.800000000000	0.300000000000	3	0.103677142857	0.096085714286	0.007024549183	0.006420725466	30000
8	3	0.800000000000	0.300000000000	4	0.102982857143	0.098857142857	0.007075220453	0.007348255167	8000
8	3	0.800000000000	0.300000000000	5	0.099400000000	0.099617142857	0.005447737246	0.008251349616	26000
8	4	0.800000000000	0.400000000000	1	0.100454285714	0.097774285714	0.005758245751	0.006139052493	30000
8	4	0.800000000000	0.400000000000	2	0.103065714286	0.102997142857	0.007629588911	0.008511924157	30000
8	4	0.800000000000	0.400000000000	3	0.097900000000	0.095482857143	0.011900308047	0.006510670445	30000
8	4	0.800000000000	0.400000000000	4	0.098480000000	0.104194285714	0.005581889661	0.006459979205	30000
8	4	0.800000000000	0.400000000000	5	0.095474285714	0.100620000000	0.006229421762	0.006856946825	30000
8	5	0.800000000000	0.500000000000	1	0.104525714286	0.101217142857	0.004469754494	0.006145946832	30000
8	5	0.800000000000	0.500000000000	2	0.095845714286	0.104328571429	0.006455492197	0.005708401804	30000
8	5	0.800000000000	0.500000000000	3	0.095754285714	0.094840000000	0.009793606225	0.006679746928	30000
8	5	0.800000000000	0.500000000000	4	0.101782857143	0.100197142857	0.009445678659	0.007720389406	30000
8	5	0.800000000000	0.500000000000	5	0.106668571429	0.099365714286	0.007756400287	0.006213510918	30000
8	6	0.800000000000	0.600000000000	1	0.093625714286	0.098134285714	0.009259144907	0.011309472013	30000
8	6	0.800000000000	0.600000000000	2	0.101888571429	0.098297142857	0.008084293204	0.006525303965	30000
8	6	0.800000000000	0.600000000000	3	0.096337142857	0.095017142857	0.007370725953	0.006734631799	30000
8	6	0.800000000000	0.600000000000	4	0.097657142857	0.095722857143	0.006743808148	0.007351585480	8000
8	6	0.800000000000	0.600000000000	5	0.097277142857	0.104822857143	0.007148026729	0.006575124397	30000
8	7	0.800000000000	0.697142857143	1	0.096280000000	0.100608571429	0.006568994631	0.007419981504	30000
8	7	0.800000000000	0.697142857143	2	0.103677142857	0.099517142857	0.007196924500	0.005782828582	30000
8	7	0.800000000000	0.697142857143	3	0.096791428571	0.098502857143	0.008149624760	0.006210030167	16000
8	7	0.800000000000	0.697142857143	4	0.102385714286	0.103202857143	0.007669169649	0.006266965656	30000
8	7	0.800000000000	0.697142857143	5	0.100631428571	0.103205714286	0.008611925402	0.007037615078	30000
8	8	0.800000000000	0.800000000000	1	0.098948571429	0.105628571429	0.006112652087	0.008012727103	16000
8	8	0.800000000000	0.800000000000	2	0.101497142857	0.102685714286	0.008118257327	0.006739444635	10000
8	8	0.800000000000	0.800000000000	3	0.102305714286	0.093631428571	0.008660932664	0.010113271978	30000
8	8	0.800000000000	0.800000000000	4	0.095868571429	0.100037142857	0.008273621456	0.009708560236	30000
8	8	0.800000000000	0.800000000000	5	0.101608571429	0.102442857143	0.009095486732	0.007374881604	30000
8	9	0.800000000000	0.900000000000	1	0.097171428571	0.097397142857	0.005159624382	0.006502909402	30000
8	9	0.800000000000	0.900000000000	2	0.101997142857	0.103957142857	0.007765852404	0.007893374854	20000
8	9	0.800000000000	0.900000000000	3	0.108542857143	0.096382857143	0.006379101648	0.007850019001	30000
8	9	0.800000000000	0.900000000000	4	0.099280000000	0.097702857143	0.006962543773	0.006800509734	30000
8	9	0.800000000000	0.900000000000	5	0.094442857143	0.097388571429	0.007089014860	0.006492550059	30000
8	10	0.800000000000	1.000000000000	1	0.000000000000	1.000000000000	0.000000000000	0.000000000000	6000
8	10	0.800000000000	1.000000000000	2	0.000000000000	1.000000000000	0.000000000000	0.000000000000	6000
8	10	0.800000000000	1.000000000000	3	0.000000000000	1.000000000000	0.000000000000	0.000000000000	6000
8	10	0.800000000000	1.000000000000	4	0.000000000000	1.000000000000	0.000000000000	0.000000000000	6000
8	10	0.800000000000	1.000000000000	5	0.000000000000	1.000000000000	0.000000000000	0.000000000000	6000
9	0	0.900000000000	0.000000000000	1	0.129822857143	0.000000000000	0.006614464987	0.000000000000	10000
9	0	0.900000000000	0.000000000000	2	0.130388571429	0.000000000000	0.005639076056	0.000000000000	30000
9	0	0.900000000000	0.000000000000	3	0.128942857143	0.000000000000	0.007987191233	0.000000000000	8000
9	0	0.900000000000	0.000000000000	4	0.126877142857	0.000000000000	0.006514379416	0.000000000000	8000
9	0	0.900000000000	0.000000000000	5	0.130640000000	0.000000000000	0.007055420219	0.000000000000	6000
9	1	0.900000000000	0.100000000000	1	0.101045714286	0.091302857143	0.006667306459	0.005614795270	30000
9	1	0.900000000000	0.100000000000	2	0.098814285714	0.103382857143	0.005385033930	0.006038387817	30000
9	1	0.900000000000	0.100000000000	3	0.099828571429	0.100145714286	0.008473341242	0.010067857854	30000
9	1	0.900000000000	0.100000000000	4	0.099217142857	0.100597142857	0.006514111603	0.007364538842	16000
9	1	0.900000000000	0.100000000000	5	0.101768571429	0.101205714286	0.007880457071	0.006461838388	30000
9	2	0.900000000000	0.200000000000	1	0.106111428571	0.101234285714	0.007471588372	0.005350478051	30000
9	2	0.900000000000	0.200000000000	2	0.105922857143	0.096962857143	0.007530410520	0.006947584483	30000
9	2	0.900000000000	0.200000000000	3	0.096088571429	0.095614285714	0.007745011396	0.009222507603	30000
9	2	0.900000000000	0.200000000000	4	0.101182857143	0.096688571429	0.008896823694	0.008484577864	30000
9	2	0.900000000000	0.200000000000	5	0.104325714286	0.099254285714	0.005320174365	0.006697165635	30000
9	3	0.900000000000	0.300000000000	1	0.097685714286	0.103548571429	0.007861801980	0.006764276537	30000
9	3	0.900000000000	0.300000000000	2	0.098697142857	0.097508571429	0.008262245792	0.006787298618	12000
9	3	0.900000000000	0.300000000000	3	0.094108571429	0.101768571429	0.007392688529	0.008950499999	30000
9	3	0.900000000000	0.300000000000	4	0.098948571429	0.104962857143	0.007933543505	0.007210083189	8000
9	3	0.900000000000	0.300000000000	5	0.103474285714	0.096294285714	0.004972062663	0.007847700995	30000
9	4	0.900000000000	0.400000000000	1	0.096640000000	0.100585714286	0.007324321015	0.005416957177	30000
9	4	0.900000000000	0.400000000000	2	0.097494285714	0.103931428571	0.008425698090	0.008823049665	30000
9	4	0.900000000000	0.400000000000	3	0.104265714286	0.093745714286	0.006887885113	0.008462185297	30000
9	4	0.900000000000	0.400000000000	4	0.103985714286	0.095800000000	0.006560392750	0.006013270718	30000
9	4	0.900000000000	0.400000000000	5	0.098328571429	0.100222857143	0.005163483274	0.007215795765	30000
9	5	0.900000000000	0.500000000000	1	0.097000000000	0.098560000000	0.007221220366	0.008260227967	20000
9	5	0.900000000000	0.500000000000	2	0.097945714286	0.098880000000	0.005568011287	0.009336789211	10000
9	5	0.900000000000	0.500000000000	3	0.101882857143	0.098388571429	0.006289326601	0.006993814116	30000
9	5	0.900000000000	0.500000000000	4	0.097608571429	0.097760000000	0.006229085290	0.006097103962	30000
9	5	0.900000000000	0.500000000000	5	0.095582857143	0.109465714286	0.006853354690	0.005276394441	30000
9	6	0.900000000000	0.600000000000	1	0.101997142857	0.101017142857	0.005813804501	0.008746140669	30000
9	6	0.900000000000	0.600000000000	2	0.103491428571	0.098142857143	0.005209128597	0.007812588992	30000
9	6	0.900000000000	0.600000000000	3	0.099360000000	0.100777142857	0.005866570837	0.007788766085	26000
9	6	0.900000000000	0.600000000000	4	0.102194285714	0.101725714286	0.008329281849	0.007240253466	30000
9	6	0.900000000000	0.600000000000	5	0.098517142857	0.101454285714	0.007824158369	0.004466988543	30000
9	7	0.900000000000	0.697142857143	1	0.100977142857	0.095125714286	0.005784663139	0.007778030271	12000
9	7	0.900000000000	0.697142857143	2	0.096242857143	0.099468571429	0.007907338072	0.007378996157	30000
9	7	0.900000000000	0.697142857143	3	0.094154285714	0.098488571429	0.005199054227	0.007780968711	30000
9	7	0.900000000000	0.697142857143	4	0.095460000000	0.100271428571	0.007478366039	0.006032857944	30000
9	7	0.900000000000	0.697142857143	5	0.099877142857	0.103545714286	0.007471299638	0.005812764320	30000
9	8	0.900000000000	0.800000000000	1	0.104777142857	0.091911428571	0.006966016846	0.009424813242	30000
9	8	0.900000000000	0.800000000000	2	0.103065714286	0.098708571429	0.006257382557	0.005006743833	30000
9	8	0.900000000000	0.800000000000	3	0.098677142857	0.105877142857	0.005153865112	0.005709815927	30000
9	8	0.900000000000	0.800000000000	4	0.100137142857	0.100617142857	0.006923233624	0.007491065818	30000
9	8	0.900000000000	0.800000000000	5	0.096034285714	0.100940000000	0.005352066139	0.006407768747	6000
9	9	0.900000000000	0.900000000000	1	0.099828571429	0.098800000000	0.006624491217	0.006083858962	30000
9	9	0.900000000000	0.900000000000	2	0.096937142857	0.097185714286	0.008614134519	0.008015620284	30000
9	9	0.900000000000	0.900000000000	3	0.097805714286	0.100994285714	0.005638113789	0.007318669143	28000
9	9	0.900000000000	0.900000000000	4	0.102037142857	0.100722857143	0.005763148020	0.005661843587	30000
9	9	0.900000000000	0.900000000000	5	0.096805714286	0.103731428571	0.006625524825	0.007093848170	30000
9	10	0.900000000000	1.000000000000	1	0.000000000000	1.000000000000	0.000000000000	0.000000000000	6000
9	10	0.900000000000	1.000000000000	2	0.000000000000	1.000000000000	0.000000000000	0.000000000000	6000
9	10	0.900000000000	1.000000000000	3	0.000000000000	1.000000000000	0.000000000000	0.000000000000	6000
9	10	0.900000000000	1.000000000000	4	0.000000000000	1.000000000000	0.000000000000	0.000000000000	6000
9	10	0.900000000000	1.000000000000	5	0.000000000000	1.000000000000	0.000000000000	0.000000000000	6000
10	0	1.000000000000	0.000000000000	1	1.000000000000	0.000000000000	0.000000000000	0.000000000000	4000
10	0	1.000000000000	0.000000000000	2	1.000000000000	0.000000000000	0.000000000000	0.000000000000	4000
10	0	1.000000000000	0.000000000000	3	1.000000000000	0.000000000000	0.000000000000	0.000000000000	4000
10	0	1.000000000000	0.000000000000	4	1.000000000000	0.000000000000	0.000000000000	0.000000000000	4000
10	0	1.000000000000	0.000000000000	5	1.000000000000	0.000000000000	0.000000000000	0.000000000000	4000
10	1	1.000000000000	0.100000000000	1	1.000000000000	0.000000000000	0.000000000000	0.000000000000	6000
10	1	1.000000000000	0.100000000000	2	1.000000000000	0.000000000000	0.000000000000	0.000000000000	6000
10	1	1.000000000000	0.100000000000	3	1.000000000000	0.000000000000	0.000000000000	0.000000000000	6000
10	1	1.000000000000	0.100000000000	4	1.000000000000	0.000000000000	0.000000000000	0.000000000000	6000
10	1	1.000000000000	0.100000000000	5	1.000000000000	0.000000000000	0.000000000000	0.000000000000	6000
10	2	1.000000000000	0.200000000000	1	1.000000000000	0.000000000000	0.000000000000	0.000000000000	6000
10	2	1.000000000000	0.200000000000	2	1.000000000000	0.000000000000	0.000000000000	0.000000000000	6000
10	2	1.000000000000	0.200000000000	3	1.000000000000	0.000000000000	0.000000000000	0.000000000000	6000
10	2	1.000000000000	0.200000000000	4	1.000000000000	0.000000000000	0.000000000000	0.000000000000	6000
10	2	1.000000000000	0.200000000000	5	1.000000000000	0.000000000000	0.000000000000	0.000000000000	6000
10	3	1.000000000000	0.300000000000	1	1.000000000000	0.000000000000	0.000000000000	0.000000000000	6000
10	3	1.000000000000	0.300000000000	2	1.000000000000	0.000000000000	0.000000000000	0.000000000000	6000
10	3	1.000000000000	0.300000000000	3	1.000000000000	0.000000000000	0.000000000000	0.000000000000	6000
10	3	1.000000000000	0.300000000000	4	1.000000000000	0.000000000000	0.000000000000	0.000000000000	6000
10	3	1.000000000000	0.300000000000	5	1.000000000000	0.000000000000	0.000000000000	0.000000000000	6000
10	4	1.000000000000	0.400000000000	1	1.000000000000	0.000000000000	0.000000000000	0.000000000000	6000
10	4	1.000000000000	0.400000000000	2	1.000000000000	0.000000000000	0.000000000000	0.000000000000	6000
10	4	1.000000000000	0.400000000000	3	1.000000000000	0.000000000000	0.000000000000	0.000000000000	6000
10	4	1.000000000000	0.400000000000	4	1.000000000000	0.000000000000	0.000000000000	0.000000000000	6000
10	4	1.000000000000	0.400000000000	5	1.000000000000	0.000000000000	0.000000000000	0.000000000000	6000
10	5	1.000000000000	0.500000000000	1	1.000000000000	0.000000000000	0.000000000000	0.000000000000	6000
10	5	1.000000000000	0.500000000000	2	1.000000000000	0.000000000000	0.000000000000	0.000000000000	6000
10	5	1.000000000000	0.500000000000	3	1.000000000000	0.000000000000	0.000000000000	0.000000000000	6000
10	5	1.000000000000	0.500000000000	4	1.000000000000	0.000000000000	0.000000000000	0.000000000000	6000
10	5	1.000000000000	0.500000000000	5	1.000000000000	0.000000000000	0.000000000000	0.000000000000	6000
10	6	1.000000000000	0.600000000000	1	1.000000000000	0.000000000000	0.000000000000	0.000000000000	6000
10	6	1.000000000000	0.600000000000	2	1.000000000000	0.000000000000	0.000000000000	0.000000000000	6000
10	6	1.000000000000	0.600000000000	3	1.000000000000	0.000000000000	0.000000000000	0.000000000000	6000
10	6	1.000000000000	0.600000000000	4	1.000000000000	0.000000000000	0.000000000000	0.000000000000	6000
10	6	1.000000000000	0.600000000000	5	1.000000000000	0.000000000000	0.000000000000	0.000000000000	6000
10	7	1.000000000000	0.697142857143	1	1.000000000000	0.000000000000	0.000000000000	0.000000000000	6000
10	7	1.000000000000	0.697142857143	2	1.000000000000	0.000000000000	0.000000000000	0.000000000000	6000
10	7	1.000000000000	0.697142857143	3	1.000000000000	0.000000000000	0.000000000000	0.000000000000	6000
10	7	1.000000000000	0.697142857143	4	1.000000000000	0.000000000000	0.000000000000	0.000000000000	6000
10	7	1.000000000000	0.697142857143	5	1.000000000000	0.000000000000	0.000000000000	0.000000000000	6000
10	8	1.000000000000	0.800000000000	1	1.000000000000	0.000000000000	0.000000000000	0.000000000000	6000
10	8	1.000000000000	0.800000000000	2	1.000000000000	0.000000000000	0.000000000000	0.000000000000	6000
10	8	1.000000000000	0.800000000000	3	1.000000000000	0.000000000000	0.000000000000	0.000000000000	6000
10	8	1.000000000000	0.800000000000	4	1.000000000000	0.000000000000	0.000000000000	0.000000000000	6000
10	8	1.000000000000	0.800000000000	5	1.000000000000	0.000000000000	0.000000000000	0.000000000000	6000
10	9	1.000000000000	0.900000000000	1	1.000000000000	0.000000000000	0.000000000000	0.000000000000	6000
10	9	1.000000000000	0.900000000000	2	1.000000000000	0.000000000000	0.000000000000	0.000000000000	6000
10	9	1.000000000000	0.900000000000	3	1.000000000000	0.000000000000	0.000000000000	0.000000000000	6000
10	9	1.000000000000	0.900000000000	4	1.000000000000	0.000000000000	0.000000000000	0.000000000000	6000
10	9	1.000000000000	0.900000000000	5	1.000000000000	0.000000000000	0.000000000000	0.000000000000	6000
10	10	1.000000000000	1.000000000000	1	1.000000000000	1.000000000000	0.000000000000	0.000000000000	4000
10	10	1.000000000000	1.000000000000	2	1.000000000000	1.000000000000	0.000000000000	0.000000000000	4000
10	10	1.000000000000	1.000000000000	3	1.000000000000	1.000000000000	0.000000000000	0.000000000000	4000
10	10	1.000000000000	1.000000000000	4	1.000000000000	1.000000000000	0.000000000000	0.000000000000	4000
10	10	1.000000000000	1.000000000000	5	1.000000000000	1.000000000000	0.000000000000	0.000000000000	4000
