# scan initial plane
# b 1.174
# r 0
# e -0.4
# N1 150
# N2 150
# P11 0.9
# p12 0.3
# P22 0.9
# T_MCS 1000
# T_MAX 30000
# W 2000
# UPDATE_RULE 0
# FERMI_BETA 1
# DEGREE_ALPHA 0.5
# DEGREE_FACTOR_MIN 0.5
# DEGREE_FACTOR_MAX 2
# ndiv 10
# n_reps 5
# A:(0,1),	A':(0,0.690),	B:(1,0),	B'=(0.690,0),	C:(1,1),	D:(0,0),	E:(0.347,0.347) 
# columns: ix iy x1_0 x2_0 rep x1_inf x2_inf sigma_1 sigma_2 t_relax
0	0	0.000000000000	0.000000000000	1	0.000000000000	0.000000000000	0.000000000000	0.000000000000	4000
0	0	0.000000000000	0.000000000000	2	0.000000000000	0.000000000000	0.000000000000	0.000000000000	4000
0	0	0.000000000000	0.000000000000	3	0.000000000000	0.000000000000	0.000000000000	0.000000000000	4000
0	0	0.000000000000	0.000000000000	4	0.000000000000	0.000000000000	0.000000000000	0.000000000000	4000
0	0	0.000000000000	0.000000000000	5	0.000000000000	0.000000000000	0.000000000000	0.000000000000	4000
0	1	0.000000000000	0.100000000000	1	0.000000000000	0.647266666667	0.000000000000	0.015792419435	24000
0	1	0.000000000000	0.100000000000	2	0.000000000000	0.638233333333	0.000000000000	0.022930431605	10000
0	1	0.000000000000	0.100000000000	3	0.000000000000	0.639446666667	0.000000000000	0.016516993605	30000
0	1	0.000000000000	0.100000000000	4	0.000000000000	0.634513333333	0.000000000000	0.020920504050	30000
0	1	0.000000000000	0.100000000000	5	0.000000000000	0.624540000000	0.000000000000	0.024274813191	28000
0	2	0.000000000000	0.200000000000	1	0.000000000000	0.625126666667	0.000000000000	0.022679616117	24000
0	2	0.000000000000	0.200000000000	2	0.000000000000	0.651620000000	0.000000000000	0.021943143485	8000
0	2	0.000000000000	0.200000000000	3	0.000000000000	0.655120000000	0.000000000000	0.022226402009	30000
0	2	0.000000000000	0.200000000000	4	0.000000000000	0.627013333333	0.000000000000	0.020283055383	18000
0	2	0.000000000000	0.200000000000	5	0.000000000000	0.641473333333	0.000000000000	0.017604459198	4000
0	3	0.000000000000	0.300000000000	1	0.000000000000	0.654586666667	0.000000000000	0.019919374805	28000
0	3	0.000000000000	0.300000000000	2	0.000000000000	0.654986666667	0.000000000000	0.023318786638	30000
0	3	0.000000000000	0.300000000000	3	0.000000000000	0.636393333333	0.000000000000	0.019963618339	8000
0	3	0.000000000000	0.300000000000	4	0.000000000000	0.643933333333	0.000000000000	0.019503228745	20000
0	3	0.000000000000	0.300000000000	5	0.000000000000	0.632940000000	0.000000000000	0.023424455279	22000
0	4	0.000000000000	0.400000000000	1	0.000000000000	0.637033333333	0.000000000000	0.019082473830	28000
0	4	0.000000000000	0.400000000000	2	0.000000000000	0.628486666667	0.000000000000	0.016237683748	14000
0	4	0.000000000000	0.400000000000	3	0.000000000000	0.645033333333	0.000000000000	0.020300243291	30000
0	4	0.000000000000	0.400000000000	4	0.000000000000	0.664913333333	0.000000000000	0.019137015988	30000
0	4	0.000000000000	0.400000000000	5	0.000000000000	0.633593333333	0.000000000000	0.019034040420	30000
0	5	0.000000000000	0.500000000000	1	0.000000000000	0.638920000000	0.000000000000	0.020607777724	10000
0	5	0.000000000000	0.500000000000	2	0.000000000000	0.645726666667	0.000000000000	0.022831603679	8000
0	5	0.000000000000	0.500000000000	3	0.000000000000	0.624786666667	0.000000000000	0.018837858407	8000
0	5	0.000000000000	0.500000000000	4	0.000000000000	0.652586666667	0.000000000000	0.017552952760	22000
0	5	0.000000000000	0.500000000000	5	0.000000000000	0.623233333333	0.000000000000	0.016337796371	20000
0	6	0.000000000000	0.600000000000	1	0.000000000000	0.643953333333	0.000000000000	0.022217568081	4000
0	6	0.000000000000	0.600000000000	2	0.000000000000	0.624813333333	0.000000000000	0.021890127148	18000
0	6	0.000000000000	0.600000000000	3	0.000000000000	0.663240000000	0.000000000000	0.019043767092	10000
0	6	0.000000000000	0.600000000000	4	0.000000000000	0.647880000000	0.000000000000	0.021969408767	30000
0	6	0.000000000000	0.600000000000	5	0.000000000000	0.624060000000	0.000000000000	0.016781544698	30000
0	7	0.000000000000	0.700000000000	1	0.000000000000	0.637446666667	0.000000000000	0.022883369112	26000
0	7	0.000000000000	0.700000000000	2	0.000000000000	0.627700000000	0.000000000000	0.019728977822	12000
0	7	0.000000000000	0.700000000000	3	0.000000000000	0.641480000000	0.000000000000	0.019930605893	8000
0	7	0.000000000000	0.700000000000	4	0.000000000000	0.624780000000	0.000000000000	0.020716678807	6000
0	7	0.000000000000	0.700000000000	5	0.000000000000	0.638586666667	0.000000000000	0.015339636893	30000
0	8	0.000000000000	0.800000000000	1	0.000000000000	0.642420000000	0.000000000000	0.016846518423	28000
0	8	0.000000000000	0.800000000000	2	0.000000000000	0.643366666667	0.000000000000	0.019081308093	10000
0	8	0.000000000000	0.800000000000	3	0.000000000000	0.640266666667	0.000000000000	0.016455316591	6000
0	8	0.000000000000	0.800000000000	4	0.000000000000	0.626153333333	0.000000000000	0.017936070806	8000
0	8	0.000000000000	0.800000000000	5	0.000000000000	0.630000000000	0.000000000000	0.018711705045	6000
0	9	0.000000000000	0.900000000000	1	0.000000000000	0.639860000000	0.000000000000	0.017825959483	16000
0	9	0.000000000000	0.900000000000	2	0.000000000000	0.642820000000	0.000000000000	0.020982508035	20000
0	9	0.000000000000	0.900000000000	3	0.000000000000	0.645220000000	0.000000000000	0.021674851256	10000
0	9	0.000000000000	0.900000000000	4	0.000000000000	0.631646666667	0.000000000000	0.021525608951	24000
0	9	0.000000000000	0.900000000000	5	0.000000000000	0.631233333333	0.000000000000	0.019053075509	8000
0	10	0.000000000000	1.000000000000	1	0.000000000000	1.000000000000	0.000000000000	0.000000000000	4000
0	10	0.000000000000	1.000000000000	2	0.000000000000	1.000000000000	0.000000000000	0.000000000000	4000
0	10	0.000000000000	1.000000000000	3	0.000000000000	1.000000000000	0.000000000000	0.000000000000	4000
0	10	0.000000000000	1.000000000000	4	0.000000000000	1.000000000000	0.000000000000	0.000000000000	4000
0	10	0.000000000000	1.000000000000	5	0.000000000000	1.000000000000	0.000000000000	0.000000000000	4000
1	0	0.100000000000	0.000000000000	1	0.630433333333	0.000000000000	0.020689671504	0.000000000000	6000
1	0	0.100000000000	0.000000000000	2	0.633800000000	0.000000000000	0.022032321734	0.000000000000	18000
1	0	0.100000000000	0.000000000000	3	0.655860000000	0.000000000000	0.018005744335	0.000000000000	8000
1	0	0.100000000000	0.000000000000	4	0.625293333333	0.000000000000	0.023928083404	0.000000000000	8000
1	0	0.100000000000	0.000000000000	5	0.640500000000	0.000000000000	0.024845535494	0.000000000000	14000
1	1	0.100000000000	0.100000000000	1	0.654400000000	0.000000000000	0.018681246987	0.000000000000	30000
1	1	0.100000000000	0.100000000000	2	0.000000000000	0.645880000000	0.000000000000	0.022282277210	10000
1	1	0.100000000000	0.100000000000	3	0.000000000000	0.642766666667	0.000000000000	0.017554624220	22000
1	1	0.100000000000	0.100000000000	4	0.000000000000	0.636760000000	0.000000000000	0.022583454395	30000
1	1	0.100000000000	0.100000000000	5	0.000000000000	0.643500000000	0.000000000000	0.019724918396	30000
1	2	0.100000000000	0.200000000000	1	0.000000000000	0.621786666667	0.000000000000	0.021296197240	24000
1	2	0.100000000000	0.200000000000	2	0.000000000000	0.645160000000	0.000000000000	0.017084744971	8000
1	2	0.100000000000	0.200000000000	3	0.000000000000	0.651200000000	0.000000000000	0.018527245191	30000
1	2	0.100000000000	0.200000000000	4	0.000000000000	0.634300000000	0.000000000000	0.020347306991	12000
1	2	0.100000000000	0.200000000000	5	0.000000000000	0.630773333333	0.000000000000	0.017177741648	16000
1	3	0.100000000000	0.300000000000	1	0.000000000000	0.631333333333	0.000000000000	0.019102309587	30000
1	3	0.100000000000	0.300000000000	2	0.000000000000	0.642546666667	0.000000000000	0.025346076208	30000
1	3	0.100000000000	0.300000000000	3	0.000000000000	0.649433333333	0.000000000000	0.021463291805	30000
1	3	0.100000000000	0.300000000000	4	0.000000000000	0.637693333333	0.000000000000	0.018083315381	28000
1	3	0.100000000000	0.300000000000	5	0.000000000000	0.637806666667	0.000000000000	0.022172877146	30000
1	4	0.100000000000	0.400000000000	1	0.000000000000	0.639373333333	0.000000000000	0.018984523841	8000
1	4	0.100000000000	0.400000000000	2	0.000000000000	0.655653333333	0.000000000000	0.022971256212	30000
1	4	0.100000000000	0.400000000000	3	0.000000000000	0.659740000000	0.000000000000	0.022415058216	24000
1	4	0.100000000000	0.400000000000	4	0.000000000000	0.620000000000	0.000000000000	0.021499767854	30000
1	4	0.100000000000	0.400000000000	5	0.000000000000	0.636393333333	0.000000000000	0.018714461668	30000
1	5	0.100000000000	0.500000000000	1	0.000000000000	0.634793333333	0.000000000000	0.023145042274	26000
1	5	0.100000000000	0.500000000000	2	0.000000000000	0.634793333333	0.000000000000	0.019187174330	14000
1	5	0.100000000000	0.500000000000	3	0.000000000000	0.635193333333	0.000000000000	0.019117626982	16000
1	5	0.100000000000	0.500000000000	4	0.000000000000	0.652206666667	0.000000000000	0.022865989497	8000
1	5	0.100000000000	0.500000000000	5	0.000000000000	0.649473333333	0.000000000000	0.021887122076	10000
1	6	0.100000000000	0.600000000000	1	0.000000000000	0.651553333333	0.000000000000	0.022345713928	10000
1	6	0.100000000000	0.600000000000	2	0.000000000000	0.665146666667	0.000000000000	0.021707774970	14000
1	6	0.100000000000	0.600000000000	3	0.000000000000	0.647073333333	0.000000000000	0.020650395610	18000
1	6	0.100000000000	0.600000000000	4	0.000000000000	0.636640000000	0.000000000000	0.019573910760	30000
1	6	0.100000000000	0.600000000000	5	0.000000000000	0.646793333333	0.000000000000	0.022688441718	30000
1	7	0.100000000000	0.700000000000	1	0.000000000000	0.629373333333	0.000000000000	0.022456387867	6000
1	7	0.100000000000	0.700000000000	2	0.000000000000	0.633286666667	0.000000000000	0.020524705362	8000
1	7	0.100000000000	0.700000000000	3	0.000000000000	0.628033333333	0.000000000000	0.023605566681	8000
1	7	0.100000000000	0.700000000000	4	0.000000000000	0.628980000000	0.000000000000	0.021382108697	24000
1	7	0.100000000000	0.700000000000	5	0.000000000000	0.635326666667	0.000000000000	0.019257255998	8000
1	8	0.100000000000	0.800000000000	1	0.000000000000	0.659073333333	0.000000000000	0.021721771255	6000
1	8	0.100000000000	0.800000000000	2	0.000000000000	0.631480000000	0.000000000000	0.022023855379	24000
1	8	0.100000000000	0.800000000000	3	0.000000000000	0.636886666667	0.000000000000	0.023802575639	20000
1	8	0.100000000000	0.800000000000	4	0.000000000000	0.636593333333	0.000000000000	0.022023009979	12000
1	8	0.100000000000	0.800000000000	5	0.000000000000	0.653040000000	0.000000000000	0.027272125614	20000
1	9	0.100000000000	0.900000000000	1	0.000000000000	0.649900000000	0.000000000000	0.017792505161	30000
1	9	0.100000000000	0.900000000000	2	0.000000000000	0.621673333333	0.000000000000	0.020360447852	8000
1	9	0.100000000000	0.900000000000	3	0.000000000000	0.638440000000	0.000000000000	0.021021879805	12000
1	9	0.100000000000	0.900000000000	4	0.000000000000	0.641886666667	0.000000000000	0.028924218791	12000
1	9	0.100000000000	0.900000000000	5	0.000000000000	0.644706666667	0.000000000000	0.026510691661	30000
1	10	0.100000000000	1.000000000000	1	0.000000000000	1.000000000000	0.000000000000	0.000000000000	6000
1	10	0.100000000000	1.000000000000	2	0.000000000000	1.000000000000	0.000000000000	0.000000000000	6000
1	10	0.100000000000	1.000000000000	3	0.000000000000	1.000000000000	0.000000000000	0.000000000000	6000
1	10	0.100000000000	1.000000000000	4	0.000000000000	1.000000000000	0.000000000000	0.000000000000	6000
1	10	0.100000000000	1.000000000000	5	0.000000000000	1.000000000000	0.000000000000	0.000000000000	6000
2	0	0.200000000000	0.000000000000	1	0.631513333333	0.000000000000	0.025439280241	0.000000000000	26000
2	0	0.200000000000	0.000000000000	2	0.621186666667	0.000000000000	0.018752455517	0.000000000000	22000
2	0	0.200000000000	0.000000000000	3	0.650766666667	0.000000000000	0.022803971852	0.000000000000	30000
2	0	0.200000000000	0.000000000000	4	0.640073333333	0.000000000000	0.020660734077	0.000000000000	16000
2	0	0.200000000000	0.000000000000	5	0.636740000000	0.000000000000	0.030136219119	0.000000000000	8000
2	1	0.200000000000	0.100000000000	1	0.624033333333	0.000000000000	0.019550020829	0.000000000000	30000
2	1	0.200000000000	0.100000000000	2	0.633980000000	0.000000000000	0.020471139598	0.000000000000	16000
2	1	0.200000000000	0.100000000000	3	0.652240000000	0.000000000000	0.023860626716	0.000000000000	16000
2	1	0.200000000000	0.100000000000	4	0.629660000000	0.000000000000	0.027364410989	0.000000000000	12000
2	1	0.200000000000	0.100000000000	5	0.000000000000	0.629293333333	0.000000000000	0.029480176630	22000
2	2	0.200000000000	0.200000000000	1	0.649813333333	0.000000000000	0.016214028399	0.000000000000	28000
2	2	0.200000000000	0.200000000000	2	0.000000000000	0.633126666667	0.000000000000	0.020925147965	30000
2	2	0.200000000000	0.200000000000	3	0.000000000000	0.633640000000	0.000000000000	0.018122145168	16000
2	2	0.200000000000	0.200000000000	4	0.000000000000	0.640326666667	0.000000000000	0.019047031570	18000
2	2	0.200000000000	0.200000000000	5	0.630833333333	0.000000000000	0.018976567395	0.000000000000	12000
2	3	0.200000000000	0.300000000000	1	0.000000000000	0.639240000000	0.000000000000	0.019778558318	14000
2	3	0.200000000000	0.300000000000	2	0.000000000000	0.625966666667	0.000000000000	0.020058833497	30000
2	3	0.200000000000	0.300000000000	3	0.000000000000	0.634653333333	0.000000000000	0.019254017921	16000
2	3	0.200000000000	0.300000000000	4	0.612753333333	0.000000000000	0.019479868775	0.000000000000	12000
2	3	0.200000000000	0.300000000000	5	0.000000000000	0.636880000000	0.000000000000	0.019872775193	30000
2	4	0.200000000000	0.400000000000	1	0.000000000000	0.640153333333	0.000000000000	0.019128458965	30000
2	4	0.200000000000	0.400000000000	2	0.000000000000	0.633393333333	0.000000000000	0.027008914028	30000
2	4	0.200000000000	0.400000000000	3	0.000000000000	0.648086666667	0.000000000000	0.023260653287	6000
2	4	0.200000000000	0.400000000000	4	0.000000000000	0.628446666667	0.000000000000	0.017712230263	12000
2	4	0.200000000000	0.400000000000	5	0.000000000000	0.653733333333	0.000000000000	0.024619809583	30000
2	5	0.200000000000	0.500000000000	1	0.000000000000	0.619420000000	0.000000000000	0.023539941375	14000
2	5	0.200000000000	0.500000000000	2	0.000000000000	0.622320000000	0.000000000000	0.022046246173	18000
2	5	0.200000000000	0.500000000000	3	0.000000000000	0.642853333333	0.000000000000	0.018738809065	12000
2	5	0.200000000000	0.500000000000	4	0.000000000000	0.636193333333	0.000000000000	0.019244961583	30000
2	5	0.200000000000	0.500000000000	5	0.000000000000	0.642840000000	0.000000000000	0.018943892125	16000
2	6	0.200000000000	0.600000000000	1	0.000000000000	0.637566666667	0.000000000000	0.021563587866	12000
2	6	0.200000000000	0.600000000000	2	0.000000000000	0.625566666667	0.000000000000	0.020131670896	30000
2	6	0.200000000000	0.600000000000	3	0.000000000000	0.620013333333	0.000000000000	0.020876144601	28000
2	6	0.200000000000	0.600000000000	4	0.000000000000	0.625446666667	0.000000000000	0.018244024897	20000
2	6	0.200000000000	0.600000000000	5	0.000000000000	0.618586666667	0.000000000000	0.019758362325	16000
2	7	0.200000000000	0.700000000000	1	0.000000000000	0.629353333333	0.000000000000	0.025604984187	30000
2	7	0.200000000000	0.700000000000	2	0.000000000000	0.637833333333	0.000000000000	0.025368269643	16000
2	7	0.200000000000	0.700000000000	3	0.000000000000	0.608353333333	0.000000000000	0.020898503740	18000
2	7	0.200000000000	0.700000000000	4	0.000000000000	0.628666666667	0.000000000000	0.018978472136	30000
2	7	0.200000000000	0.700000000000	5	0.000000000000	0.620186666667	0.000000000000	0.021519640265	30000
2	8	0.200000000000	0.800000000000	1	0.000000000000	0.637513333333	0.000000000000	0.020775608115	22000
2	8	0.200000000000	0.800000000000	2	0.000000000000	0.630973333333	0.000000000000	0.022747235560	12000
2	8	0.200000000000	0.800000000000	3	0.000000000000	0.643966666667	0.000000000000	0.024932764665	8000
2	8	0.200000000000	0.800000000000	4	0.000000000000	0.655540000000	0.000000000000	0.019131910138	10000
2	8	0.200000000000	0.800000000000	5	0.000000000000	0.647773333333	0.000000000000	0.022586054618	10000
2	9	0.200000000000	0.900000000000	1	0.000000000000	0.631913333333	0.000000000000	0.021079351275	6000
2	9	0.200000000000	0.900000000000	2	0.000000000000	0.635206666667	0.000000000000	0.020182725512	20000
2	9	0.200000000000	0.900000000000	3	0.000000000000	0.642193333333	0.000000000000	0.024562241423	28000
2	9	0.200000000000	0.900000000000	4	0.000000000000	0.628280000000	0.000000000000	0.021778795098	18000
2	9	0.200000000000	0.900000000000	5	0.000000000000	0.630353333333	0.000000000000	0.020907230037	10000
2	10	0.200000000000	1.000000000000	1	0.000000000000	1.000000000000	0.000000000000	0.000000000000	6000
2	10	0.200000000000	1.000000000000	2	0.000000000000	1.000000000000	0.000000000000	0.000000000000	6000
2	10	0.200000000000	1.000000000000	3	0.000000000000	1.000000000000	0.000000000000	0.000000000000	6000
2	10	0.200000000000	1.000000000000	4	0.000000000000	1.000000000000	0.000000000000	0.000000000000	6000
2	10	0.200000000000	1.000000000000	5	0.000000000000	1.000000000000	0.000000000000	0.000000000000	6000
3	0	0.300000000000	0.000000000000	1	0.655186666667	0.000000000000	0.019930605893	0.000000000000	10000
3	0	0.300000000000	0.000000000000	2	0.638740000000	0.000000000000	0.019697725767	0.000000000000	30000
3	0	0.300000000000	0.000000000000	3	0.622693333333	0.000000000000	0.025981165804	0.000000000000	30000
3	0	0.300000000000	0.000000000000	4	0.637473333333	0.000000000000	0.019349169127	0.000000000000	4000
3	0	0.300000000000	0.000000000000	5	0.625033333333	0.000000000000	0.017222270658	0.000000000000	20000
3	1	0.300000000000	0.100000000000	1	0.625873333333	0.000000000000	0.020494215216	0.000000000000	22000
3	1	0.300000000000	0.100000000000	2	0.636560000000	0.000000000000	0.021327059471	0.000000000000	22000
3	1	0.300000000000	0.100000000000	3	0.635066666667	0.000000000000	0.020450275532	0.000000000000	30000
3	1	0.300000000000	0.100000000000	4	0.634993333333	0.000000000000	0.022136972617	0.000000000000	12000
3	1	0.300000000000	0.100000000000	5	0.634233333333	0.000000000000	0.021265464909	0.000000000000	16000
3	2	0.300000000000	0.200000000000	1	0.000000000000	0.623100000000	0.000000000000	0.020256145303	30000
3	2	0.300000000000	0.200000000000	2	0.648960000000	0.000000000000	0.017124721911	0.000000000000	30000
3	2	0.300000000000	0.200000000000	3	0.000000000000	0.652486666667	0.000000000000	0.025970964169	18000
3	2	0.300000000000	0.200000000000	4	0.633680000000	0.000000000000	0.019358291623	0.000000000000	24000
3	2	0.300000000000	0.200000000000	5	0.631006666667	0.000000000000	0.015749116067	0.000000000000	14000
3	3	0.300000000000	0.300000000000	1	0.000000000000	0.642620000000	0.000000000000	0.020883128079	24000
3	3	0.300000000000	0.300000000000	2	0.000000000000	0.642266666667	0.000000000000	0.017231858197	12000
3	3	0.300000000000	0.300000000000	3	0.000000000000	0.625906666667	0.000000000000	0.018135789545	30000
3	3	0.300000000000	0.300000000000	4	0.000000000000	0.629980000000	0.000000000000	0.023587670517	22000
3	3	0.300000000000	0.300000000000	5	0.000000000000	0.633806666667	0.000000000000	0.020296938169	10000
3	4	0.300000000000	0.400000000000	1	0.000000000000	0.643613333333	0.000000000000	0.019768694701	8000
3	4	0.300000000000	0.400000000000	2	0.626726666667	0.000000000000	0.017412308215	0.000000000000	10000
3	4	0.300000000000	0.400000000000	3	0.643526666667	0.000000000000	0.033771006513	0.000000000000	8000
3	4	0.300000000000	0.400000000000	4	0.000000000000	0.643206666667	0.000000000000	0.018704141562	28000
3	4	0.300000000000	0.400000000000	5	0.000000000000	0.647080000000	0.000000000000	0.021838688287	20000
3	5	0.300000000000	0.500000000000	1	0.000000000000	0.634406666667	0.000000000000	0.016545208421	6000
3	5	0.300000000000	0.500000000000	2	0.000000000000	0.636920000000	0.000000000000	0.020872478805	22000
3	5	0.300000000000	0.500000000000	3	0.000000000000	0.650140000000	0.000000000000	0.016973235194	8000
3	5	0.300000000000	0.500000000000	4	0.000000000000	0.632593333333	0.000000000000	0.017536753277	30000
3	5	0.300000000000	0.500000000000	5	0.000000000000	0.638526666667	0.000000000000	0.018105290245	10000
3	6	0.300000000000	0.600000000000	1	0.000000000000	0.633780000000	0.000000000000	0.022805665196	18000
3	6	0.300000000000	0.600000000000	2	0.000000000000	0.637180000000	0.000000000000	0.022801334044	16000
3	6	0.300000000000	0.600000000000	3	0.000000000000	0.637286666667	0.000000000000	0.019450064682	28000
3	6	0.300000000000	0.600000000000	4	0.000000000000	0.644400000000	0.000000000000	0.018115412448	8000
3	6	0.300000000000	0.600000000000	5	0.000000000000	0.634406666667	0.000000000000	0.015179318186	10000
3	7	0.300000000000	0.700000000000	1	0.000000000000	0.627026666667	0.000000000000	0.016655096418	18000
3	7	0.300000000000	0.700000000000	2	0.000000000000	0.633153333333	0.000000000000	0.018303380148	18000
3	7	0.300000000000	0.700000000000	3	0.000000000000	0.631660000000	0.000000000000	0.021858890639	30000
3	7	0.300000000000	0.700000000000	4	0.000000000000	0.638386666667	0.000000000000	0.016804483251	16000
3	7	0.300000000000	0.700000000000	5	0.000000000000	0.652820000000	0.000000000000	0.018831474894	12000
3	8	0.300000000000	0.800000000000	1	0.000000000000	0.636566666667	0.000000000000	0.020599161064	10000
3	8	0.300000000000	0.800000000000	2	0.000000000000	0.633386666667	0.000000000000	0.019441582515	26000
3	8	0.300000000000	0.800000000000	3	0.000000000000	0.627433333333	0.000000000000	0.020142717354	22000
3	8	0.300000000000	0.800000000000	4	0.000000000000	0.634573333333	0.000000000000	0.019962598774	26000
3	8	0.300000000000	0.800000000000	5	0.000000000000	0.656780000000	0.000000000000	0.030628104608	30000
3	9	0.300000000000	0.900000000000	1	0.000000000000	0.641660000000	0.000000000000	0.017876352088	30000
3	9	0.300000000000	0.900000000000	2	0.000000000000	0.653273333333	0.000000000000	0.019214839435	28000
3	9	0.300000000000	0.900000000000	3	0.000000000000	0.630360000000	0.000000000000	0.021471901492	14000
3	9	0.300000000000	0.900000000000	4	0.000000000000	0.633940000000	0.000000000000	0.020150384452	24000
3	9	0.300000000000	0.900000000000	5	0.000000000000	0.638440000000	0.000000000000	0.016545430257	10000
3	10	0.300000000000	1.000000000000	1	0.000000000000	1.000000000000	0.000000000000	0.000000000000	6000
3	10	0.300000000000	1.000000000000	2	0.000000000000	1.000000000000	0.000000000000	0.000000000000	6000
3	10	0.300000000000	1.000000000000	3	0.000000000000	1.000000000000	0.000000000000	0.000000000000	6000
3	10	0.300000000000	1.000000000000	4	0.000000000000	1.000000000000	0.000000000000	0.000000000000	6000
3	10	0.300000000000	1.000000000000	5	0.000000000000	1.000000000000	0.000000000000	0.000000000000	6000
4	0	0.400000000000	0.000000000000	1	0.638506666667	0.000000000000	0.018394972064	0.000000000000	30000
4	0	0.400000000000	0.000000000000	2	0.641513333333	0.000000000000	0.021165538606	0.000000000000	8000
4	0	0.400000000000	0.000000000000	3	0.643253333333	0.000000000000	0.020616519180	0.000000000000	8000
4	0	0.400000000000	0.000000000000	4	0.633560000000	0.000000000000	0.020470327873	0.000000000000	30000
4	0	0.400000000000	0.000000000000	5	0.643960000000	0.000000000000	0.019908772028	0.000000000000	10000
4	1	0.400000000000	0.100000000000	1	0.618073333333	0.000000000000	0.025797892639	0.000000000000	14000
4	1	0.400000000000	0.100000000000	2	0.638020000000	0.000000000000	0.021223598947	0.000000000000	14000
4	1	0.400000000000	0.100000000000	3	0.663373333333	0.000000000000	0.018537284586	0.000000000000	8000
4	1	0.400000000000	0.100000000000	4	0.635673333333	0.000000000000	0.022091506442	0.000000000000	22000
4	1	0.400000000000	0.100000000000	5	0.654420000000	0.000000000000	0.023003707274	0.000000000000	10000
4	2	0.400000000000	0.200000000000	1	0.000000000000	0.634140000000	0.000000000000	0.017632488139	22000
4	2	0.400000000000	0.200000000000	2	0.638553333333	0.000000000000	0.021588471612	0.000000000000	14000
4	2	0.400000000000	0.200000000000	3	0.000000000000	0.661320000000	0.000000000000	0.020295663537	12000
4	2	0.400000000000	0.200000000000	4	0.624920000000	0.000000000000	0.022219575418	0.000000000000	10000
4	2	0.400000000000	0.200000000000	5	0.624400000000	0.000000000000	0.020927657675	0.000000000000	10000
4	3	0.400000000000	0.300000000000	1	0.666780000000	0.000000000000	0.024721076443	0.000000000000	28000
4	3	0.400000000000	0.300000000000	2	0.000000000000	0.638026666667	0.000000000000	0.021574529074	30000
4	3	0.400000000000	0.300000000000	3	0.000000000000	0.650306666667	0.000000000000	0.023662894049	24000
4	3	0.400000000000	0.300000000000	4	0.000000000000	0.645693333333	0.000000000000	0.023090816530	30000
4	3	0.400000000000	0.300000000000	5	0.000000000000	0.641926666667	0.000000000000	0.024730763784	20000
4	4	0.400000000000	0.400000000000	1	0.000000000000	0.647046666667	0.000000000000	0.015288354333	30000
4	4	0.400000000000	0.400000000000	2	0.635753333333	0.000000000000	0.017809320116	0.000000000000	26000
4	4	0.400000000000	0.400000000000	3	0.642246666667	0.000000000000	0.015053282447	0.000000000000	22000
4	4	0.400000000000	0.400000000000	4	0.000000000000	0.640180000000	0.000000000000	0.027100468053	12000
4	4	0.400000000000	0.400000000000	5	0.000000000000	0.631206666667	0.000000000000	0.020548846672	16000
4	5	0.400000000000	0.500000000000	1	0.000000000000	0.644586666667	0.000000000000	0.017650515467	10000
4	5	0.400000000000	0.500000000000	2	0.000000000000	0.639800000000	0.000000000000	0.022815991286	12000
4	5	0.400000000000	0.500000000000	3	0.000000000000	0.640613333333	0.000000000000	0.015971189722	12000
4	5	0.400000000000	0.500000000000	4	0.000000000000	0.621126666667	0.000000000000	0.022778267531	8000
4	5	0.400000000000	0.500000000000	5	0.000000000000	0.633506666667	0.000000000000	0.020106848386	12000
4	6	0.400000000000	0.600000000000	1	0.000000000000	0.626746666667	0.000000000000	0.019734480393	10000
4	6	0.400000000000	0.600000000000	2	0.000000000000	0.614306666667	0.000000000000	0.018118216824	30000
4	6	0.400000000000	0.600000000000	3	0.000000000000	0.622406666667	0.000000000000	0.022230908212	30000
4	6	0.400000000000	0.600000000000	4	0.000000000000	0.618753333333	0.000000000000	0.026844610670	24000
4	6	0.400000000000	0.600000000000	5	0.000000000000	0.651226666667	0.000000000000	0.023651855206	10000
4	7	0.400000000000	0.700000000000	1	0.000000000000	0.649486666667	0.000000000000	0.021081925983	26000
4	7	0.400000000000	0.700000000000	2	0.000000000000	0.626666666667	0.000000000000	0.020103170665	26000
4	7	0.400000000000	0.700000000000	3	0.000000000000	0.626753333333	0.000000000000	0.020238628683	14000
4	7	0.400000000000	0.700000000000	4	0.000000000000	0.638393333333	0.000000000000	0.021217443608	30000
4	7	0.400000000000	0.700000000000	5	0.000000000000	0.631560000000	0.000000000000	0.021154787547	22000
4	8	0.400000000000	0.800000000000	1	0.000000000000	0.638286666667	0.000000000000	0.017291846092	30000
4	8	0.400000000000	0.800000000000	2	0.000000000000	0.645980000000	0.000000000000	0.021570411689	6000
4	8	0.400000000000	0.800000000000	3	0.000000000000	0.654093333333	0.000000000000	0.020587526472	20000
4	8	0.400000000000	0.800000000000	4	0.000000000000	0.630640000000	0.000000000000	0.016848568909	30000
4	8	0.400000000000	0.800000000000	5	0.000000000000	0.623666666667	0.000000000000	0.018625317662	6000
4	9	0.400000000000	0.900000000000	1	0.000000000000	0.646613333333	0.000000000000	0.022113785483	30000
4	9	0.400000000000	0.900000000000	2	0.000000000000	0.628666666667	0.000000000000	0.020041110013	16000
4	9	0.400000000000	0.900000000000	3	0.000000000000	0.639180000000	0.000000000000	0.017795125420	30000
4	9	0.400000000000	0.900000000000	4	0.000000000000	0.621640000000	0.000000000000	0.020633374327	10000
4	9	0.400000000000	0.900000000000	5	0.000000000000	0.637380000000	0.000000000000	0.018764592512	30000
4	10	0.400000000000	1.000000000000	1	0.000000000000	1.000000000000	0.000000000000	0.000000000000	6000
4	10	0.400000000000	1.000000000000	2	0.000000000000	1.000000000000	0.000000000000	0.000000000000	6000
4	10	0.400000000000	1.000000000000	3	0.000000000000	1.000000000000	0.000000000000	0.000000000000	6000
4	10	0.400000000000	1.000000000000	4	0.000000000000	1.000000000000	0.000000000000	0.000000000000	6000
4	10	0.400000000000	1.000000000000	5	0.000000000000	1.000000000000	0.000000000000	0.000000000000	6000
5	0	0.500000000000	0.000000000000	1	0.631533333333	0.000000000000	0.017522059757	0.000000000000	4000
5	0	0.500000000000	0.000000000000	2	0.625186666667	0.000000000000	0.015193434123	0.000000000000	12000
5	0	0.500000000000	0.000000000000	3	0.659673333333	0.000000000000	0.022043928398	0.000000000000	10000
5	0	0.500000000000	0.000000000000	4	0.642326666667	0.000000000000	0.034149630509	0.000000000000	6000
5	0	0.500000000000	0.000000000000	5	0.616406666667	0.000000000000	0.019854300792	0.000000000000	16000
5	1	0.500000000000	0.100000000000	1	0.655253333333	0.000000000000	0.020913469234	0.000000000000	16000
5	1	0.500000000000	0.100000000000	2	0.631106666667	0.000000000000	0.022984371821	0.000000000000	24000
5	1	0.500000000000	0.100000000000	3	0.646840000000	0.000000000000	0.023511474042	0.000000000000	8000
5	1	0.500000000000	0.100000000000	4	0.631960000000	0.000000000000	0.017757200303	0.000000000000	30000
5	1	0.500000000000	0.100000000000	5	0.639360000000	0.000000000000	0.019149743294	0.000000000000	18000
5	2	0.500000000000	0.200000000000	1	0.651980000000	0.000000000000	0.028487853982	0.000000000000	20000
5	2	0.500000000000	0.200000000000	2	0.630220000000	0.000000000000	0.019191662771	0.000000000000	10000
5	2	0.500000000000	0.200000000000	3	0.624933333333	0.000000000000	0.024130664218	0.000000000000	16000
5	2	0.500000000000	0.200000000000	4	0.644880000000	0.000000000000	0.023747621977	0.000000000000	26000
5	2	0.500000000000	0.200000000000	5	0.646353333333	0.000000000000	0.021000226151	0.000000000000	6000
5	3	0.500000000000	0.300000000000	1	0.642573333333	0.000000000000	0.019059179389	0.000000000000	30000
5	3	0.500000000000	0.300000000000	2	0.647646666667	0.000000000000	0.016775276415	0.000000000000	12000
5	3	0.500000000000	0.300000000000	3	0.630793333333	0.000000000000	0.021939988524	0.000000000000	12000
5	3	0.500000000000	0.300000000000	4	0.000000000000	0.642093333333	0.000000000000	0.026575925024	10000
5	3	0.500000000000	0.300000000000	5	0.650426666667	0.000000000000	0.021005641392	0.000000000000	12000
5	4	0.500000000000	0.400000000000	1	0.000000000000	0.624126666667	0.000000000000	0.018050755811	8000
5	4	0.500000000000	0.400000000000	2	0.000000000000	0.633926666667	0.000000000000	0.020615680808	8000
5	4	0.500000000000	0.400000000000	3	0.000000000000	0.630420000000	0.000000000000	0.017586598420	10000
5	4	0.500000000000	0.400000000000	4	0.630973333333	0.000000000000	0.021080462448	0.000000000000	30000
5	4	0.500000000000	0.400000000000	5	0.000000000000	0.650600000000	0.000000000000	0.020279330641	10000
5	5	0.500000000000	0.500000000000	1	0.000000000000	0.641126666667	0.000000000000	0.021834901894	10000
5	5	0.500000000000	0.500000000000	2	0.000000000000	0.632373333333	0.000000000000	0.020148778180	30000
5	5	0.500000000000	0.500000000000	3	0.000000000000	0.640786666667	0.000000000000	0.020222404822	30000
5	5	0.500000000000	0.500000000000	4	0.635333333333	0.000000000000	0.019125585226	0.000000000000	30000
5	5	0.500000000000	0.500000000000	5	0.631146666667	0.000000000000	0.027177633807	0.000000000000	16000
5	6	0.500000000000	0.600000000000	1	0.000000000000	0.641340000000	0.000000000000	0.017587316842	16000
5	6	0.500000000000	0.600000000000	2	0.000000000000	0.632840000000	0.000000000000	0.019903586988	30000
5	6	0.500000000000	0.600000000000	3	0.000000000000	0.654286666667	0.000000000000	0.019966105190	10000
5	6	0.500000000000	0.600000000000	4	0.000000000000	0.646966666667	0.000000000000	0.021162915208	14000
5	6	0.500000000000	0.600000000000	5	0.000000000000	0.628320000000	0.000000000000	0.019994989919	18000
5	7	0.500000000000	0.700000000000	1	0.000000000000	0.642820000000	0.000000000000	0.016997478992	16000
5	7	0.500000000000	0.700000000000	2	0.000000000000	0.648420000000	0.000000000000	0.020944053201	10000
5	7	0.500000000000	0.700000000000	3	0.000000000000	0.627573333333	0.000000000000	0.020960692725	30000
5	7	0.500000000000	0.700000000000	4	0.000000000000	0.643420000000	0.000000000000	0.017166454965	10000
5	7	0.500000000000	0.700000000000	5	0.000000000000	0.638780000000	0.000000000000	0.030004271375	30000
5	8	0.500000000000	0.800000000000	1	0.000000000000	0.640440000000	0.000000000000	0.020279049832	8000
5	8	0.500000000000	0.800000000000	2	0.000000000000	0.630900000000	0.000000000000	0.023163042255	6000
5	8	0.500000000000	0.800000000000	3	0.000000000000	0.641300000000	0.000000000000	0.017430255701	16000
5	8	0.500000000000	0.800000000000	4	0.000000000000	0.627806666667	0.000000000000	0.025061604889	30000
5	8	0.500000000000	0.800000000000	5	0.000000000000	0.637033333333	0.000000000000	0.017706281408	16000
5	9	0.500000000000	0.900000000000	1	0.000000000000	0.632980000000	0.000000000000	0.019004464174	18000
5	9	0.500000000000	0.900000000000	2	0.000000000000	0.639860000000	0.000000000000	0.022842746769	22000
5	9	0.500000000000	0.900000000000	3	0.000000000000	0.650946666667	0.000000000000	0.019632748728	30000
5	9	0.500000000000	0.900000000000	4	0.000000000000	0.634893333333	0.000000000000	0.018864724578	30000
5	9	0.500000000000	0.900000000000	5	0.000000000000	0.648253333333	0.000000000000	0.021561092341	24000
5	10	0.500000000000	1.000000000000	1	0.000000000000	1.000000000000	0.000000000000	0.000000000000	6000
5	10	0.500000000000	1.000000000000	2	0.000000000000	1.000000000000	0.000000000000	0.000000000000	6000
5	10	0.500000000000	1.000000000000	3	0.000000000000	1.000000000000	0.000000000000	0.000000000000	6000
5	10	0.500000000000	1.000000000000	4	0.000000000000	1.000000000000	0.000000000000	0.000000000000	6000
5	10	0.500000000000	1.000000000000	5	0.000000000000	1.000000000000	0.000000000000	0.000000000000	6000
6	0	0.600000000000	0.000000000000	1	0.624433333333	0.000000000000	0.016917071213	0.000000000000	30000
6	0	0.600000000000	0.000000000000	2	0.643626666667	0.000000000000	0.021377398601	0.000000000000	20000
6	0	0.600000000000	0.000000000000	3	0.645393333333	0.000000000000	0.021463026486	0.000000000000	26000
6	0	0.600000000000	0.000000000000	4	0.653693333333	0.000000000000	0.018211774636	0.000000000000	28000
6	0	0.600000000000	0.000000000000	5	0.640280000000	0.000000000000	0.017034298426	0.000000000000	22000
6	1	0.600000000000	0.100000000000	1	0.631533333333	0.000000000000	0.022277309100	0.000000000000	16000
6	1	0.600000000000	0.100000000000	2	0.637293333333	0.000000000000	0.016721849254	0.000000000000	18000
6	1	0.600000000000	0.100000000000	3	0.637246666667	0.000000000000	0.019858728061	0.000000000000	10000
6	1	0.600000000000	0.100000000000	4	0.624966666667	0.000000000000	0.018675977229	0.000000000000	22000
6	1	0.600000000000	0.100000000000	5	0.640466666667	0.000000000000	0.017605648177	0.000000000000	10000
6	2	0.600000000000	0.200000000000	1	0.627553333333	0.000000000000	0.020236957968	0.000000000000	10000
6	2	0.600000000000	0.200000000000	2	0.634786666667	0.000000000000	0.024409362395	0.000000000000	30000
6	2	0.600000000000	0.200000000000	3	0.623933333333	0.000000000000	0.018387806959	0.000000000000	28000
6	2	0.600000000000	0.200000000000	4	0.635420000000	0.000000000000	0.019643164163	0.000000000000	30000
6	2	0.600000000000	0.200000000000	5	0.639140000000	0.000000000000	0.017426916846	0.000000000000	14000
6	3	0.600000000000	0.300000000000	1	0.658226666667	0.000000000000	0.019971333031	0.000000000000	10000
6	3	0.600000000000	0.300000000000	2	0.639693333333	0.000000000000	0.017780134979	0.000000000000	30000
6	3	0.600000000000	0.300000000000	3	0.645800000000	0.000000000000	0.026525401604	0.000000000000	30000
6	3	0.600000000000	0.300000000000	4	0.000000000000	0.646006666667	0.000000000000	0.016224976798	10000
6	3	0.600000000000	0.300000000000	5	0.000000000000	0.633493333333	0.000000000000	0.018360596709	14000
6	4	0.600000000000	0.400000000000	1	0.000000000000	0.646580000000	0.000000000000	0.021560550694	16000
6	4	0.600000000000	0.400000000000	2	0.628466666667	0.000000000000	0.017110994111	0.000000000000	30000
6	4	0.600000000000	0.400000000000	3	0.000000000000	0.631206666667	0.000000000000	0.019609397850	26000
6	4	0.600000000000	0.400000000000	4	0.639166666667	0.000000000000	0.017669055687	0.000000000000	24000
6	4	0.600000000000	0.400000000000	5	0.642646666667	0.000000000000	0.016902095621	0.000000000000	10000
6	5	0.600000000000	0.500000000000	1	0.000000000000	0.632440000000	0.000000000000	0.025968542694	28000
6	5	0.600000000000	0.500000000000	2	0.635213333333	0.000000000000	0.026343112184	0.000000000000	30000
6	5	0.600000000000	0.500000000000	3	0.000000000000	0.651260000000	0.000000000000	0.019961345139	12000
6	5	0.600000000000	0.500000000000	4	0.000000000000	0.643953333333	0.000000000000	0.021637297926	26000
6	5	0.600000000000	0.500000000000	5	0.000000000000	0.630853333333	0.000000000000	0.025723749947	30000
6	6	0.600000000000	0.600000000000	1	0.000000000000	0.639126666667	0.000000000000	0.017867440309	16000
6	6	0.600000000000	0.600000000000	2	0.000000000000	0.633320000000	0.000000000000	0.018414517975	30000
6	6	0.600000000000	0.600000000000	3	0.000000000000	0.631133333333	0.000000000000	0.021821308458	10000
6	6	0.600000000000	0.600000000000	4	0.620960000000	0.000000000000	0.019846215565	0.000000000000	24000
6	6	0.600000000000	0.600000000000	5	0.635333333333	0.000000000000	0.022252231989	0.000000000000	30000
6	7	0.600000000000	0.700000000000	1	0.000000000000	0.625866666667	0.000000000000	0.023008705127	28000
6	7	0.600000000000	0.700000000000	2	0.640406666667	0.000000000000	0.020442528308	0.000000000000	20000
6	7	0.600000000000	0.700000000000	3	0.000000000000	0.646333333333	0.000000000000	0.023968893199	18000
6	7	0.600000000000	0.700000000000	4	0.653166666667	0.000000000000	0.024290510859	0.000000000000	22000
6	7	0.600000000000	0.700000000000	5	0.000000000000	0.638093333333	0.000000000000	0.021367136216	12000
6	8	0.600000000000	0.800000000000	1	0.000000000000	0.630433333333	0.000000000000	0.018678121039	12000
6	8	0.600000000000	0.800000000000	2	0.000000000000	0.634793333333	0.000000000000	0.020860201160	12000
6	8	0.600000000000	0.800000000000	3	0.000000000000	0.637366666667	0.000000000000	0.018838447636	30000
6	8	0.600000000000	0.800000000000	4	0.629706666667	0.000000000000	0.018188528140	0.000000000000	28000
6	8	0.600000000000	0.800000000000	5	0.000000000000	0.637353333333	0.000000000000	0.018471681711	30000
6	9	0.600000000000	0.900000000000	1	0.000000000000	0.629926666667	0.000000000000	0.021333457415	16000
6	9	0.600000000000	0.900000000000	2	0.000000000000	0.632333333333	0.000000000000	0.021148746812	20000
6	9	0.600000000000	0.900000000000	3	0.000000000000	0.637720000000	0.000000000000	0.024261794639	12000
6	9	0.600000000000	0.900000000000	4	0.000000000000	0.619520000000	0.000000000000	0.024023878678	24000
6	9	0.600000000000	0.900000000000	5	0.000000000000	0.635326666667	0.000000000000	0.020360010834	30000
6	10	0.600000000000	1.000000000000	1	0.000000000000	1.000000000000	0.000000000000	0.000000000000	6000
6	10	0.600000000000	1.000000000000	2	0.000000000000	1.000000000000	0.000000000000	0.000000000000	6000
6	10	0.600000000000	1.000000000000	3	0.000000000000	1.000000000000	0.000000000000	0.000000000000	6000
6	10	0.600000000000	1.000000000000	4	0.000000000000	1.000000000000	0.000000000000	0.000000000000	6000
6	10	0.600000000000	1.000000000000	5	0.000000000000	1.000000000000	0.000000000000	0.000000000000	6000
7	0	0.700000000000	0.000000000000	1	0.660973333333	0.000000000000	0.026914665959	0.000000000000	8000
7	0	0.700000000000	0.000000000000	2	0.623866666667	0.000000000000	0.018560832538	0.000000000000	30000
7	0	0.700000000000	0.000000000000	3	0.641753333333	0.000000000000	0.019779488403	0.000000000000	10000
7	0	0.700000000000	0.000000000000	4	0.650793333333	0.000000000000	0.017604054851	0.000000000000	6000
7	0	0.700000000000	0.000000000000	5	0.679533333333	0.000000000000	0.021507112526	0.000000000000	30000
7	1	0.700000000000	0.100000000000	1	0.630280000000	0.000000000000	0.016149446642	0.000000000000	28000
7	1	0.700000000000	0.100000000000	2	0.619426666667	0.000000000000	0.023847105018	0.000000000000	6000
7	1	0.700000000000	0.100000000000	3	0.637920000000	0.000000000000	0.021851416836	0.000000000000	26000
7	1	0.700000000000	0.100000000000	4	0.639913333333	0.000000000000	0.018660315188	0.000000000000	22000
7	1	0.700000000000	0.100000000000	5	0.644586666667	0.000000000000	0.017000861624	0.000000000000	28000
7	2	0.700000000000	0.200000000000	1	0.640420000000	0.000000000000	0.024192008965	0.000000000000	30000
7	2	0.700000000000	0.200000000000	2	0.639066666667	0.000000000000	0.021773650811	0.000000000000	30000
7	2	0.700000000000	0.200000000000	3	0.625746666667	0.000000000000	0.023303957866	0.000000000000	22000
7	2	0.700000000000	0.200000000000	4	0.634453333333	0.000000000000	0.018053142674	0.000000000000	16000
7	2	0.700000000000	0.200000000000	5	0.634626666667	0.000000000000	0.023813276524	0.000000000000	6000
7	3	0.700000000000	0.300000000000	1	0.638820000000	0.000000000000	0.022219890769	0.000000000000	12000
7	3	0.700000000000	0.300000000000	2	0.620753333333	0.000000000000	0.020599653480	0.000000000000	30000
7	3	0.700000000000	0.300000000000	3	0.652706666667	0.000000000000	0.020949716560	0.000000000000	16000
7	3	0.700000000000	0.300000000000	4	0.659200000000	0.000000000000	0.024544884197	0.000000000000	8000
7	3	0.700000000000	0.300000000000	5	0.629800000000	0.000000000000	0.020241122409	0.000000000000	14000
7	4	0.700000000000	0.400000000000	1	0.656620000000	0.000000000000	0.020760698606	0.000000000000	30000
7	4	0.700000000000	0.400000000000	2	0.000000000000	0.617060000000	0.000000000000	0.020015030499	30000
7	4	0.700000000000	0.400000000000	3	0.636580000000	0.000000000000	0.020133942543	0.000000000000	10000
7	4	0.700000000000	0.400000000000	4	0.637813333333	0.000000000000	0.022308557017	0.000000000000	12000
7	4	0.700000000000	0.400000000000	5	0.620186666667	0.000000000000	0.017116344116	0.000000000000	30000
7	5	0.700000000000	0.500000000000	1	0.615753333333	0.000000000000	0.022048602041	0.000000000000	8000
7	5	0.700000000000	0.500000000000	2	0.646040000000	0.000000000000	0.018502692737	0.000000000000	8000
7	5	0.700000000000	0.500000000000	3	0.000000000000	0.640886666667	0.000000000000	0.014853769107	24000
7	5	0.700000000000	0.500000000000	4	0.627666666667	0.000000000000	0.027393741689	0.000000000000	6000
7	5	0.700000000000	0.500000000000	5	0.000000000000	0.644206666667	0.000000000000	0.018150299968	12000
7	6	0.700000000000	0.600000000000	1	0.643280000000	0.000000000000	0.024729375870	0.000000000000	18000
7	6	0.700000000000	0.600000000000	2	0.000000000000	0.630433333333	0.000000000000	0.025995709031	16000
7	6	0.700000000000	0.600000000000	3	0.000000000000	0.633160000000	0.000000000000	0.020170912477	8000
7	6	0.700000000000	0.600000000000	4	0.000000000000	0.639160000000	0.000000000000	0.020272993937	8000
7	6	0.700000000000	0.600000000000	5	0.646393333333	0.000000000000	0.019365211370	0.000000000000	22000
7	7	0.700000000000	0.700000000000	1	0.000000000000	0.639773333333	0.000000000000	0.020789493681	30000
7	7	0.700000000000	0.700000000000	2	0.000000000000	0.634700000000	0.000000000000	0.019254224721	18000
7	7	0.700000000000	0.700000000000	3	0.646200000000	0.000000000000	0.016412950390	0.000000000000	30000
7	7	0.700000000000	0.700000000000	4	0.640066666667	0.000000000000	0.020512724904	0.000000000000	30000
7	7	0.700000000000	0.700000000000	5	0.000000000000	0.650220000000	0.000000000000	0.022700470387	10000
7	8	0.700000000000	0.800000000000	1	0.000000000000	0.660200000000	0.000000000000	0.019219679049	24000
7	8	0.700000000000	0.800000000000	2	0.000000000000	0.613606666667	0.000000000000	0.014672973134	20000
7	8	0.700000000000	0.800000000000	3	0.000000000000	0.618580000000	0.000000000000	0.025579812660	30000
7	8	0.700000000000	0.800000000000	4	0.000000000000	0.632433333333	0.000000000000	0.023021438993	6000
7	8	0.700000000000	0.800000000000	5	0.000000000000	0.630720000000	0.000000000000	0.018917820392	8000
7	9	0.700000000000	0.900000000000	1	0.000000000000	0.648213333333	0.000000000000	0.017599425679	26000
7	9	0.700000000000	0.900000000000	2	0.000000000000	0.622400000000	0.000000000000	0.019343467251	22000
7	9	0.700000000000	0.900000000000	3	0.000000000000	0.650753333333	0.000000000000	0.021131627984	8000
7	9	0.700000000000	0.900000000000	4	0.000000000000	0.643353333333	0.000000000000	0.025555765330	14000
7	9	0.700000000000	0.900000000000	5	0.000000000000	0.642153333333	0.000000000000	0.030363292469	10000
7	10	0.700000000000	1.000000000000	1	0.000000000000	1.000000000000	0.000000000000	0.000000000000	6000
7	10	0.700000000000	1.000000000000	2	0.000000000000	1.000000000000	0.000000000000	0.000000000000	6000
7	10	0.700000000000	1.000000000000	3	0.000000000000	1.000000000000	0.000000000000	0.000000000000	6000
7	10	0.700000000000	1.000000000000	4	0.000000000000	1.000000000000	0.000000000000	0.000000000000	6000
7	10	0.700000000000	1.000000000000	5	0.000000000000	1.000000000000	0.000000000000	0.000000000000	6000
8	0	0.800000000000	0.000000000000	1	0.633853333333	0.000000000000	0.016346155413	0.000000000000	30000
8	0	0.800000000000	0.000000000000	2	0.618480000000	0.000000000000	0.021418930711	0.000000000000	20000
8	0	0.800000000000	0.000000000000	3	0.624086666667	0.000000000000	0.016402282069	0.000000000000	12000
8	0	0.800000000000	0.000000000000	4	0.642266666667	0.000000000000	0.018472896757	0.000000000000	22000
8	0	0.800000000000	0.000000000000	5	0.638226666667	0.000000000000	0.022392981566	0.000000000000	18000
8	1	0.800000000000	0.100000000000	1	0.664073333333	0.000000000000	0.016159695479	0.000000000000	30000
8	1	0.800000000000	0.100000000000	2	0.655820000000	0.000000000000	0.018273702276	0.000000000000	12000
8	1	0.800000000000	0.100000000000	3	0.640520000000	0.000000000000	0.022061396014	0.000000000000	30000
8	1	0.800000000000	0.100000000000	4	0.632333333333	0.000000000000	0.021474404274	0.000000000000	10000
8	1	0.800000000000	0.100000000000	5	0.635846666667	0.000000000000	0.022402542676	0.000000000000	18000
8	2	0.800000000000	0.200000000000	1	0.636166666667	0.000000000000	0.018931971124	0.000000000000	20000
8	2	0.800000000000	0.200000000000	2	0.622760000000	0.000000000000	0.017957802216	0.000000000000	8000
8	2	0.800000000000	0.200000000000	3	0.621053333333	0.000000000000	0.025374986392	0.000000000000	30000
8	2	0.800000000000	0.200000000000	4	0.635680000000	0.000000000000	0.017467380343	0.000000000000	16000
8	2	0.800000000000	0.200000000000	5	0.638800000000	0.000000000000	0.017372251681	0.000000000000	16000
8	3	0.800000000000	0.300000000000	1	0.651493333333	0.000000000000	0.018102421197	0.000000000000	18000
8	3	0.800000000000	0.300000000000	2	0.638200000000	0.000000000000	0.020958141333	0.000000000000	10000
8	3	0.800000000000	0.300000000000	3	0.645506666667	0.000000000000	0.027576829916	0.000000000000	6000
8	3	0.800000000000	0.300000000000	4	0.643533333333	0.000000000000	0.022404755839	0.000000000000	20000
8	3	0.800000000000	0.300000000000	5	0.660946666667	0.000000000000	0.017609104732	0.000000000000	24000
8	4	0.800000000000	0.400000000000	1	0.634813333333	0.000000000000	0.019063511269	0.000000000000	18000
8	4	0.800000000000	0.400000000000	2	0.637640000000	0.000000000000	0.018410516693	0.000000000000	8000
8	4	0.800000000000	0.400000000000	3	0.655706666667	0.000000000000	0.022653732399	0.000000000000	30000
8	4	0.800000000000	0.400000000000	4	0.632606666667	0.000000000000	0.020485834197	0.000000000000	14000
8	4	0.800000000000	0.400000000000	5	0.641160000000	0.000000000000	0.017223238047	0.000000000000	14000
8	5	0.800000000000	0.500000000000	1	0.606140000000	0.000000000000	0.020242945525	0.000000000000	30000
8	5	0.800000000000	0.500000000000	2	0.624666666667	0.000000000000	0.019768429143	0.000000000000	20000
8	5	0.800000000000	0.500000000000	3	0.633120000000	0.000000000000	0.018121030587	0.000000000000	8000
8	5	0.800000000000	0.500000000000	4	0.645706666667	0.000000000000	0.018725090895	0.000000000000	12000
8	5	0.800000000000	0.500000000000	5	0.633180000000	0.000000000000	0.014974818146	0.000000000000	8000
8	6	0.800000000000	0.600000000000	1	0.000000000000	0.649766666667	0.000000000000	0.022320877108	26000
8	6	0.800000000000	0.600000000000	2	0.632193333333	0.000000000000	0.013435972976	0.000000000000	10000
8	6	0.800000000000	0.600000000000	3	0.000000000000	0.629380000000	0.000000000000	0.020335689105	30000
8	6	0.800000000000	0.600000000000	4	0.000000000000	0.633433333333	0.000000000000	0.023210051363	24000
8	6	0.800000000000	0.600000000000	5	0.000000000000	0.622053333333	0.000000000000	0.019636487366	30000
8	7	0.800000000000	0.700000000000	1	0.000000000000	0.635986666667	0.000000000000	0.028146775163	8000
8	7	0.800000000000	0.700000000000	2	0.649940000000	0.000000000000	0.016934345601	0.000000000000	30000
8	7	0.800000000000	0.700000000000	3	0.000000000000	0.628793333333	0.000000000000	0.020877469031	18000
8	7	0.800000000000	0.700000000000	4	0.000000000000	0.636433333333	0.000000000000	0.018255316758	26000
8	7	0.800000000000	0.700000000000	5	0.000000000000	0.626660000000	0.000000000000	0.018037392420	16000
8	8	0.800000000000	0.800000000000	1	0.000000000000	0.639633333333	0.000000000000	0.019223006227	14000
8	8	0.800000000000	0.800000000000	2	0.000000000000	0.631766666667	0.000000000000	0.020841783405	18000
8	8	0.800000000000	0.800000000000	3	0.000000000000	0.640726666667	0.000000000000	0.018326272186	20000
8	8	0.800000000000	0.800000000000	4	0.000000000000	0.652086666667	0.000000000000	0.017047084560	8000
8	8	0.800000000000	0.800000000000	5	0.000000000000	0.637226666667	0.000000000000	0.019094091171	30000
8	9	0.800000000000	0.900000000000	1	0.000000000000	0.630073333333	0.000000000000	0.021425018820	30000
8	9	0.800000000000	0.900000000000	2	0.000000000000	0.633046666667	0.000000000000	0.019973456972	24000
8	9	0.800000000000	0.900000000000	3	0.000000000000	0.625933333333	0.000000000000	0.022567783684	22000
8	9	0.800000000000	0.900000000000	4	0.632693333333	0.000000000000	0.018586203433	0.000000000000	14000
8	9	0.800000000000	0.900000000000	5	0.000000000000	0.652993333333	0.000000000000	0.020231557977	30000
8	10	0.800000000000	1.000000000000	1	0.000000000000	1.000000000000	0.000000000000	0.000000000000	6000
8	10	0.800000000000	1.000000000000	2	0.000000000000	1.000000000000	0.000000000000	0.000000000000	6000
8	10	0.800000000000	1.000000000000	3	0.000000000000	1.000000000000	0.000000000000	0.000000000000	6000
8	10	0.800000000000	1.000000000000	4	0.000000000000	1.000000000000	0.000000000000	0.000000000000	6000
8	10	0.800000000000	1.000000000000	5	0.000000000000	1.000000000000	0.000000000000	0.000000000000	6000
9	0	0.900000000000	0.000000000000	1	0.633706666667	0.000000000000	0.019205512129	0.000000000000	20000
9	0	0.900000000000	0.000000000000	2	0.649386666667	0.000000000000	0.020676508576	0.000000000000	28000
9	0	0.900000000000	0.000000000000	3	0.640253333333	0.000000000000	0.018681432741	0.000000000000	14000
9	0	0.900000000000	0.000000000000	4	0.655186666667	0.000000000000	0.027978029736	0.000000000000	30000
9	0	0.900000000000	0.000000000000	5	0.636426666667	0.000000000000	0.019209959231	0.000000000000	10000
9	1	0.900000000000	0.100000000000	1	0.637960000000	0.000000000000	0.018992958321	0.000000000000	16000
9	1	0.900000000000	0.100000000000	2	0.646100000000	0.000000000000	0.016430119833	0.000000000000	18000
9	1	0.900000000000	0.100000000000	3	0.631193333333	0.000000000000	0.022168061125	0.000000000000	10000
9	1	0.900000000000	0.100000000000	4	0.641826666667	0.000000000000	0.023334452521	0.000000000000	20000
9	1	0.900000000000	0.100000000000	5	0.634086666667	0.000000000000	0.018745236002	0.000000000000	6000
9	2	0.900000000000	0.200000000000	1	0.653740000000	0.000000000000	0.021517637930	0.000000000000	8000
9	2	0.900000000000	0.200000000000	2	0.648806666667	0.000000000000	0.019301515590	0.000000000000	10000
9	2	0.900000000000	0.200000000000	3	0.659080000000	0.000000000000	0.020166094875	0.000000000000	6000
9	2	0.900000000000	0.200000000000	4	0.647560000000	0.000000000000	0.025863827245	0.000000000000	8000
9	2	0.900000000000	0.200000000000	5	0.638193333333	0.000000000000	0.026313611297	0.000000000000	22000
9	3	0.900000000000	0.300000000000	1	0.649046666667	0.000000000000	0.018239195933	0.000000000000	30000
9	3	0.900000000000	0.300000000000	2	0.648840000000	0.000000000000	0.018848775637	0.000000000000	14000
9	3	0.900000000000	0.300000000000	3	0.629140000000	0.000000000000	0.020856276589	0.000000000000	22000
9	3	0.900000000000	0.300000000000	4	0.631413333333	0.000000000000	0.026275963321	0.000000000000	16000
9	3	0.900000000000	0.300000000000	5	0.658160000000	0.000000000000	0.022069368196	0.000000000000	12000
9	4	0.900000000000	0.400000000000	1	0.658873333333	0.000000000000	0.024345453397	0.000000000000	12000
9	4	0.900000000000	0.400000000000	2	0.642393333333	0.000000000000	0.016427877649	0.000000000000	10000
9	4	0.900000000000	0.400000000000	3	0.639280000000	0.000000000000	0.023341517226	0.000000000000	30000
9	4	0.900000000000	0.400000000000	4	0.658360000000	0.000000000000	0.016508066198	0.000000000000	30000
9	4	0.900000000000	0.400000000000	5	0.625300000000	0.000000000000	0.021131358501	0.000000000000	28000
9	5	0.900000000000	0.500000000000	1	0.652846666667	0.000000000000	0.019041275434	0.000000000000	10000
9	5	0.900000000000	0.500000000000	2	0.666446666667	0.000000000000	0.020698417063	0.000000000000	30000
9	5	0.900000000000	0.500000000000	3	0.633633333333	0.000000000000	0.026764065537	0.000000000000	22000
9	5	0.900000000000	0.500000000000	4	0.651900000000	0.000000000000	0.018724509979	0.000000000000	24000
9	5	0.900000000000	0.500000000000	5	0.648060000000	0.000000000000	0.023414767092	0.000000000000	8000
9	6	0.900000000000	0.600000000000	1	0.644373333333	0.000000000000	0.024205460217	0.000000000000	8000
9	6	0.900000000000	0.600000000000	2	0.653093333333	0.000000000000	0.023248287741	0.000000000000	24000
9	6	0.900000000000	0.600000000000	3	0.000000000000	0.643106666667	0.000000000000	0.017401989232	30000
9	6	0.900000000000	0.600000000000	4	0.000000000000	0.643220000000	0.000000000000	0.019734316950	10000
9	6	0.900000000000	0.600000000000	5	0.632500000000	0.000000000000	0.020659114726	0.000000000000	16000
9	7	0.900000000000	0.700000000000	1	0.637006666667	0.000000000000	0.019113251504	0.000000000000	30000
9	7	0.900000000000	0.700000000000	2	0.645073333333	0.000000000000	0.017996501100	0.000000000000	14000
9	7	0.900000000000	0.700000000000	3	0.000000000000	0.631833333333	0.000000000000	0.018971877988	26000
9	7	0.900000000000	0.700000000000	4	0.630626666667	0.000000000000	0.023643408047	0.000000000000	8000
9	7	0.900000000000	0.700000000000	5	0.659113333333	0.000000000000	0.020144413553	0.000000000000	30000
9	8	0.900000000000	0.800000000000	1	0.000000000000	0.629900000000	0.000000000000	0.020971589958	14000
9	8	0.900000000000	0.800000000000	2	0.000000000000	0.640260000000	0.000000000000	0.018515089572	12000
9	8	0.900000000000	0.800000000000	3	0.640546666667	0.000000000000	0.024493785856	0.000000000000	30000
9	8	0.900000000000	0.800000000000	4	0.000000000000	0.620266666667	0.000000000000	0.023177083017	6000
9	8	0.900000000000	0.800000000000	5	0.634893333333	0.000000000000	0.018379753166	0.000000000000	10000
9	9	0.900000000000	0.900000000000	1	0.661806666667	0.000000000000	0.016804646068	0.000000000000	16000
9	9	0.900000000000	0.900000000000	2	0.000000000000	0.624993333333	0.000000000000	0.022387770745	18000
9	9	0.900000000000	0.900000000000	3	0.000000000000	0.649440000000	0.000000000000	0.020132962540	30000
9	9	0.900000000000	0.900000000000	4	0.000000000000	0.627506666667	0.000000000000	0.020478237293	16000
9	9	0.900000000000	0.900000000000	5	0.000000000000	0.630080000000	0.000000000000	0.015882249395	22000
9	10	0.900000000000	1.000000000000	1	0.000000000000	1.000000000000	0.000000000000	0.000000000000	6000
9	10	0.900000000000	1.000000000000	2	0.000000000000	1.000000000000	0.000000000000	0.000000000000	6000
9	10	0.900000000000	1.000000000000	3	0.000000000000	1.000000000000	0.000000000000	0.000000000000	6000
9	10	0.900000000000	1.000000000000	4	0.000000000000	1.000000000000	0.000000000000	0.000000000000	6000
9	10	0.900000000000	1.000000000000	5	0.000000000000	1.000000000000	0.000000000000	0.000000000000	6000
10	0	1.000000000000	0.000000000000	1	1.000000000000	0.000000000000	0.000000000000	0.000000000000	4000
10	0	1.000000000000	0.000000000000	2	1.000000000000	0.000000000000	0.000000000000	0.000000000000	4000
10	0	1.000000000000	0.000000000000	3	1.000000000000	0.000000000000	0.000000000000	0.000000000000	4000
10	0	1.000000000000	0.000000000000	4	1.000000000000	0.000000000000	0.000000000000	0.000000000000	4000
10	0	1.000000000000	0.000000000000	5	1.000000000000	0.000000000000	0.000000000000	0.000000000000	4000
10	1	1.000000000000	0.100000000000	1	1.000000000000	0.000000000000	0.000000000000	0.000000000000	6000
10	1	1.000000000000	0.100000000000	2	1.000000000000	0.000000000000	0.000000000000	0.000000000000	6000
10	1	1.000000000000	0.100000000000	3	1.000000000000	0.000000000000	0.000000000000	0.000000000000	6000
10	1	1.000000000000	0.100000000000	4	1.000000000000	0.000000000000	0.000000000000	0.000000000000	6000
10	1	1.000000000000	0.100000000000	5	1.000000000000	0.000000000000	0.000000000000	0.000000000000	6000
10	2	1.000000000000	0.200000000000	1	1.000000000000	0.000000000000	0.000000000000	0.000000000000	6000
10	2	1.000000000000	0.200000000000	2	1.000000000000	0.000000000000	0.000000000000	0.000000000000	6000
10	2	1.000000000000	0.200000000000	3	1.000000000000	0.000000000000	0.000000000000	0.000000000000	6000
10	2	1.000000000000	0.200000000000	4	1.000000000000	0.000000000000	0.000000000000	0.000000000000	6000
10	2	1.000000000000	0.200000000000	5	1.000000000000	0.000000000000	0.000000000000	0.000000000000	6000
10	3	1.000000000000	0.300000000000	1	1.000000000000	0.000000000000	0.000000000000	0.000000000000	6000
10	3	1.000000000000	0.300000000000	2	1.000000000000	0.000000000000	0.000000000000	0.000000000000	6000
10	3	1.000000000000	0.300000000000	3	1.000000000000	0.000000000000	0.000000000000	0.000000000000	6000
10	3	1.000000000000	0.300000000000	4	1.000000000000	0.000000000000	0.000000000000	0.000000000000	6000
10	3	1.000000000000	0.300000000000	5	1.000000000000	0.000000000000	0.000000000000	0.000000000000	6000
10	4	1.000000000000	0.400000000000	1	1.000000000000	0.000000000000	0.000000000000	0.000000000000	6000
10	4	1.000000000000	0.400000000000	2	1.000000000000	0.000000000000	0.000000000000	0.000000000000	6000
10	4	1.000000000000	0.400000000000	3	1.000000000000	0.000000000000	0.000000000000	0.000000000000	6000
10	4	1.000000000000	0.400000000000	4	1.000000000000	0.000000000000	0.000000000000	0.000000000000	8000
10	4	1.000000000000	0.400000000000	5	1.000000000000	0.000000000000	0.000000000000	0.000000000000	6000
10	5	1.000000000000	0.500000000000	1	1.000000000000	0.000000000000	0.000000000000	0.000000000000	6000
10	5	1.000000000000	0.500000000000	2	1.000000000000	0.000000000000	0.000000000000	0.000000000000	6000
10	5	1.000000000000	0.500000000000	3	1.000000000000	0.000000000000	0.000000000000	0.000000000000	6000
10	5	1.000000000000	0.500000000000	4	1.000000000000	0.000000000000	0.000000000000	0.000000000000	6000
10	5	1.000000000000	0.500000000000	5	1.000000000000	0.000000000000	0.000000000000	0.000000000000	6000
10	6	1.000000000000	0.600000000000	1	1.000000000000	0.000000000000	0.000000000000	0.000000000000	6000
10	6	1.000000000000	0.600000000000	2	1.000000000000	0.000000000000	0.000000000000	0.000000000000	6000
10	6	1.000000000000	0.600000000000	3	1.000000000000	0.000000000000	0.000000000000	0.000000000000	6000
10	6	1.000000000000	0.600000000000	4	1.000000000000	0.000000000000	0.000000000000	0.000000000000	6000
10	6	1.000000000000	0.600000000000	5	1.000000000000	0.000000000000	0.000000000000	0.000000000000	6000
10	7	1.000000000000	0.700000000000	1	1.000000000000	0.000000000000	0.000000000000	0.000000000000	6000
10	7	1.000000000000	0.700000000000	2	1.000000000000	0.000000000000	0.000000000000	0.000000000000	6000
10	7	1.000000000000	0.700000000000	3	1.000000000000	0.000000000000	0.000000000000	0.000000000000	6000
10	7	1.000000000000	0.700000000000	4	1.000000000000	0.000000000000	0.000000000000	0.000000000000	6000
10	7	1.000000000000	0.700000000000	5	1.000000000000	0.000000000000	0.000000000000	0.000000000000	6000
10	8	1.000000000000	0.800000000000	1	1.000000000000	0.000000000000	0.000000000000	0.000000000000	6000
10	8	1.000000000000	0.800000000000	2	1.000000000000	0.000000000000	0.000000000000	0.000000000000	6000
10	8	1.000000000000	0.800000000000	3	1.000000000000	0.000000000000	0.000000000000	0.000000000000	6000
10	8	1.000000000000	0.800000000000	4	1.000000000000	0.000000000000	0.000000000000	0.000000000000	6000
10	8	1.000000000000	0.800000000000	5	1.000000000000	0.000000000000	0.000000000000	0.000000000000	6000
10	9	1.000000000000	0.900000000000	1	1.000000000000	0.000000000000	0.000000000000	0.000000000000	6000
10	9	1.000000000000	0.900000000000	2	1.000000000000	0.000000000000	0.000000000000	0.000000000000	6000
10	9	1.000000000000	0.900000000000	3	1.000000000000	0.000000000000	0.000000000000	0.000000000000	6000
10	9	1.000000000000	0.900000000000	4	1.000000000000	0.000000000000	0.000000000000	0.000000000000	6000
10	9	1.000000000000	0.900000000000	5	1.000000000000	0.000000000000	0.000000000000	0.000000000000	6000
10	10	1.000000000000	1.000000000000	1	1.000000000000	1.000000000000	0.000000000000	0.000000000000	4000
10	10	1.000000000000	1.000000000000	2	1.000000000000	1.000000000000	0.000000000000	0.000000000000	4000
10	10	1.000000000000	1.000000000000	3	1.000000000000	1.000000000000	0.000000000000	0.000000000000	4000
10	10	1.000000000000	1.000000000000	4	1.000000000000	1.000000000000	0.000000000000	0.000000000000	4000
10	10	1.000000000000	1.000000000000	5	1.000000000000	1.000000000000	0.000000000000	0.000000000000	4000
