# scan initial plane
# b 1.174
# r 0
# e -0.4
# N1 300
# N2 300
# P11 0.9
# p12 0.3
# P22 0.9
# T_MCS 1000
# T_MAX 30000
# W 2000
# UPDATE_RULE 0
# FERMI_BETA 1
# DEGREE_ALPHA 0.5
# DEGREE_FACTOR_MIN 0.5
# DEGREE_FACTOR_MAX 2
# ndiv 10
# n_reps 5
# A:(0,1),	A':(0,0.690),	B:(1,0),	B'=(0.690,0),	C:(1,1),	D:(0,0),	E:(0.347,0.347) 
# columns: ix iy x1_0 x2_0 rep x1_inf x2_inf sigma_1 sigma_2 t_relax
0	0	0.000000000000	0.000000000000	1	0.000000000000	0.000000000000	0.000000000000	0.000000000000	4000
0	0	0.000000000000	0.000000000000	2	0.000000000000	0.000000000000	0.000000000000	0.000000000000	4000
0	0	0.000000000000	0.000000000000	3	0.000000000000	0.000000000000	0.000000000000	0.000000000000	4000
0	0	0.000000000000	0.000000000000	4	0.000000000000	0.000000000000	0.000000000000	0.000000000000	4000
0	0	0.000000000000	0.000000000000	5	0.000000000000	0.000000000000	0.000000000000	0.000000000000	4000
0	1	0.000000000000	0.100000000000	1	0.000000000000	0.696090000000	0.000000000000	0.012352599278	30000
0	1	0.000000000000	0.100000000000	2	0.000000000000	0.690250000000	0.000000000000	0.009341203960	30000
0	1	0.000000000000	0.100000000000	3	0.000000000000	0.688746666667	0.000000000000	0.011577126244	4000
0	1	0.000000000000	0.100000000000	4	0.000000000000	0.700146666667	0.000000000000	0.009971633664	8000
0	1	0.000000000000	0.100000000000	5	0.000000000000	0.690370000000	0.000000000000	0.012656617108	30000
0	2	0.000000000000	0.200000000000	1	0.000000000000	0.690086666667	0.000000000000	0.011394447483	8000
0	2	0.000000000000	0.200000000000	2	0.000000000000	0.691743333333	0.000000000000	0.015295070203	8000
0	2	0.000000000000	0.200000000000	3	0.000000000000	0.710316666667	0.000000000000	0.011918594138	6000
0	2	0.000000000000	0.200000000000	4	0.000000000000	0.698126666667	0.000000000000	0.013351737382	30000
0	2	0.000000000000	0.200000000000	5	0.000000000000	0.702560000000	0.000000000000	0.011527809918	6000
0	3	0.000000000000	0.300000000000	1	0.000000000000	0.693486666667	0.000000000000	0.013362449025	12000
0	3	0.000000000000	0.300000000000	2	0.000000000000	0.696290000000	0.000000000000	0.011865403445	18000
0	3	0.000000000000	0.300000000000	3	0.000000000000	0.695013333333	0.000000000000	0.013659663562	30000
0	3	0.000000000000	0.300000000000	4	0.000000000000	0.701510000000	0.000000000000	0.011207683920	16000
0	3	0.000000000000	0.300000000000	5	0.000000000000	0.689200000000	0.000000000000	0.010584308345	10000
0	4	0.000000000000	0.400000000000	1	0.000000000000	0.692683333333	0.000000000000	0.012484213143	20000
0	4	0.000000000000	0.400000000000	2	0.000000000000	0.700843333333	0.000000000000	0.013970029649	30000
0	4	0.000000000000	0.400000000000	3	0.000000000000	0.692816666667	0.000000000000	0.013763891982	10000
0	4	0.000000000000	0.400000000000	4	0.000000000000	0.706693333333	0.000000000000	0.011858701724	8000
0	4	0.000000000000	0.400000000000	5	0.000000000000	0.704523333333	0.000000000000	0.012935141458	18000
0	5	0.000000000000	0.500000000000	1	0.000000000000	0.693290000000	0.000000000000	0.010813240009	22000
0	5	0.000000000000	0.500000000000	2	0.000000000000	0.700516666667	0.000000000000	0.013532453361	14000
0	5	0.000000000000	0.500000000000	3	0.000000000000	0.691540000000	0.000000000000	0.012258366794	30000
0	5	0.000000000000	0.500000000000	4	0.000000000000	0.699906666667	0.000000000000	0.012718216932	6000
0	5	0.000000000000	0.500000000000	5	0.000000000000	0.704680000000	0.000000000000	0.011054301215	16000
0	6	0.000000000000	0.600000000000	1	0.000000000000	0.711490000000	0.000000000000	0.009382675592	24000
0	6	0.000000000000	0.600000000000	2	0.000000000000	0.697403333333	0.000000000000	0.011320430249	30000
0	6	0.000000000000	0.600000000000	3	0.000000000000	0.687636666667	0.000000000000	0.012626545084	14000
0	6	0.000000000000	0.600000000000	4	0.000000000000	0.710856666667	0.000000000000	0.010334711501	6000
0	6	0.000000000000	0.600000000000	5	0.000000000000	0.685280000000	0.000000000000	0.018687599684	12000
0	7	0.000000000000	0.700000000000	1	0.000000000000	0.698546666667	0.000000000000	0.012556580432	10000
0	7	0.000000000000	0.700000000000	2	0.000000000000	0.686110000000	0.000000000000	0.012175774424	28000
0	7	0.000000000000	0.700000000000	3	0.000000000000	0.681836666667	0.000000000000	0.011959315881	8000
0	7	0.000000000000	0.700000000000	4	0.000000000000	0.704483333333	0.000000000000	0.011127103106	26000
0	7	0.000000000000	0.700000000000	5	0.000000000000	0.693536666667	0.000000000000	0.012747943148	8000
0	8	0.000000000000	0.800000000000	1	0.000000000000	0.689463333333	0.000000000000	0.013192060635	10000
0	8	0.000000000000	0.800000000000	2	0.000000000000	0.700163333333	0.000000000000	0.013921223223	8000
0	8	0.000000000000	0.800000000000	3	0.000000000000	0.685226666667	0.000000000000	0.012000155710	16000
0	8	0.000000000000	0.800000000000	4	0.000000000000	0.698463333333	0.000000000000	0.012412514001	10000
0	8	0.000000000000	0.800000000000	5	0.000000000000	0.691243333333	0.000000000000	0.015759379297	30000
0	9	0.000000000000	0.900000000000	1	0.000000000000	0.712843333333	0.000000000000	0.011730195970	30000
0	9	0.000000000000	0.900000000000	2	0.000000000000	0.703703333333	0.000000000000	0.012007245338	10000
0	9	0.000000000000	0.900000000000	3	0.000000000000	0.693030000000	0.000000000000	0.012812100397	30000
0	9	0.000000000000	0.900000000000	4	0.000000000000	0.706396666667	0.000000000000	0.013070668951	8000
0	9	0.000000000000	0.900000000000	5	0.000000000000	0.711376666667	0.000000000000	0.010587476627	26000
0	10	0.000000000000	1.000000000000	1	0.000000000000	1.000000000000	0.000000000000	0.000000000000	4000
0	10	0.000000000000	1.000000000000	2	0.000000000000	1.000000000000	0.000000000000	0.000000000000	4000
0	10	0.000000000000	1.000000000000	3	0.000000000000	1.000000000000	0.000000000000	0.000000000000	4000
0	10	0.000000000000	1.000000000000	4	0.000000000000	1.000000000000	0.000000000000	0.000000000000	4000
0	10	0.000000000000	1.000000000000	5	0.000000000000	1.000000000000	0.000000000000	0.000000000000	4000
1	0	0.100000000000	0.000000000000	1	0.689420000000	0.000000000000	0.012925754120	0.000000000000	6000
1	0	0.100000000000	0.000000000000	2	0.696090000000	0.000000000000	0.011083585023	0.000000000000	6000
1	0	0.100000000000	0.000000000000	3	0.693276666667	0.000000000000	0.013079291141	0.000000000000	30000
1	0	0.100000000000	0.000000000000	4	0.692323333333	0.000000000000	0.012361653945	0.000000000000	14000
1	0	0.100000000000	0.000000000000	5	0.694430000000	0.000000000000	0.013760572017	0.000000000000	10000
1	1	0.100000000000	0.100000000000	1	0.694533333333	0.000000000000	0.012240136112	0.000000000000	30000
1	1	0.100000000000	0.100000000000	2	0.000000000000	0.701646666667	0.000000000000	0.012555721207	20000
1	1	0.100000000000	0.100000000000	3	0.692393333333	0.000000000000	0.012938118334	0.000000000000	30000
1	1	0.100000000000	0.100000000000	4	0.000000000000	0.711523333333	0.000000000000	0.010920360130	30000
1	1	0.100000000000	0.100000000000	5	0.689246666667	0.000000000000	0.012753022109	0.000000000000	14000
1	2	0.100000000000	0.200000000000	1	0.000000000000	0.699186666667	0.000000000000	0.013068126548	20000
1	2	0.100000000000	0.200000000000	2	0.000000000000	0.683960000000	0.000000000000	0.011783770927	16000
1	2	0.100000000000	0.200000000000	3	0.000000000000	0.688503333333	0.000000000000	0.014771231814	22000
1	2	0.100000000000	0.200000000000	4	0.000000000000	0.696760000000	0.000000000000	0.011329788058	26000
1	2	0.100000000000	0.200000000000	5	0.000000000000	0.695466666667	0.000000000000	0.012828445481	30000
1	3	0.100000000000	0.300000000000	1	0.000000000000	0.696250000000	0.000000000000	0.012341025566	22000
1	3	0.100000000000	0.300000000000	2	0.000000000000	0.702666666667	0.000000000000	0.010733316961	28000
1	3	0.100000000000	0.300000000000	3	0.000000000000	0.715256666667	0.000000000000	0.016763506118	30000
1	3	0.100000000000	0.300000000000	4	0.000000000000	0.700196666667	0.000000000000	0.011360327721	16000
1	3	0.100000000000	0.300000000000	5	0.000000000000	0.691483333333	0.000000000000	0.013164164982	6000
1	4	0.100000000000	0.400000000000	1	0.000000000000	0.701746666667	0.000000000000	0.011439309032	30000
1	4	0.100000000000	0.400000000000	2	0.000000000000	0.709423333333	0.000000000000	0.011536921431	20000
1	4	0.100000000000	0.400000000000	3	0.000000000000	0.702466666667	0.000000000000	0.011791198654	28000
1	4	0.100000000000	0.400000000000	4	0.000000000000	0.691813333333	0.000000000000	0.014083842561	12000
1	4	0.100000000000	0.400000000000	5	0.000000000000	0.693670000000	0.000000000000	0.017637963412	30000
1	5	0.100000000000	0.500000000000	1	0.000000000000	0.702966666667	0.000000000000	0.012127625552	8000
1	5	0.100000000000	0.500000000000	2	0.000000000000	0.691006666667	0.000000000000	0.013017956849	22000
1	5	0.100000000000	0.500000000000	3	0.000000000000	0.698983333333	0.000000000000	0.014144484980	6000
1	5	0.100000000000	0.500000000000	4	0.000000000000	0.702780000000	0.000000000000	0.017992461255	6000
1	5	0.100000000000	0.500000000000	5	0.000000000000	0.699356666667	0.000000000000	0.011407338020	16000
1	6	0.100000000000	0.600000000000	1	0.000000000000	0.693270000000	0.000000000000	0.012370399891	8000
1	6	0.100000000000	0.600000000000	2	0.000000000000	0.694376666667	0.000000000000	0.016035437552	8000
1	6	0.100000000000	0.600000000000	3	0.000000000000	0.699203333333	0.000000000000	0.011831444674	8000
1	6	0.100000000000	0.600000000000	4	0.000000000000	0.713786666667	0.000000000000	0.012522698333	10000
1	6	0.100000000000	0.600000000000	5	0.000000000000	0.699753333333	0.000000000000	0.010077292220	10000
1	7	0.100000000000	0.700000000000	1	0.000000000000	0.696573333333	0.000000000000	0.013728388340	18000
1	7	0.100000000000	0.700000000000	2	0.000000000000	0.701983333333	0.000000000000	0.010417262245	26000
1	7	0.100000000000	0.700000000000	3	0.000000000000	0.700416666667	0.000000000000	0.010714324112	24000
1	7	0.100000000000	0.700000000000	4	0.000000000000	0.697213333333	0.000000000000	0.014811725404	6000
1	7	0.100000000000	0.700000000000	5	0.000000000000	0.705076666667	0.000000000000	0.014245363665	6000
1	8	0.100000000000	0.800000000000	1	0.000000000000	0.699183333333	0.000000000000	0.011716716610	14000
1	8	0.100000000000	0.800000000000	2	0.000000000000	0.693680000000	0.000000000000	0.011592756014	10000
1	8	0.100000000000	0.800000000000	3	0.000000000000	0.683496666667	0.000000000000	0.017742895897	30000
1	8	0.100000000000	0.800000000000	4	0.000000000000	0.684336666667	0.000000000000	0.011066174899	10000
1	8	0.100000000000	0.800000000000	5	0.000000000000	0.686336666667	0.000000000000	0.013289550655	30000
1	9	0.100000000000	0.900000000000	1	0.000000000000	0.695916666667	0.000000000000	0.013128377613	28000
1	9	0.100000000000	0.900000000000	2	0.000000000000	0.698590000000	0.000000000000	0.011167061831	30000
1	9	0.100000000000	0.900000000000	3	0.000000000000	0.705916666667	0.000000000000	0.013646788851	12000
1	9	0.100000000000	0.900000000000	4	0.000000000000	0.697186666667	0.000000000000	0.012098134308	30000
1	9	0.100000000000	0.900000000000	5	0.000000000000	0.700716666667	0.000000000000	0.014738583275	30000
1	10	0.100000000000	1.000000000000	1	0.000000000000	1.000000000000	0.000000000000	0.000000000000	6000
1	10	0.100000000000	1.000000000000	2	0.000000000000	1.000000000000	0.000000000000	0.000000000000	6000
1	10	0.100000000000	1.000000000000	3	0.000000000000	1.000000000000	0.000000000000	0.000000000000	6000
1	10	0.100000000000	1.000000000000	4	0.000000000000	1.000000000000	0.000000000000	0.000000000000	6000
1	10	0.100000000000	1.000000000000	5	0.000000000000	1.000000000000	0.000000000000	0.000000000000	6000
2	0	0.200000000000	0.000000000000	1	0.697390000000	0.000000000000	0.011351704967	0.000000000000	6000
2	0	0.200000000000	0.000000000000	2	0.705466666667	0.000000000000	0.010540081382	0.000000000000	30000
2	0	0.200000000000	0.000000000000	3	0.691096666667	0.000000000000	0.012629381138	0.000000000000	6000
2	0	0.200000000000	0.000000000000	4	0.707280000000	0.000000000000	0.010669994476	0.000000000000	30000
2	0	0.200000000000	0.000000000000	5	0.684126666667	0.000000000000	0.012097073350	0.000000000000	16000
2	1	0.200000000000	0.100000000000	1	0.702236666667	0.000000000000	0.013223925076	0.000000000000	6000
2	1	0.200000000000	0.100000000000	2	0.690060000000	0.000000000000	0.012324928374	0.000000000000	8000
2	1	0.200000000000	0.100000000000	3	0.687870000000	0.000000000000	0.011063300037	0.000000000000	30000
2	1	0.200000000000	0.100000000000	4	0.694023333333	0.000000000000	0.011722968680	0.000000000000	30000
2	1	0.200000000000	0.100000000000	5	0.682406666667	0.000000000000	0.012864079882	0.000000000000	30000
2	2	0.200000000000	0.200000000000	1	0.000000000000	0.693556666667	0.000000000000	0.013527330352	8000
2	2	0.200000000000	0.200000000000	2	0.000000000000	0.694246666667	0.000000000000	0.013960445896	30000
2	2	0.200000000000	0.200000000000	3	0.700830000000	0.000000000000	0.011764095307	0.000000000000	14000
2	2	0.200000000000	0.200000000000	4	0.702160000000	0.000000000000	0.012980009955	0.000000000000	30000
2	2	0.200000000000	0.200000000000	5	0.000000000000	0.696196666667	0.000000000000	0.012760082189	8000
2	3	0.200000000000	0.300000000000	1	0.000000000000	0.718110000000	0.000000000000	0.014890513933	30000
2	3	0.200000000000	0.300000000000	2	0.000000000000	0.691463333333	0.000000000000	0.012729171162	30000
2	3	0.200000000000	0.300000000000	3	0.000000000000	0.693886666667	0.000000000000	0.011675574082	22000
2	3	0.200000000000	0.300000000000	4	0.000000000000	0.705933333333	0.000000000000	0.018649665741	16000
2	3	0.200000000000	0.300000000000	5	0.000000000000	0.697746666667	0.000000000000	0.012915984084	30000
2	4	0.200000000000	0.400000000000	1	0.000000000000	0.687513333333	0.000000000000	0.014778791539	14000
2	4	0.200000000000	0.400000000000	2	0.000000000000	0.700533333333	0.000000000000	0.011041020168	10000
2	4	0.200000000000	0.400000000000	3	0.000000000000	0.715633333333	0.000000000000	0.012910332168	14000
2	4	0.200000000000	0.400000000000	4	0.000000000000	0.696973333333	0.000000000000	0.012541350136	24000
2	4	0.200000000000	0.400000000000	5	0.000000000000	0.697753333333	0.000000000000	0.012345688155	10000
2	5	0.200000000000	0.500000000000	1	0.000000000000	0.706936666667	0.000000000000	0.010857177886	30000
2	5	0.200000000000	0.500000000000	2	0.000000000000	0.689816666667	0.000000000000	0.011904588158	20000
2	5	0.200000000000	0.500000000000	3	0.000000000000	0.711420000000	0.000000000000	0.016144480303	14000
2	5	0.200000000000	0.500000000000	4	0.000000000000	0.709536666667	0.000000000000	0.014145154917	14000
2	5	0.200000000000	0.500000000000	5	0.000000000000	0.681333333333	0.000000000000	0.015085121618	16000
2	6	0.200000000000	0.600000000000	1	0.000000000000	0.696016666667	0.000000000000	0.014956644049	18000
2	6	0.200000000000	0.600000000000	2	0.000000000000	0.683190000000	0.000000000000	0.013690231318	20000
2	6	0.200000000000	0.600000000000	3	0.000000000000	0.701433333333	0.000000000000	0.012326473216	18000
2	6	0.200000000000	0.600000000000	4	0.000000000000	0.687966666667	0.000000000000	0.014251775788	16000
2	6	0.200000000000	0.600000000000	5	0.000000000000	0.703140000000	0.000000000000	0.010480947011	22000
2	7	0.200000000000	0.700000000000	1	0.000000000000	0.694593333333	0.000000000000	0.012494072001	12000
2	7	0.200000000000	0.700000000000	2	0.000000000000	0.695836666667	0.000000000000	0.012518920837	30000
2	7	0.200000000000	0.700000000000	3	0.000000000000	0.698206666667	0.000000000000	0.015930891514	8000
2	7	0.200000000000	0.700000000000	4	0.000000000000	0.696130000000	0.000000000000	0.011774528326	16000
2	7	0.200000000000	0.700000000000	5	0.000000000000	0.695776666667	0.000000000000	0.012796026921	6000
2	8	0.200000000000	0.800000000000	1	0.000000000000	0.679813333333	0.000000000000	0.011619435354	30000
2	8	0.200000000000	0.800000000000	2	0.000000000000	0.693806666667	0.000000000000	0.008442123384	28000
2	8	0.200000000000	0.800000000000	3	0.000000000000	0.694933333333	0.000000000000	0.011494680650	30000
2	8	0.200000000000	0.800000000000	4	0.000000000000	0.689266666667	0.000000000000	0.012206104579	10000
2	8	0.200000000000	0.800000000000	5	0.000000000000	0.697310000000	0.000000000000	0.014072658508	8000
2	9	0.200000000000	0.900000000000	1	0.000000000000	0.692376666667	0.000000000000	0.011085371086	14000
2	9	0.200000000000	0.900000000000	2	0.000000000000	0.687716666667	0.000000000000	0.013228556873	14000
2	9	0.200000000000	0.900000000000	3	0.000000000000	0.702360000000	0.000000000000	0.017025086987	30000
2	9	0.200000000000	0.900000000000	4	0.000000000000	0.719863333333	0.000000000000	0.010236508601	10000
2	9	0.200000000000	0.900000000000	5	0.000000000000	0.692226666667	0.000000000000	0.016969807729	30000
2	10	0.200000000000	1.000000000000	1	0.000000000000	1.000000000000	0.000000000000	0.000000000000	10000
2	10	0.200000000000	1.000000000000	2	0.000000000000	1.000000000000	0.000000000000	0.000000000000	6000
2	10	0.200000000000	1.000000000000	3	0.000000000000	1.000000000000	0.000000000000	0.000000000000	6000
2	10	0.200000000000	1.000000000000	4	0.000000000000	1.000000000000	0.000000000000	0.000000000000	6000
2	10	0.200000000000	1.000000000000	5	0.000000000000	1.000000000000	0.000000000000	0.000000000000	6000
3	0	0.300000000000	0.000000000000	1	0.693783333333	0.000000000000	0.011855343111	0.000000000000	18000
3	0	0.300000000000	0.000000000000	2	0.696570000000	0.000000000000	0.013279905886	0.000000000000	8000
3	0	0.300000000000	0.000000000000	3	0.681826666667	0.000000000000	0.017215745497	0.000000000000	6000
3	0	0.300000000000	0.000000000000	4	0.693176666667	0.000000000000	0.012388437084	0.000000000000	6000
3	0	0.300000000000	0.000000000000	5	0.698886666667	0.000000000000	0.010447896263	0.000000000000	12000
3	1	0.300000000000	0.100000000000	1	0.676506666667	0.000000000000	0.013216747548	0.000000000000	30000
3	1	0.300000000000	0.100000000000	2	0.689413333333	0.000000000000	0.009845330392	0.000000000000	28000
3	1	0.300000000000	0.100000000000	3	0.697933333333	0.000000000000	0.010649886701	0.000000000000	30000
3	1	0.300000000000	0.100000000000	4	0.687340000000	0.000000000000	0.013241759273	0.000000000000	16000
3	1	0.300000000000	0.100000000000	5	0.702120000000	0.000000000000	0.010791965111	0.000000000000	30000
3	2	0.300000000000	0.200000000000	1	0.691636666667	0.000000000000	0.010164873185	0.000000000000	30000
3	2	0.300000000000	0.200000000000	2	0.000000000000	0.698886666667	0.000000000000	0.011170235088	14000
3	2	0.300000000000	0.200000000000	3	0.696800000000	0.000000000000	0.013965016590	0.000000000000	12000
3	2	0.300000000000	0.200000000000	4	0.693626666667	0.000000000000	0.013770064682	0.000000000000	18000
3	2	0.300000000000	0.200000000000	5	0.695630000000	0.000000000000	0.014671079128	0.000000000000	8000
3	3	0.300000000000	0.300000000000	1	0.000000000000	0.696206666667	0.000000000000	0.014920899955	18000
3	3	0.300000000000	0.300000000000	2	0.695660000000	0.000000000000	0.011508796982	0.000000000000	30000
3	3	0.300000000000	0.300000000000	3	0.000000000000	0.693563333333	0.000000000000	0.012582389584	30000
3	3	0.300000000000	0.300000000000	4	0.000000000000	0.694570000000	0.000000000000	0.012327492327	12000
3	3	0.300000000000	0.300000000000	5	0.000000000000	0.687506666667	0.000000000000	0.013794371486	12000
3	4	0.300000000000	0.400000000000	1	0.000000000000	0.696183333333	0.000000000000	0.010055996595	10000
3	4	0.300000000000	0.400000000000	2	0.000000000000	0.698440000000	0.000000000000	0.014433651161	20000
3	4	0.300000000000	0.400000000000	3	0.000000000000	0.698646666667	0.000000000000	0.012753998852	30000
3	4	0.300000000000	0.400000000000	4	0.000000000000	0.685956666667	0.000000000000	0.010406930585	18000
3	4	0.300000000000	0.400000000000	5	0.000000000000	0.683136666667	0.000000000000	0.012099906196	8000
3	5	0.300000000000	0.500000000000	1	0.000000000000	0.683383333333	0.000000000000	0.011906830222	30000
3	5	0.300000000000	0.500000000000	2	0.000000000000	0.688123333333	0.000000000000	0.011586444720	8000
3	5	0.300000000000	0.500000000000	3	0.000000000000	0.710076666667	0.000000000000	0.012415198277	14000
3	5	0.300000000000	0.500000000000	4	0.000000000000	0.692813333333	0.000000000000	0.011219523159	22000
3	5	0.300000000000	0.500000000000	5	0.000000000000	0.701503333333	0.000000000000	0.014826921605	14000
3	6	0.300000000000	0.600000000000	1	0.000000000000	0.682886666667	0.000000000000	0.011776873065	20000
3	6	0.300000000000	0.600000000000	2	0.000000000000	0.684226666667	0.000000000000	0.013014273967	30000
3	6	0.300000000000	0.600000000000	3	0.000000000000	0.692670000000	0.000000000000	0.009787759374	30000
3	6	0.300000000000	0.600000000000	4	0.000000000000	0.704056666667	0.000000000000	0.016719605946	14000
3	6	0.300000000000	0.600000000000	5	0.000000000000	0.687976666667	0.000000000000	0.011060219287	10000
3	7	0.300000000000	0.700000000000	1	0.000000000000	0.695103333333	0.000000000000	0.010376645642	30000
3	7	0.300000000000	0.700000000000	2	0.000000000000	0.689416666667	0.000000000000	0.012514200587	30000
3	7	0.300000000000	0.700000000000	3	0.000000000000	0.699400000000	0.000000000000	0.011661827492	6000
3	7	0.300000000000	0.700000000000	4	0.000000000000	0.700506666667	0.000000000000	0.012766085088	24000
3	7	0.300000000000	0.700000000000	5	0.000000000000	0.690066666667	0.000000000000	0.009819639209	22000
3	8	0.300000000000	0.800000000000	1	0.000000000000	0.699663333333	0.000000000000	0.013668135129	20000
3	8	0.300000000000	0.800000000000	2	0.000000000000	0.692303333333	0.000000000000	0.012823727712	18000
3	8	0.300000000000	0.800000000000	3	0.000000000000	0.688530000000	0.000000000000	0.012034928128	8000
3	8	0.300000000000	0.800000000000	4	0.000000000000	0.702650000000	0.000000000000	0.014964821761	30000
3	8	0.300000000000	0.800000000000	5	0.000000000000	0.706670000000	0.000000000000	0.012264917238	10000
3	9	0.300000000000	0.900000000000	1	0.000000000000	0.695910000000	0.000000000000	0.012614714861	30000
3	9	0.300000000000	0.900000000000	2	0.000000000000	0.714186666667	0.000000000000	0.014940084989	30000
3	9	0.300000000000	0.900000000000	3	0.000000000000	0.686346666667	0.000000000000	0.014047753693	30000
3	9	0.300000000000	0.900000000000	4	0.000000000000	0.687386666667	0.000000000000	0.011932289600	24000
3	9	0.300000000000	0.900000000000	5	0.000000000000	0.690336666667	0.000000000000	0.011809294997	12000
3	10	0.300000000000	1.000000000000	1	0.000000000000	1.000000000000	0.000000000000	0.000000000000	6000
3	10	0.300000000000	1.000000000000	2	0.000000000000	1.000000000000	0.000000000000	0.000000000000	6000
3	10	0.300000000000	1.000000000000	3	0.000000000000	1.000000000000	0.000000000000	0.000000000000	6000
3	10	0.300000000000	1.000000000000	4	0.000000000000	1.000000000000	0.000000000000	0.000000000000	6000
3	10	0.300000000000	1.000000000000	5	0.000000000000	1.000000000000	0.000000000000	0.000000000000	6000
4	0	0.400000000000	0.000000000000	1	0.686590000000	0.000000000000	0.011219923153	0.000000000000	6000
4	0	0.400000000000	0.000000000000	2	0.690156666667	0.000000000000	0.011581048629	0.000000000000	4000
4	0	0.400000000000	0.000000000000	3	0.694510000000	0.000000000000	0.011508601282	0.000000000000	6000
4	0	0.400000000000	0.000000000000	4	0.695043333333	0.000000000000	0.012752545483	0.000000000000	30000
4	0	0.400000000000	0.000000000000	5	0.692056666667	0.000000000000	0.010648169126	0.000000000000	26000
4	1	0.400000000000	0.100000000000	1	0.689546666667	0.000000000000	0.013278794027	0.000000000000	8000
4	1	0.400000000000	0.100000000000	2	0.685656666667	0.000000000000	0.010424848505	0.000000000000	30000
4	1	0.400000000000	0.100000000000	3	0.707220000000	0.000000000000	0.010590634510	0.000000000000	30000
4	1	0.400000000000	0.100000000000	4	0.695470000000	0.000000000000	0.010428543579	0.000000000000	26000
4	1	0.400000000000	0.100000000000	5	0.686020000000	0.000000000000	0.013345158253	0.000000000000	18000
4	2	0.400000000000	0.200000000000	1	0.688546666667	0.000000000000	0.011689597561	0.000000000000	30000
4	2	0.400000000000	0.200000000000	2	0.696563333333	0.000000000000	0.010998447328	0.000000000000	10000
4	2	0.400000000000	0.200000000000	3	0.685446666667	0.000000000000	0.011417226641	0.000000000000	14000
4	2	0.400000000000	0.200000000000	4	0.709556666667	0.000000000000	0.013185411955	0.000000000000	6000
4	2	0.400000000000	0.200000000000	5	0.692666666667	0.000000000000	0.013333333333	0.000000000000	12000
4	3	0.400000000000	0.300000000000	1	0.685356666667	0.000000000000	0.009960745443	0.000000000000	18000
4	3	0.400000000000	0.300000000000	2	0.695693333333	0.000000000000	0.014426621791	0.000000000000	18000
4	3	0.400000000000	0.300000000000	3	0.697280000000	0.000000000000	0.011519107839	0.000000000000	20000
4	3	0.400000000000	0.300000000000	4	0.697533333333	0.000000000000	0.010032978653	0.000000000000	6000
4	3	0.400000000000	0.300000000000	5	0.000000000000	0.688360000000	0.000000000000	0.012638702602	30000
4	4	0.400000000000	0.400000000000	1	0.693196666667	0.000000000000	0.011940664020	0.000000000000	18000
4	4	0.400000000000	0.400000000000	2	0.685803333333	0.000000000000	0.013991878016	0.000000000000	30000
4	4	0.400000000000	0.400000000000	3	0.000000000000	0.693343333333	0.000000000000	0.011668211443	10000
4	4	0.400000000000	0.400000000000	4	0.676546666667	0.000000000000	0.011924531904	0.000000000000	26000
4	4	0.400000000000	0.400000000000	5	0.000000000000	0.697870000000	0.000000000000	0.013285147749	14000
4	5	0.400000000000	0.500000000000	1	0.000000000000	0.689996666667	0.000000000000	0.011750851707	22000
4	5	0.400000000000	0.500000000000	2	0.000000000000	0.706580000000	0.000000000000	0.012920418100	16000
4	5	0.400000000000	0.500000000000	3	0.000000000000	0.689546666667	0.000000000000	0.012500474465	12000
4	5	0.400000000000	0.500000000000	4	0.000000000000	0.697400000000	0.000000000000	0.010347966648	30000
4	5	0.400000000000	0.500000000000	5	0.000000000000	0.699603333333	0.000000000000	0.010600289279	20000
4	6	0.400000000000	0.600000000000	1	0.000000000000	0.691423333333	0.000000000000	0.012698724426	30000
4	6	0.400000000000	0.600000000000	2	0.000000000000	0.695496666667	0.000000000000	0.012202549916	18000
4	6	0.400000000000	0.600000000000	3	0.000000000000	0.701180000000	0.000000000000	0.011064307832	20000
4	6	0.400000000000	0.600000000000	4	0.000000000000	0.720136666667	0.000000000000	0.015413089567	14000
4	6	0.400000000000	0.600000000000	5	0.000000000000	0.693376666667	0.000000000000	0.010590837720	24000
4	7	0.400000000000	0.700000000000	1	0.000000000000	0.681170000000	0.000000000000	0.011517975680	28000
4	7	0.400000000000	0.700000000000	2	0.000000000000	0.690646666667	0.000000000000	0.012500857050	30000
4	7	0.400000000000	0.700000000000	3	0.000000000000	0.697213333333	0.000000000000	0.014730404171	30000
4	7	0.400000000000	0.700000000000	4	0.000000000000	0.690513333333	0.000000000000	0.012380126583	28000
4	7	0.400000000000	0.700000000000	5	0.000000000000	0.704836666667	0.000000000000	0.012811614250	6000
4	8	0.400000000000	0.800000000000	1	0.000000000000	0.706280000000	0.000000000000	0.013227198532	18000
4	8	0.400000000000	0.800000000000	2	0.000000000000	0.692876666667	0.000000000000	0.012872513414	14000
4	8	0.400000000000	0.800000000000	3	0.000000000000	0.692350000000	0.000000000000	0.009213284259	6000
4	8	0.400000000000	0.800000000000	4	0.000000000000	0.690516666667	0.000000000000	0.013489647204	18000
4	8	0.400000000000	0.800000000000	5	0.000000000000	0.688533333333	0.000000000000	0.011478607280	10000
4	9	0.400000000000	0.900000000000	1	0.000000000000	0.694766666667	0.000000000000	0.014213953740	30000
4	9	0.400000000000	0.900000000000	2	0.000000000000	0.692756666667	0.000000000000	0.012992417987	12000
4	9	0.400000000000	0.900000000000	3	0.000000000000	0.699270000000	0.000000000000	0.010193893265	12000
4	9	0.400000000000	0.900000000000	4	0.000000000000	0.703706666667	0.000000000000	0.014923322351	30000
4	9	0.400000000000	0.900000000000	5	0.000000000000	0.693323333333	0.000000000000	0.011695821810	30000
4	10	0.400000000000	1.000000000000	1	0.000000000000	1.000000000000	0.000000000000	0.000000000000	6000
4	10	0.400000000000	1.000000000000	2	0.000000000000	1.000000000000	0.000000000000	0.000000000000	6000
4	10	0.400000000000	1.000000000000	3	0.000000000000	1.000000000000	0.000000000000	0.000000000000	6000
4	10	0.400000000000	1.000000000000	4	0.000000000000	1.000000000000	0.000000000000	0.000000000000	6000
4	10	0.400000000000	1.000000000000	5	0.000000000000	1.000000000000	0.000000000000	0.000000000000	6000
5	0	0.500000000000	0.000000000000	1	0.686436666667	0.000000000000	0.011439705230	0.000000000000	20000
5	0	0.500000000000	0.000000000000	2	0.685636666667	0.000000000000	0.016094454473	0.000000000000	10000
5	0	0.500000000000	0.000000000000	3	0.689803333333	0.000000000000	0.013325622979	0.000000000000	4000
5	0	0.500000000000	0.000000000000	4	0.702586666667	0.000000000000	0.013536089339	0.000000000000	30000
5	0	0.500000000000	0.000000000000	5	0.689206666667	0.000000000000	0.014206226929	0.000000000000	4000
5	1	0.500000000000	0.100000000000	1	0.685846666667	0.000000000000	0.010544873157	0.000000000000	14000
5	1	0.500000000000	0.100000000000	2	0.699326666667	0.000000000000	0.009944342946	0.000000000000	30000
5	1	0.500000000000	0.100000000000	3	0.697480000000	0.000000000000	0.010489341874	0.000000000000	30000
5	1	0.500000000000	0.100000000000	4	0.689926666667	0.000000000000	0.012425516493	0.000000000000	30000
5	1	0.500000000000	0.100000000000	5	0.701763333333	0.000000000000	0.012058305227	0.000000000000	16000
5	2	0.500000000000	0.200000000000	1	0.696540000000	0.000000000000	0.012347864538	0.000000000000	16000
5	2	0.500000000000	0.200000000000	2	0.693226666667	0.000000000000	0.010029971768	0.000000000000	30000
5	2	0.500000000000	0.200000000000	3	0.698843333333	0.000000000000	0.010019773022	0.000000000000	30000
5	2	0.500000000000	0.200000000000	4	0.706313333333	0.000000000000	0.009693767311	0.000000000000	8000
5	2	0.500000000000	0.200000000000	5	0.705940000000	0.000000000000	0.011729762174	0.000000000000	6000
5	3	0.500000000000	0.300000000000	1	0.708083333333	0.000000000000	0.010365565346	0.000000000000	30000
5	3	0.500000000000	0.300000000000	2	0.691956666667	0.000000000000	0.012309918796	0.000000000000	10000
5	3	0.500000000000	0.300000000000	3	0.687903333333	0.000000000000	0.016478874961	0.000000000000	14000
5	3	0.500000000000	0.300000000000	4	0.691366666667	0.000000000000	0.013481781228	0.000000000000	24000
5	3	0.500000000000	0.300000000000	5	0.687963333333	0.000000000000	0.010899730563	0.000000000000	24000
5	4	0.500000000000	0.400000000000	1	0.687390000000	0.000000000000	0.012460553263	0.000000000000	18000
5	4	0.500000000000	0.400000000000	2	0.000000000000	0.693733333333	0.000000000000	0.010959729523	30000
5	4	0.500000000000	0.400000000000	3	0.698390000000	0.000000000000	0.011796532087	0.000000000000	8000
5	4	0.500000000000	0.400000000000	4	0.696643333333	0.000000000000	0.013603760349	0.000000000000	18000
5	4	0.500000000000	0.400000000000	5	0.688490000000	0.000000000000	0.011382956291	0.000000000000	16000
5	5	0.500000000000	0.500000000000	1	0.692410000000	0.000000000000	0.012267307418	0.000000000000	24000
5	5	0.500000000000	0.500000000000	2	0.000000000000	0.709843333333	0.000000000000	0.014068326760	30000
5	5	0.500000000000	0.500000000000	3	0.000000000000	0.696113333333	0.000000000000	0.012013618861	8000
5	5	0.500000000000	0.500000000000	4	0.683433333333	0.000000000000	0.009293290813	0.000000000000	28000
5	5	0.500000000000	0.500000000000	5	0.690930000000	0.000000000000	0.013192937430	0.000000000000	14000
5	6	0.500000000000	0.600000000000	1	0.000000000000	0.689213333333	0.000000000000	0.011625866022	30000
5	6	0.500000000000	0.600000000000	2	0.000000000000	0.697050000000	0.000000000000	0.013059319416	30000
5	6	0.500000000000	0.600000000000	3	0.000000000000	0.699353333333	0.000000000000	0.010168398579	30000
5	6	0.500000000000	0.600000000000	4	0.000000000000	0.699433333333	0.000000000000	0.011330712763	30000
5	6	0.500000000000	0.600000000000	5	0.000000000000	0.698850000000	0.000000000000	0.012140492503	14000
5	7	0.500000000000	0.700000000000	1	0.000000000000	0.704746666667	0.000000000000	0.011019756578	20000
5	7	0.500000000000	0.700000000000	2	0.000000000000	0.701956666667	0.000000000000	0.013779017268	30000
5	7	0.500000000000	0.700000000000	3	0.000000000000	0.691866666667	0.000000000000	0.011604845980	30000
5	7	0.500000000000	0.700000000000	4	0.000000000000	0.703493333333	0.000000000000	0.014294554552	18000
5	7	0.500000000000	0.700000000000	5	0.000000000000	0.700506666667	0.000000000000	0.011488532821	20000
5	8	0.500000000000	0.800000000000	1	0.000000000000	0.705653333333	0.000000000000	0.014305399914	18000
5	8	0.500000000000	0.800000000000	2	0.000000000000	0.704286666667	0.000000000000	0.010808802338	20000
5	8	0.500000000000	0.800000000000	3	0.000000000000	0.694316666667	0.000000000000	0.011878399478	10000
5	8	0.500000000000	0.800000000000	4	0.000000000000	0.702663333333	0.000000000000	0.012138029704	30000
5	8	0.500000000000	0.800000000000	5	0.000000000000	0.693083333333	0.000000000000	0.012278682495	30000
5	9	0.500000000000	0.900000000000	1	0.000000000000	0.687000000000	0.000000000000	0.014769199042	6000
5	9	0.500000000000	0.900000000000	2	0.000000000000	0.697180000000	0.000000000000	0.013619013252	10000
5	9	0.500000000000	0.900000000000	3	0.000000000000	0.685063333333	0.000000000000	0.012192446668	16000
5	9	0.500000000000	0.900000000000	4	0.000000000000	0.696286666667	0.000000000000	0.015410810916	18000
5	9	0.500000000000	0.900000000000	5	0.000000000000	0.686896666667	0.000000000000	0.011646862929	30000
5	10	0.500000000000	1.000000000000	1	0.000000000000	1.000000000000	0.000000000000	0.000000000000	6000
5	10	0.500000000000	1.000000000000	2	0.000000000000	1.000000000000	0.000000000000	0.000000000000	6000
5	10	0.500000000000	1.000000000000	3	0.000000000000	1.000000000000	0.000000000000	0.000000000000	6000
5	10	0.500000000000	1.000000000000	4	0.000000000000	1.000000000000	0.000000000000	0.000000000000	6000
5	10	0.500000000000	1.000000000000	5	0.000000000000	1.000000000000	0.000000000000	0.000000000000	6000
6	0	0.600000000000	0.000000000000	1	0.695576666667	0.000000000000	0.007921643151	0.000000000000	6000
6	0	0.600000000000	0.000000000000	2	0.689323333333	0.000000000000	0.012683440328	0.000000000000	6000
6	0	0.600000000000	0.000000000000	3	0.702126666667	0.000000000000	0.011350257242	0.000000000000	30000
6	0	0.600000000000	0.000000000000	4	0.707963333333	0.000000000000	0.010694740646	0.000000000000	4000
6	0	0.600000000000	0.000000000000	5	0.698333333333	0.000000000000	0.014652008327	0.000000000000	10000
6	1	0.600000000000	0.100000000000	1	0.698886666667	0.000000000000	0.011694610702	0.000000000000	10000
6	1	0.600000000000	0.100000000000	2	0.697020000000	0.000000000000	0.009648916544	0.000000000000	30000
6	1	0.600000000000	0.100000000000	3	0.693303333333	0.000000000000	0.012371424823	0.000000000000	30000
6	1	0.600000000000	0.100000000000	4	0.695913333333	0.000000000000	0.013813881142	0.000000000000	30000
6	1	0.600000000000	0.100000000000	5	0.706076666667	0.000000000000	0.013020039225	0.000000000000	22000
6	2	0.600000000000	0.200000000000	1	0.717066666667	0.000000000000	0.009912081541	0.000000000000	6000
6	2	0.600000000000	0.200000000000	2	0.689013333333	0.000000000000	0.011958843894	0.000000000000	10000
6	2	0.600000000000	0.200000000000	3	0.694553333333	0.000000000000	0.010460450326	0.000000000000	30000
6	2	0.600000000000	0.200000000000	4	0.691786666667	0.000000000000	0.016863602587	0.000000000000	8000
6	2	0.600000000000	0.200000000000	5	0.694523333333	0.000000000000	0.009378146267	0.000000000000	24000
6	3	0.600000000000	0.300000000000	1	0.700850000000	0.000000000000	0.014413987679	0.000000000000	30000
6	3	0.600000000000	0.300000000000	2	0.706953333333	0.000000000000	0.012773796655	0.000000000000	30000
6	3	0.600000000000	0.300000000000	3	0.684720000000	0.000000000000	0.012050824782	0.000000000000	16000
6	3	0.600000000000	0.300000000000	4	0.693416666667	0.000000000000	0.011819450987	0.000000000000	16000
6	3	0.600000000000	0.300000000000	5	0.692793333333	0.000000000000	0.012055813184	0.000000000000	20000
6	4	0.600000000000	0.400000000000	1	0.700430000000	0.000000000000	0.010181513034	0.000000000000	18000
6	4	0.600000000000	0.400000000000	2	0.000000000000	0.699110000000	0.000000000000	0.013031156678	30000
6	4	0.600000000000	0.400000000000	3	0.710230000000	0.000000000000	0.012412406475	0.000000000000	30000
6	4	0.600000000000	0.400000000000	4	0.696800000000	0.000000000000	0.012622175697	0.000000000000	8000
6	4	0.600000000000	0.400000000000	5	0.690790000000	0.000000000000	0.009787436648	0.000000000000	8000
6	5	0.600000000000	0.500000000000	1	0.695426666667	0.000000000000	0.012944624237	0.000000000000	12000
6	5	0.600000000000	0.500000000000	2	0.703926666667	0.000000000000	0.014758017752	0.000000000000	12000
6	5	0.600000000000	0.500000000000	3	0.681196666667	0.000000000000	0.012168925108	0.000000000000	24000
6	5	0.600000000000	0.500000000000	4	0.702536666667	0.000000000000	0.011588291488	0.000000000000	20000
6	5	0.600000000000	0.500000000000	5	0.690646666667	0.000000000000	0.013135995455	0.000000000000	30000
6	6	0.600000000000	0.600000000000	1	0.697660000000	0.000000000000	0.013144811713	0.000000000000	30000
6	6	0.600000000000	0.600000000000	2	0.000000000000	0.695916666667	0.000000000000	0.014908751859	16000
6	6	0.600000000000	0.600000000000	3	0.000000000000	0.699983333333	0.000000000000	0.011603204582	18000
6	6	0.600000000000	0.600000000000	4	0.000000000000	0.693946666667	0.000000000000	0.017645322379	30000
6	6	0.600000000000	0.600000000000	5	0.000000000000	0.691506666667	0.000000000000	0.010075731478	10000
6	7	0.600000000000	0.700000000000	1	0.000000000000	0.695430000000	0.000000000000	0.016282649327	28000
6	7	0.600000000000	0.700000000000	2	0.000000000000	0.686423333333	0.000000000000	0.010360894605	18000
6	7	0.600000000000	0.700000000000	3	0.000000000000	0.706880000000	0.000000000000	0.011170961928	30000
6	7	0.600000000000	0.700000000000	4	0.000000000000	0.699230000000	0.000000000000	0.011599688094	18000
6	7	0.600000000000	0.700000000000	5	0.000000000000	0.703226666667	0.000000000000	0.013270194181	30000
6	8	0.600000000000	0.800000000000	1	0.000000000000	0.693310000000	0.000000000000	0.014042276524	16000
6	8	0.600000000000	0.800000000000	2	0.000000000000	0.700116666667	0.000000000000	0.013260467815	30000
6	8	0.600000000000	0.800000000000	3	0.000000000000	0.703726666667	0.000000000000	0.010956926212	30000
6	8	0.600000000000	0.800000000000	4	0.000000000000	0.699820000000	0.000000000000	0.012104301472	10000
6	8	0.600000000000	0.800000000000	5	0.000000000000	0.701553333333	0.000000000000	0.011049299541	26000
6	9	0.600000000000	0.900000000000	1	0.000000000000	0.701773333333	0.000000000000	0.012753916878	10000
6	9	0.600000000000	0.900000000000	2	0.000000000000	0.686446666667	0.000000000000	0.013105173322	30000
6	9	0.600000000000	0.900000000000	3	0.000000000000	0.696333333333	0.000000000000	0.013555867339	12000
6	9	0.600000000000	0.900000000000	4	0.000000000000	0.689760000000	0.000000000000	0.011103508911	30000
6	9	0.600000000000	0.900000000000	5	0.000000000000	0.705206666667	0.000000000000	0.009887677491	30000
6	10	0.600000000000	1.000000000000	1	0.000000000000	1.000000000000	0.000000000000	0.000000000000	6000
6	10	0.600000000000	1.000000000000	2	0.000000000000	1.000000000000	0.000000000000	0.000000000000	6000
6	10	0.600000000000	1.000000000000	3	0.000000000000	1.000000000000	0.000000000000	0.000000000000	6000
6	10	0.600000000000	1.000000000000	4	0.000000000000	1.000000000000	0.000000000000	0.000000000000	6000
6	10	0.600000000000	1.000000000000	5	0.000000000000	1.000000000000	0.000000000000	0.000000000000	6000
7	0	0.700000000000	0.000000000000	1	0.688096666667	0.000000000000	0.010671461531	0.000000000000	22000
7	0	0.700000000000	0.000000000000	2	0.705933333333	0.000000000000	0.014389902415	0.000000000000	30000
7	0	0.700000000000	0.000000000000	3	0.707290000000	0.000000000000	0.013416503614	0.000000000000	14000
7	0	0.700000000000	0.000000000000	4	0.693720000000	0.000000000000	0.009915976667	0.000000000000	26000
7	0	0.700000000000	0.000000000000	5	0.694873333333	0.000000000000	0.012578993422	0.000000000000	16000
7	1	0.700000000000	0.100000000000	1	0.685513333333	0.000000000000	0.011984810392	0.000000000000	30000
7	1	0.700000000000	0.100000000000	2	0.690576666667	0.000000000000	0.011583103665	0.000000000000	28000
7	1	0.700000000000	0.100000000000	3	0.688670000000	0.000000000000	0.012193431829	0.000000000000	12000
7	1	0.700000000000	0.100000000000	4	0.696386666667	0.000000000000	0.012372335053	0.000000000000	14000
7	1	0.700000000000	0.100000000000	5	0.685080000000	0.000000000000	0.014701048668	0.000000000000	24000
7	2	0.700000000000	0.200000000000	1	0.699793333333	0.000000000000	0.009524424929	0.000000000000	12000
7	2	0.700000000000	0.200000000000	2	0.697633333333	0.000000000000	0.011130063916	0.000000000000	30000
7	2	0.700000000000	0.200000000000	3	0.687466666667	0.000000000000	0.012393647219	0.000000000000	24000
7	2	0.700000000000	0.200000000000	4	0.697730000000	0.000000000000	0.014182674228	0.000000000000	14000
7	2	0.700000000000	0.200000000000	5	0.691420000000	0.000000000000	0.013075809689	0.000000000000	30000
7	3	0.700000000000	0.300000000000	1	0.695843333333	0.000000000000	0.013521359829	0.000000000000	10000
7	3	0.700000000000	0.300000000000	2	0.698616666667	0.000000000000	0.011363879129	0.000000000000	16000
7	3	0.700000000000	0.300000000000	3	0.694183333333	0.000000000000	0.012257195844	0.000000000000	8000
7	3	0.700000000000	0.300000000000	4	0.701136666667	0.000000000000	0.012023925561	0.000000000000	30000
7	3	0.700000000000	0.300000000000	5	0.692430000000	0.000000000000	0.018371455799	0.000000000000	18000
7	4	0.700000000000	0.400000000000	1	0.696133333333	0.000000000000	0.013700483890	0.000000000000	16000
7	4	0.700000000000	0.400000000000	2	0.688640000000	0.000000000000	0.013392235594	0.000000000000	28000
7	4	0.700000000000	0.400000000000	3	0.691033333333	0.000000000000	0.011209722570	0.000000000000	30000
7	4	0.700000000000	0.400000000000	4	0.708636666667	0.000000000000	0.011086920112	0.000000000000	14000
7	4	0.700000000000	0.400000000000	5	0.689716666667	0.000000000000	0.013818248788	0.000000000000	10000
7	5	0.700000000000	0.500000000000	1	0.691446666667	0.000000000000	0.013507226076	0.000000000000	16000
7	5	0.700000000000	0.500000000000	2	0.685966666667	0.000000000000	0.013202519788	0.000000000000	16000
7	5	0.700000000000	0.500000000000	3	0.699470000000	0.000000000000	0.011018492358	0.000000000000	20000
7	5	0.700000000000	0.500000000000	4	0.690456666667	0.000000000000	0.012203658210	0.000000000000	30000
7	5	0.700000000000	0.500000000000	5	0.695610000000	0.000000000000	0.011129369883	0.000000000000	26000
7	6	0.700000000000	0.600000000000	1	0.687690000000	0.000000000000	0.011223035382	0.000000000000	14000
7	6	0.700000000000	0.600000000000	2	0.000000000000	0.698283333333	0.000000000000	0.013465219845	14000
7	6	0.700000000000	0.600000000000	3	0.685103333333	0.000000000000	0.013372913808	0.000000000000	24000
7	6	0.700000000000	0.600000000000	4	0.000000000000	0.700836666667	0.000000000000	0.012059614923	18000
7	6	0.700000000000	0.600000000000	5	0.695386666667	0.000000000000	0.011612579712	0.000000000000	10000
7	7	0.700000000000	0.700000000000	1	0.000000000000	0.698760000000	0.000000000000	0.013177102718	30000
7	7	0.700000000000	0.700000000000	2	0.699780000000	0.000000000000	0.012734135332	0.000000000000	12000
7	7	0.700000000000	0.700000000000	3	0.000000000000	0.704336666667	0.000000000000	0.009952841199	30000
7	7	0.700000000000	0.700000000000	4	0.000000000000	0.698536666667	0.000000000000	0.012774525852	22000
7	7	0.700000000000	0.700000000000	5	0.698766666667	0.000000000000	0.010582574345	0.000000000000	30000
7	8	0.700000000000	0.800000000000	1	0.000000000000	0.701323333333	0.000000000000	0.014446134882	14000
7	8	0.700000000000	0.800000000000	2	0.000000000000	0.705783333333	0.000000000000	0.014004930651	16000
7	8	0.700000000000	0.800000000000	3	0.000000000000	0.699983333333	0.000000000000	0.009427485805	18000
7	8	0.700000000000	0.800000000000	4	0.000000000000	0.685143333333	0.000000000000	0.016762205649	30000
7	8	0.700000000000	0.800000000000	5	0.000000000000	0.698276666667	0.000000000000	0.011297589811	10000
7	9	0.700000000000	0.900000000000	1	0.000000000000	0.703350000000	0.000000000000	0.014094464577	24000
7	9	0.700000000000	0.900000000000	2	0.000000000000	0.695536666667	0.000000000000	0.010711574947	8000
7	9	0.700000000000	0.900000000000	3	0.000000000000	0.693450000000	0.000000000000	0.012124816611	16000
7	9	0.700000000000	0.900000000000	4	0.000000000000	0.705736666667	0.000000000000	0.013583390497	10000
7	9	0.700000000000	0.900000000000	5	0.000000000000	0.694960000000	0.000000000000	0.012463206220	8000
7	10	0.700000000000	1.000000000000	1	0.000000000000	1.000000000000	0.000000000000	0.000000000000	6000
7	10	0.700000000000	1.000000000000	2	0.000000000000	1.000000000000	0.000000000000	0.000000000000	6000
7	10	0.700000000000	1.000000000000	3	0.000000000000	1.000000000000	0.000000000000	0.000000000000	6000
7	10	0.700000000000	1.000000000000	4	0.000000000000	1.000000000000	0.000000000000	0.000000000000	6000
7	10	0.700000000000	1.000000000000	5	0.000000000000	1.000000000000	0.000000000000	0.000000000000	6000
8	0	0.800000000000	0.000000000000	1	0.698633333333	0.000000000000	0.012336755200	0.000000000000	12000
8	0	0.800000000000	0.000000000000	2	0.698413333333	0.000000000000	0.011587113296	0.000000000000	6000
8	0	0.800000000000	0.000000000000	3	0.702010000000	0.000000000000	0.014122220608	0.000000000000	8000
8	0	0.800000000000	0.000000000000	4	0.700963333333	0.000000000000	0.012515579880	0.000000000000	28000
8	0	0.800000000000	0.000000000000	5	0.706130000000	0.000000000000	0.012412782814	0.000000000000	12000
8	1	0.800000000000	0.100000000000	1	0.690340000000	0.000000000000	0.010271368561	0.000000000000	30000
8	1	0.800000000000	0.100000000000	2	0.710306666667	0.000000000000	0.014346528833	0.000000000000	8000
8	1	0.800000000000	0.100000000000	3	0.687490000000	0.000000000000	0.009616139970	0.000000000000	30000
8	1	0.800000000000	0.100000000000	4	0.692483333333	0.000000000000	0.013819134143	0.000000000000	30000
8	1	0.800000000000	0.100000000000	5	0.699063333333	0.000000000000	0.012739547195	0.000000000000	8000
8	2	0.800000000000	0.200000000000	1	0.691530000000	0.000000000000	0.008708325610	0.000000000000	10000
8	2	0.800000000000	0.200000000000	2	0.697500000000	0.000000000000	0.011031496550	0.000000000000	12000
8	2	0.800000000000	0.200000000000	3	0.696920000000	0.000000000000	0.014394007577	0.000000000000	18000
8	2	0.800000000000	0.200000000000	4	0.690750000000	0.000000000000	0.014080806171	0.000000000000	22000
8	2	0.800000000000	0.200000000000	5	0.693806666667	0.000000000000	0.011315357980	0.000000000000	24000
8	3	0.800000000000	0.300000000000	1	0.688550000000	0.000000000000	0.011901691534	0.000000000000	22000
8	3	0.800000000000	0.300000000000	2	0.694610000000	0.000000000000	0.014622492018	0.000000000000	12000
8	3	0.800000000000	0.300000000000	3	0.696526666667	0.000000000000	0.009933734397	0.000000000000	16000
8	3	0.800000000000	0.300000000000	4	0.698060000000	0.000000000000	0.013989237486	0.000000000000	14000
8	3	0.800000000000	0.300000000000	5	0.694216666667	0.000000000000	0.010556095555	0.000000000000	12000
8	4	0.800000000000	0.400000000000	1	0.711530000000	0.000000000000	0.010927572703	0.000000000000	8000
8	4	0.800000000000	0.400000000000	2	0.705740000000	0.000000000000	0.012320884879	0.000000000000	8000
8	4	0.800000000000	0.400000000000	3	0.695520000000	0.000000000000	0.013944000368	0.000000000000	30000
8	4	0.800000000000	0.400000000000	4	0.681550000000	0.000000000000	0.016684599962	0.000000000000	14000
8	4	0.800000000000	0.400000000000	5	0.700350000000	0.000000000000	0.012099196553	0.000000000000	30000
8	5	0.800000000000	0.500000000000	1	0.692266666667	0.000000000000	0.013851139892	0.000000000000	8000
8	5	0.800000000000	0.500000000000	2	0.685550000000	0.000000000000	0.010586606770	0.000000000000	22000
8	5	0.800000000000	0.500000000000	3	0.702796666667	0.000000000000	0.009445226959	0.000000000000	14000
8	5	0.800000000000	0.500000000000	4	0.687723333333	0.000000000000	0.010756354155	0.000000000000	28000
8	5	0.800000000000	0.500000000000	5	0.703996666667	0.000000000000	0.010755779227	0.000000000000	12000
8	6	0.800000000000	0.600000000000	1	0.709270000000	0.000000000000	0.011726235739	0.000000000000	18000
8	6	0.800000000000	0.600000000000	2	0.692730000000	0.000000000000	0.012841374139	0.000000000000	30000
8	6	0.800000000000	0.600000000000	3	0.704770000000	0.000000000000	0.011614827870	0.000000000000	30000
8	6	0.800000000000	0.600000000000	4	0.689056666667	0.000000000000	0.013586563839	0.000000000000	8000
8	6	0.800000000000	0.600000000000	5	0.688403333333	0.000000000000	0.015257242182	0.000000000000	10000
8	7	0.800000000000	0.700000000000	1	0.690230000000	0.000000000000	0.009437664056	0.000000000000	20000
8	7	0.800000000000	0.700000000000	2	0.000000000000	0.701003333333	0.000000000000	0.010014114719	30000
8	7	0.800000000000	0.700000000000	3	0.699700000000	0.000000000000	0.013916149423	0.000000000000	12000
8	7	0.800000000000	0.700000000000	4	0.696066666667	0.000000000000	0.013976639709	0.000000000000	30000
8	7	0.800000000000	0.700000000000	5	0.701260000000	0.000000000000	0.012559774110	0.000000000000	18000
8	8	0.800000000000	0.800000000000	1	0.000000000000	0.696230000000	0.000000000000	0.010905932913	26000
8	8	0.800000000000	0.800000000000	2	0.704433333333	0.000000000000	0.013896634477	0.000000000000	22000
8	8	0.800000000000	0.800000000000	3	0.000000000000	0.689516666667	0.000000000000	0.015683718774	14000
8	8	0.800000000000	0.800000000000	4	0.701590000000	0.000000000000	0.015480108397	0.000000000000	10000
8	8	0.800000000000	0.800000000000	5	0.000000000000	0.700860000000	0.000000000000	0.010919996016	16000
8	9	0.800000000000	0.900000000000	1	0.000000000000	0.687020000000	0.000000000000	0.014107790077	30000
8	9	0.800000000000	0.900000000000	2	0.000000000000	0.696206666667	0.000000000000	0.012725971489	30000
8	9	0.800000000000	0.900000000000	3	0.000000000000	0.699963333333	0.000000000000	0.011420555356	12000
8	9	0.800000000000	0.900000000000	4	0.000000000000	0.691726666667	0.000000000000	0.009876152228	16000
8	9	0.800000000000	0.900000000000	5	0.000000000000	0.694173333333	0.000000000000	0.013435749470	10000
8	10	0.800000000000	1.000000000000	1	0.000000000000	1.000000000000	0.000000000000	0.000000000000	6000
8	10	0.800000000000	1.000000000000	2	0.000000000000	1.000000000000	0.000000000000	0.000000000000	6000
8	10	0.800000000000	1.000000000000	3	0.000000000000	1.000000000000	0.000000000000	0.000000000000	6000
8	10	0.800000000000	1.000000000000	4	0.000000000000	1.000000000000	0.000000000000	0.000000000000	6000
8	10	0.800000000000	1.000000000000	5	0.000000000000	1.000000000000	0.000000000000	0.000000000000	6000
9	0	0.900000000000	0.000000000000	1	0.695800000000	0.000000000000	0.014372423824	0.000000000000	8000
9	0	0.900000000000	0.000000000000	2	0.683193333333	0.000000000000	0.013933855536	0.000000000000	30000
9	0	0.900000000000	0.000000000000	3	0.697210000000	0.000000000000	0.011614440997	0.000000000000	8000
9	0	0.900000000000	0.000000000000	4	0.693200000000	0.000000000000	0.012045958040	0.000000000000	30000
9	0	0.900000000000	0.000000000000	5	0.692563333333	0.000000000000	0.012197006932	0.000000000000	30000
9	1	0.900000000000	0.100000000000	1	0.708673333333	0.000000000000	0.011015401600	0.000000000000	30000
9	1	0.900000000000	0.100000000000	2	0.711640000000	0.000000000000	0.012242651050	0.000000000000	22000
9	1	0.900000000000	0.100000000000	3	0.690363333333	0.000000000000	0.009673296887	0.000000000000	18000
9	1	0.900000000000	0.100000000000	4	0.709446666667	0.000000000000	0.012497333271	0.000000000000	30000
9	1	0.900000000000	0.100000000000	5	0.705440000000	0.000000000000	0.011775235339	0.000000000000	18000
9	2	0.900000000000	0.200000000000	1	0.701853333333	0.000000000000	0.011404955341	0.000000000000	24000
9	2	0.900000000000	0.200000000000	2	0.695750000000	0.000000000000	0.009151145594	0.000000000000	22000
9	2	0.900000000000	0.200000000000	3	0.702943333333	0.000000000000	0.009210468649	0.000000000000	30000
9	2	0.900000000000	0.200000000000	4	0.689510000000	0.000000000000	0.010593231849	0.000000000000	30000
9	2	0.900000000000	0.200000000000	5	0.692353333333	0.000000000000	0.012469321267	0.000000000000	22000
9	3	0.900000000000	0.300000000000	1	0.696933333333	0.000000000000	0.013734213797	0.000000000000	28000
9	3	0.900000000000	0.300000000000	2	0.698836666667	0.000000000000	0.014422173869	0.000000000000	20000
9	3	0.900000000000	0.300000000000	3	0.685856666667	0.000000000000	0.011827717701	0.000000000000	26000
9	3	0.900000000000	0.300000000000	4	0.692603333333	0.000000000000	0.013724265206	0.000000000000	22000
9	3	0.900000000000	0.300000000000	5	0.691943333333	0.000000000000	0.013668262071	0.000000000000	18000
9	4	0.900000000000	0.400000000000	1	0.690613333333	0.000000000000	0.010375094019	0.000000000000	20000
9	4	0.900000000000	0.400000000000	2	0.695213333333	0.000000000000	0.012567205169	0.000000000000	30000
9	4	0.900000000000	0.400000000000	3	0.695240000000	0.000000000000	0.010056461670	0.000000000000	18000
9	4	0.900000000000	0.400000000000	4	0.692193333333	0.000000000000	0.013970047562	0.000000000000	14000
9	4	0.900000000000	0.400000000000	5	0.701780000000	0.000000000000	0.010337882043	0.000000000000	8000
9	5	0.900000000000	0.500000000000	1	0.704306666667	0.000000000000	0.012390207851	0.000000000000	30000
9	5	0.900000000000	0.500000000000	2	0.684453333333	0.000000000000	0.010844193371	0.000000000000	6000
9	5	0.900000000000	0.500000000000	3	0.711740000000	0.000000000000	0.013204885127	0.000000000000	30000
9	5	0.900000000000	0.500000000000	4	0.680913333333	0.000000000000	0.012265790034	0.000000000000	10000
9	5	0.900000000000	0.500000000000	5	0.681593333333	0.000000000000	0.012179612686	0.000000000000	30000
9	6	0.900000000000	0.600000000000	1	0.705370000000	0.000000000000	0.015641006183	0.000000000000	30000
9	6	0.900000000000	0.600000000000	2	0.692623333333	0.000000000000	0.013056702823	0.000000000000	12000
9	6	0.900000000000	0.600000000000	3	0.698923333333	0.000000000000	0.010958243208	0.000000000000	20000
9	6	0.900000000000	0.600000000000	4	0.697743333333	0.000000000000	0.014234116257	0.000000000000	14000
9	6	0.900000000000	0.600000000000	5	0.678320000000	0.000000000000	0.012746505668	0.000000000000	18000
9	7	0.900000000000	0.700000000000	1	0.706706666667	0.000000000000	0.011042760741	0.000000000000	10000
9	7	0.900000000000	0.700000000000	2	0.695610000000	0.000000000000	0.010634686272	0.000000000000	30000
9	7	0.900000000000	0.700000000000	3	0.709116666667	0.000000000000	0.009858736973	0.000000000000	30000
9	7	0.900000000000	0.700000000000	4	0.688506666667	0.000000000000	0.011828350072	0.000000000000	30000
9	7	0.900000000000	0.700000000000	5	0.698800000000	0.000000000000	0.010722119788	0.000000000000	30000
9	8	0.900000000000	0.800000000000	1	0.692673333333	0.000000000000	0.012568484843	0.000000000000	26000
9	8	0.900000000000	0.800000000000	2	0.699093333333	0.000000000000	0.009140590508	0.000000000000	10000
9	8	0.900000000000	0.800000000000	3	0.692973333333	0.000000000000	0.015722801766	0.000000000000	22000
9	8	0.900000000000	0.800000000000	4	0.699260000000	0.000000000000	0.010684875599	0.000000000000	8000
9	8	0.900000000000	0.800000000000	5	0.684193333333	0.000000000000	0.011525523074	0.000000000000	30000
9	9	0.900000000000	0.900000000000	1	0.000000000000	0.693336666667	0.000000000000	0.009507385512	20000
9	9	0.900000000000	0.900000000000	2	0.688270000000	0.000000000000	0.012550261093	0.000000000000	26000
9	9	0.900000000000	0.900000000000	3	0.698716666667	0.000000000000	0.012105078348	0.000000000000	14000
9	9	0.900000000000	0.900000000000	4	0.000000000000	0.695076666667	0.000000000000	0.011564075842	10000
9	9	0.900000000000	0.900000000000	5	0.700123333333	0.000000000000	0.010942479613	0.000000000000	28000
9	10	0.900000000000	1.000000000000	1	0.000000000000	1.000000000000	0.000000000000	0.000000000000	6000
9	10	0.900000000000	1.000000000000	2	0.000000000000	1.000000000000	0.000000000000	0.000000000000	6000
9	10	0.900000000000	1.000000000000	3	0.000000000000	1.000000000000	0.000000000000	0.000000000000	6000
9	10	0.900000000000	1.000000000000	4	0.000000000000	1.000000000000	0.000000000000	0.000000000000	6000
9	10	0.900000000000	1.000000000000	5	0.000000000000	1.000000000000	0.000000000000	0.000000000000	6000
10	0	1.000000000000	0.000000000000	1	1.000000000000	0.000000000000	0.000000000000	0.000000000000	4000
10	0	1.000000000000	0.000000000000	2	1.000000000000	0.000000000000	0.000000000000	0.000000000000	4000
10	0	1.000000000000	0.000000000000	3	1.000000000000	0.000000000000	0.000000000000	0.000000000000	4000
10	0	1.000000000000	0.000000000000	4	1.000000000000	0.000000000000	0.000000000000	0.000000000000	4000
10	0	1.000000000000	0.000000000000	5	1.000000000000	0.000000000000	0.000000000000	0.000000000000	4000
10	1	1.000000000000	0.100000000000	1	1.000000000000	0.000000000000	0.000000000000	0.000000000000	6000
10	1	1.000000000000	0.100000000000	2	1.000000000000	0.000000000000	0.000000000000	0.000000000000	6000
10	1	1.000000000000	0.100000000000	3	1.000000000000	0.000000000000	0.000000000000	0.000000000000	6000
10	1	1.000000000000	0.100000000000	4	1.000000000000	0.000000000000	0.000000000000	0.000000000000	6000
10	1	1.000000000000	0.100000000000	5	1.000000000000	0.000000000000	0.000000000000	0.000000000000	6000
10	2	1.000000000000	0.200000000000	1	1.000000000000	0.000000000000	0.000000000000	0.000000000000	6000
10	2	1.000000000000	0.200000000000	2	1.000000000000	0.000000000000	0.000000000000	0.000000000000	6000
10	2	1.000000000000	0.200000000000	3	1.000000000000	0.000000000000	0.000000000000	0.000000000000	6000
10	2	1.000000000000	0.200000000000	4	1.000000000000	0.000000000000	0.000000000000	0.000000000000	6000
10	2	1.000000000000	0.200000000000	5	1.000000000000	0.000000000000	0.000000000000	0.000000000000	6000
10	3	1.000000000000	0.300000000000	1	1.000000000000	0.000000000000	0.000000000000	0.000000000000	6000
10	3	1.000000000000	0.300000000000	2	1.000000000000	0.000000000000	0.000000000000	0.000000000000	6000
10	3	1.000000000000	0.300000000000	3	1.000000000000	0.000000000000	0.000000000000	0.000000000000	6000
10	3	1.000000000000	0.300000000000	4	1.000000000000	0.000000000000	0.000000000000	0.000000000000	6000
10	3	1.000000000000	0.300000000000	5	1.000000000000	0.000000000000	0.000000000000	0.000000000000	6000
10	4	1.000000000000	0.400000000000	1	1.000000000000	0.000000000000	0.000000000000	0.000000000000	6000
10	4	1.000000000000	0.400000000000	2	1.000000000000	0.000000000000	0.000000000000	0.000000000000	6000
10	4	1.000000000000	0.400000000000	3	1.000000000000	0.000000000000	0.000000000000	0.000000000000	6000
10	4	1.000000000000	0.400000000000	4	1.000000000000	0.000000000000	0.000000000000	0.000000000000	6000
10	4	1.000000000000	0.400000000000	5	1.000000000000	0.000000000000	0.000000000000	0.000000000000	6000
10	5	1.000000000000	0.500000000000	1	1.000000000000	0.000000000000	0.000000000000	0.000000000000	6000
10	5	1.000000000000	0.500000000000	2	1.000000000000	0.000000000000	0.000000000000	0.000000000000	6000
10	5	1.000000000000	0.500000000000	3	1.000000000000	0.000000000000	0.000000000000	0.000000000000	6000
10	5	1.000000000000	0.500000000000	4	1.000000000000	0.000000000000	0.000000000000	0.000000000000	6000
10	5	1.000000000000	0.500000000000	5	1.000000000000	0.000000000000	0.000000000000	0.000000000000	6000
10	6	1.000000000000	0.600000000000	1	1.000000000000	0.000000000000	0.000000000000	0.000000000000	6000
10	6	1.000000000000	0.600000000000	2	1.000000000000	0.000000000000	0.000000000000	0.000000000000	6000
10	6	1.000000000000	0.600000000000	3	1.000000000000	0.000000000000	0.000000000000	0.000000000000	6000
10	6	1.000000000000	0.600000000000	4	1.000000000000	0.000000000000	0.000000000000	0.000000000000	6000
10	6	1.000000000000	0.600000000000	5	1.000000000000	0.000000000000	0.000000000000	0.000000000000	6000
10	7	1.000000000000	0.700000000000	1	1.000000000000	0.000000000000	0.000000000000	0.000000000000	6000
10	7	1.000000000000	0.700000000000	2	1.000000000000	0.000000000000	0.000000000000	0.000000000000	6000
10	7	1.000000000000	0.700000000000	3	1.000000000000	0.000000000000	0.000000000000	0.000000000000	6000
10	7	1.000000000000	0.700000000000	4	1.000000000000	0.000000000000	0.000000000000	0.000000000000	6000
10	7	1.000000000000	0.700000000000	5	1.000000000000	0.000000000000	0.000000000000	0.000000000000	6000
10	8	1.000000000000	0.800000000000	1	1.000000000000	0.000000000000	0.000000000000	0.000000000000	6000
10	8	1.000000000000	0.800000000000	2	1.000000000000	0.000000000000	0.000000000000	0.000000000000	6000
10	8	1.000000000000	0.800000000000	3	1.000000000000	0.000000000000	0.000000000000	0.000000000000	6000
10	8	1.000000000000	0.800000000000	4	1.000000000000	0.000000000000	0.000000000000	0.000000000000	6000
10	8	1.000000000000	0.800000000000	5	1.000000000000	0.000000000000	0.000000000000	0.000000000000	6000
10	9	1.000000000000	0.900000000000	1	1.000000000000	0.000000000000	0.000000000000	0.000000000000	6000
10	9	1.000000000000	0.900000000000	2	1.000000000000	0.000000000000	0.000000000000	0.000000000000	6000
10	9	1.000000000000	0.900000000000	3	1.000000000000	0.000000000000	0.000000000000	0.000000000000	6000
10	9	1.000000000000	0.900000000000	4	1.000000000000	0.000000000000	0.000000000000	0.000000000000	6000
10	9	1.000000000000	0.900000000000	5	1.000000000000	0.000000000000	0.000000000000	0.000000000000	6000
10	10	1.000000000000	1.000000000000	1	1.000000000000	1.000000000000	0.000000000000	0.000000000000	4000
10	10	1.000000000000	1.000000000000	2	1.000000000000	1.000000000000	0.000000000000	0.000000000000	4000
10	10	1.000000000000	1.000000000000	3	1.000000000000	1.000000000000	0.000000000000	0.000000000000	4000
10	10	1.000000000000	1.000000000000	4	1.000000000000	1.000000000000	0.000000000000	0.000000000000	4000
10	10	1.000000000000	1.000000000000	5	1.000000000000	1.000000000000	0.000000000000	0.000000000000	4000
