# scan initial plane
# b 1.08
# r 0
# e -0.4
# p12 0.1
# ndiv 12
# n_reps 5
# A:(0,1),	A':(0,0.375),	B:(1,0),	B'=(0.667,0),	C:(1,1),	D:(0,0),	E:(0.573,0.117) 
# columns: ix iy x1_0 x2_0 rep x1_inf x2_inf sigma_1 sigma_2 t_relax
8	0	0.666666666667	0.000000000000	1	0.430516666667	0.000000000000	0.057933202727	0.000000000000	12000
8	0	0.666666666667	0.000000000000	2	0.420550000000	0.000000000000	0.062107875681	0.000000000000	14000
8	0	0.666666666667	0.000000000000	3	0.452733333333	0.000000000000	0.049782934453	0.000000000000	30000
8	0	0.666666666667	0.000000000000	4	0.407400000000	0.000000000000	0.061414896950	0.000000000000	8000
8	0	0.666666666667	0.000000000000	5	0.427116666667	0.000000000000	0.042111806392	0.000000000000	30000
8	1	0.666666666667	0.075000000000	1	0.389866666667	0.000000000000	0.047441304198	0.000000000000	30000
8	1	0.666666666667	0.075000000000	2	0.433183333333	0.000000000000	0.056338129346	0.000000000000	6000
8	1	0.666666666667	0.075000000000	3	0.427883333333	0.000000000000	0.042884507989	0.000000000000	18000
8	1	0.666666666667	0.075000000000	4	0.408883333333	0.000000000000	0.047184407517	0.000000000000	16000
8	1	0.666666666667	0.075000000000	5	0.417133333333	0.000000000000	0.039640302418	0.000000000000	14000
8	2	0.666666666667	0.162500000000	1	0.436533333333	0.000000000000	0.052236000142	0.000000000000	18000
8	2	0.666666666667	0.162500000000	2	0.425583333333	0.000000000000	0.055442264366	0.000000000000	10000
8	2	0.666666666667	0.162500000000	3	0.398533333333	0.000000000000	0.050380202773	0.000000000000	28000
8	2	0.666666666667	0.162500000000	4	0.448516666667	0.000000000000	0.048532802649	0.000000000000	30000
8	2	0.666666666667	0.162500000000	5	0.446466666667	0.000000000000	0.059282065181	0.000000000000	8000
8	3	0.666666666667	0.250000000000	1	0.468766666667	0.000000000000	0.054064382007	0.000000000000	22000
8	3	0.666666666667	0.250000000000	2	0.427816666667	0.000000000000	0.048739645598	0.000000000000	10000
8	3	0.666666666667	0.250000000000	3	0.412950000000	0.000000000000	0.065099341880	0.000000000000	8000
8	3	0.666666666667	0.250000000000	4	0.451183333333	0.000000000000	0.043795179415	0.000000000000	14000
8	3	0.666666666667	0.250000000000	5	0.452366666667	0.000000000000	0.046011645439	0.000000000000	10000
8	4	0.666666666667	0.325000000000	1	0.429850000000	0.000000000000	0.040528564112	0.000000000000	24000
8	4	0.666666666667	0.325000000000	2	0.453916666667	0.000000000000	0.033415709857	0.000000000000	22000
8	4	0.666666666667	0.325000000000	3	0.397733333333	0.000000000000	0.047186154748	0.000000000000	24000
8	4	0.666666666667	0.325000000000	4	0.446066666667	0.000000000000	0.039531738058	0.000000000000	6000
8	4	0.666666666667	0.325000000000	5	0.431200000000	0.000000000000	0.044286556390	0.000000000000	14000
8	5	0.666666666667	0.412500000000	1	0.457833333333	0.000000000000	0.055206863684	0.000000000000	28000
8	5	0.666666666667	0.412500000000	2	0.400816666667	0.000000000000	0.041145722384	0.000000000000	16000
8	5	0.666666666667	0.412500000000	3	0.425000000000	0.000000000000	0.060219632861	0.000000000000	18000
8	5	0.666666666667	0.412500000000	4	0.430883333333	0.000000000000	0.055858510800	0.000000000000	30000
8	5	0.666666666667	0.412500000000	5	0.419800000000	0.000000000000	0.037917424285	0.000000000000	10000
8	6	0.666666666667	0.500000000000	1	0.468866666667	0.000000000000	0.041835912526	0.000000000000	18000
8	6	0.666666666667	0.500000000000	2	0.402733333333	0.000000000000	0.051203685150	0.000000000000	26000
8	6	0.666666666667	0.500000000000	3	0.410983333333	0.000000000000	0.048382578781	0.000000000000	6000
8	6	0.666666666667	0.500000000000	4	0.471683333333	0.000000000000	0.054275541873	0.000000000000	30000
8	6	0.666666666667	0.500000000000	5	0.420483333333	0.000000000000	0.070435982399	0.000000000000	24000
8	7	0.666666666667	0.575000000000	1	0.459350000000	0.000000000000	0.055895553705	0.000000000000	28000
8	7	0.666666666667	0.575000000000	2	0.471100000000	0.000000000000	0.047730276454	0.000000000000	30000
8	7	0.666666666667	0.575000000000	3	0.465950000000	0.000000000000	0.048886929504	0.000000000000	30000
8	7	0.666666666667	0.575000000000	4	0.453850000000	0.000000000000	0.056196599363	0.000000000000	8000
8	7	0.666666666667	0.575000000000	5	0.414400000000	0.000000000000	0.053217842924	0.000000000000	12000
8	8	0.666666666667	0.662500000000	1	0.438366666667	0.000000000000	0.062367189555	0.000000000000	30000
8	8	0.666666666667	0.662500000000	2	0.391716666667	0.000000000000	0.052424243980	0.000000000000	22000
8	8	0.666666666667	0.662500000000	3	0.409916666667	0.000000000000	0.038493539535	0.000000000000	30000
8	8	0.666666666667	0.662500000000	4	0.419950000000	0.000000000000	0.052899971816	0.000000000000	6000
8	8	0.666666666667	0.662500000000	5	0.441150000000	0.000000000000	0.057766416743	0.000000000000	14000
8	9	0.666666666667	0.750000000000	1	0.466300000000	0.000000000000	0.043615632915	0.000000000000	30000
8	9	0.666666666667	0.750000000000	2	0.408100000000	0.000000000000	0.055299218431	0.000000000000	22000
8	9	0.666666666667	0.750000000000	3	0.404983333333	0.000000000000	0.059245804435	0.000000000000	6000
8	9	0.666666666667	0.750000000000	4	0.440466666667	0.000000000000	0.056892853653	0.000000000000	30000
8	9	0.666666666667	0.750000000000	5	0.453116666667	0.000000000000	0.057850571588	0.000000000000	20000
8	10	0.666666666667	0.825000000000	1	0.428616666667	0.000000000000	0.038457173999	0.000000000000	24000
8	10	0.666666666667	0.825000000000	2	0.424783333333	0.000000000000	0.073596743456	0.000000000000	12000
8	10	0.666666666667	0.825000000000	3	0.426933333333	0.000000000000	0.036121866420	0.000000000000	18000
8	10	0.666666666667	0.825000000000	4	0.405766666667	0.000000000000	0.051190596244	0.000000000000	30000
8	10	0.666666666667	0.825000000000	5	0.363700000000	0.000000000000	0.041848339343	0.000000000000	24000
8	11	0.666666666667	0.912500000000	1	0.483583333333	0.000000000000	0.032337368904	0.000000000000	30000
8	11	0.666666666667	0.912500000000	2	0.398216666667	0.000000000000	0.031380709291	0.000000000000	30000
8	11	0.666666666667	0.912500000000	3	0.410116666667	0.000000000000	0.040498475470	0.000000000000	16000
8	11	0.666666666667	0.912500000000	4	0.419466666667	0.000000000000	0.050626637156	0.000000000000	22000
8	11	0.666666666667	0.912500000000	5	0.482033333333	0.000000000000	0.042164744081	0.000000000000	22000
8	12	0.666666666667	1.000000000000	1	0.000000000000	1.000000000000	0.000000000000	0.000000000000	6000
8	12	0.666666666667	1.000000000000	2	0.000000000000	1.000000000000	0.000000000000	0.000000000000	10000
8	12	0.666666666667	1.000000000000	3	0.000000000000	1.000000000000	0.000000000000	0.000000000000	8000
8	12	0.666666666667	1.000000000000	4	0.000000000000	1.000000000000	0.000000000000	0.000000000000	10000
8	12	0.666666666667	1.000000000000	5	0.000000000000	1.000000000000	0.000000000000	0.000000000000	8000
9	0	0.750000000000	0.000000000000	1	0.448300000000	0.000000000000	0.058556572693	0.000000000000	18000
9	0	0.750000000000	0.000000000000	2	0.408783333333	0.000000000000	0.046646138652	0.000000000000	8000
9	0	0.750000000000	0.000000000000	3	0.439033333333	0.000000000000	0.040541312787	0.000000000000	30000
9	0	0.750000000000	0.000000000000	4	0.422216666667	0.000000000000	0.048323325164	0.000000000000	16000
9	0	0.750000000000	0.000000000000	5	0.482550000000	0.000000000000	0.048123475815	0.000000000000	30000
9	1	0.750000000000	0.075000000000	1	0.476800000000	0.000000000000	0.038664215862	0.000000000000	12000
9	1	0.750000000000	0.075000000000	2	0.420016666667	0.000000000000	0.050403220644	0.000000000000	30000
9	1	0.750000000000	0.075000000000	3	0.424600000000	0.000000000000	0.044741947229	0.000000000000	6000
9	1	0.750000000000	0.075000000000	4	0.429600000000	0.000000000000	0.041546620527	0.000000000000	26000
9	1	0.750000000000	0.075000000000	5	0.391000000000	0.000000000000	0.043304962351	0.000000000000	30000
9	2	0.750000000000	0.162500000000	1	0.401466666667	0.000000000000	0.055999864944	0.000000000000	30000
9	2	0.750000000000	0.162500000000	2	0.455750000000	0.000000000000	0.048201945959	0.000000000000	30000
9	2	0.750000000000	0.162500000000	3	0.428533333333	0.000000000000	0.039031826546	0.000000000000	24000
9	2	0.750000000000	0.162500000000	4	0.431350000000	0.000000000000	0.052548336954	0.000000000000	12000
9	2	0.750000000000	0.162500000000	5	0.382666666667	0.000000000000	0.048456317249	0.000000000000	20000
9	3	0.750000000000	0.250000000000	1	0.423783333333	0.000000000000	0.035146985480	0.000000000000	8000
9	3	0.750000000000	0.250000000000	2	0.416983333333	0.000000000000	0.041287527629	0.000000000000	28000
9	3	0.750000000000	0.250000000000	3	0.429800000000	0.000000000000	0.047601392408	0.000000000000	10000
9	3	0.750000000000	0.250000000000	4	0.439900000000	0.000000000000	0.046038614211	0.000000000000	30000
9	3	0.750000000000	0.250000000000	5	0.425533333333	0.000000000000	0.066422174299	0.000000000000	24000
9	4	0.750000000000	0.325000000000	1	0.437333333333	0.000000000000	0.054912190650	0.000000000000	8000
9	4	0.750000000000	0.325000000000	2	0.419716666667	0.000000000000	0.040938790843	0.000000000000	14000
9	4	0.750000000000	0.325000000000	3	0.389100000000	0.000000000000	0.043021141272	0.000000000000	8000
9	4	0.750000000000	0.325000000000	4	0.427666666667	0.000000000000	0.042814194813	0.000000000000	16000
9	4	0.750000000000	0.325000000000	5	0.483983333333	0.000000000000	0.057897290635	0.000000000000	8000
9	5	0.750000000000	0.412500000000	1	0.454716666667	0.000000000000	0.053756948683	0.000000000000	6000
9	5	0.750000000000	0.412500000000	2	0.426916666667	0.000000000000	0.051219080698	0.000000000000	30000
9	5	0.750000000000	0.412500000000	3	0.399650000000	0.000000000000	0.049982087215	0.000000000000	16000
9	5	0.750000000000	0.412500000000	4	0.453150000000	0.000000000000	0.053420638315	0.000000000000	22000
9	5	0.750000000000	0.412500000000	5	0.440366666667	0.000000000000	0.036003790628	0.000000000000	30000
9	6	0.750000000000	0.500000000000	1	0.458250000000	0.000000000000	0.039887698963	0.000000000000	10000
9	6	0.750000000000	0.500000000000	2	0.408616666667	0.000000000000	0.046150052300	0.000000000000	30000
9	6	0.750000000000	0.500000000000	3	0.447266666667	0.000000000000	0.061433547410	0.000000000000	8000
9	6	0.750000000000	0.500000000000	4	0.401000000000	0.000000000000	0.046554037306	0.000000000000	24000
9	6	0.750000000000	0.500000000000	5	0.455066666667	0.000000000000	0.060541030115	0.000000000000	8000
9	7	0.750000000000	0.575000000000	1	0.426183333333	0.000000000000	0.048783895699	0.000000000000	14000
9	7	0.750000000000	0.575000000000	2	0.435166666667	0.000000000000	0.051778243907	0.000000000000	22000
9	7	0.750000000000	0.575000000000	3	0.370150000000	0.000000000000	0.033958595993	0.000000000000	30000
9	7	0.750000000000	0.575000000000	4	0.393716666667	0.000000000000	0.029889087042	0.000000000000	30000
9	7	0.750000000000	0.575000000000	5	0.443450000000	0.000000000000	0.048981822559	0.000000000000	6000
9	8	0.750000000000	0.662500000000	1	0.405250000000	0.000000000000	0.062087869303	0.000000000000	10000
9	8	0.750000000000	0.662500000000	2	0.472500000000	0.000000000000	0.042681176107	0.000000000000	16000
9	8	0.750000000000	0.662500000000	3	0.426900000000	0.000000000000	0.046220169643	0.000000000000	14000
9	8	0.750000000000	0.662500000000	4	0.408400000000	0.000000000000	0.054361502469	0.000000000000	30000
9	8	0.750000000000	0.662500000000	5	0.447833333333	0.000000000000	0.037036161151	0.000000000000	30000
9	9	0.750000000000	0.750000000000	1	0.442250000000	0.000000000000	0.044107755613	0.000000000000	12000
9	9	0.750000000000	0.750000000000	2	0.442950000000	0.000000000000	0.039495733548	0.000000000000	30000
9	9	0.750000000000	0.750000000000	3	0.423266666667	0.000000000000	0.054103095315	0.000000000000	26000
9	9	0.750000000000	0.750000000000	4	0.468200000000	0.000000000000	0.043468821324	0.000000000000	30000
9	9	0.750000000000	0.750000000000	5	0.441733333333	0.000000000000	0.044830604685	0.000000000000	30000
9	10	0.750000000000	0.825000000000	1	0.414933333333	0.000000000000	0.044071205566	0.000000000000	8000
9	10	0.750000000000	0.825000000000	2	0.399966666667	0.000000000000	0.057469523048	0.000000000000	24000
9	10	0.750000000000	0.825000000000	3	0.435033333333	0.000000000000	0.045341289121	0.000000000000	10000
9	10	0.750000000000	0.825000000000	4	0.459100000000	0.000000000000	0.057425690524	0.000000000000	16000
9	10	0.750000000000	0.825000000000	5	0.396950000000	0.000000000000	0.047227406534	0.000000000000	28000
9	11	0.750000000000	0.912500000000	1	0.466700000000	0.000000000000	0.049935995070	0.000000000000	30000
9	11	0.750000000000	0.912500000000	2	0.385316666667	0.000000000000	0.057229143774	0.000000000000	18000
9	11	0.750000000000	0.912500000000	3	0.456250000000	0.000000000000	0.037377222730	0.000000000000	30000
9	11	0.750000000000	0.912500000000	4	0.456533333333	0.000000000000	0.043560836026	0.000000000000	6000
9	11	0.750000000000	0.912500000000	5	0.474950000000	0.000000000000	0.051032033421	0.000000000000	30000
9	12	0.750000000000	1.000000000000	1	0.000000000000	1.000000000000	0.000000000000	0.000000000000	6000
9	12	0.750000000000	1.000000000000	2	0.000000000000	1.000000000000	0.000000000000	0.000000000000	6000
9	12	0.750000000000	1.000000000000	3	0.000000000000	1.000000000000	0.000000000000	0.000000000000	6000
9	12	0.750000000000	1.000000000000	4	0.000000000000	1.000000000000	0.000000000000	0.000000000000	6000
9	12	0.750000000000	1.000000000000	5	0.000000000000	1.000000000000	0.000000000000	0.000000000000	8000
