# scan initial plane
# b 1.3
# r 0
# e -0.4
# N1 300
# N2 300
# P11 0.9
# p12 0.3
# P22 0.9
# T_MCS 1000
# T_MAX 30000
# W 2000
# UPDATE_RULE 0
# FERMI_BETA 1
# DEGREE_ALPHA 0.5
# DEGREE_FACTOR_MIN 0.5
# DEGREE_FACTOR_MAX 2
# ndiv 10
# n_reps 5
# A:(0,1),	A':(0,0.400),	B:(1,0),	B'=(0.400,0),	C:(1,1),	D:(0,0),	E:(0.235,0.235) 
# columns: ix iy x1_0 x2_0 rep x1_inf x2_inf sigma_1 sigma_2 t_relax
6	0	0.600000000000	0.000000000000	1	0.411890000000	0.000000000000	0.009031335481	0.000000000000	30000
6	0	0.600000000000	0.000000000000	2	0.408843333333	0.000000000000	0.009174946059	0.000000000000	8000
6	0	0.600000000000	0.000000000000	3	0.412896666667	0.000000000000	0.010790076365	0.000000000000	8000
6	0	0.600000000000	0.000000000000	4	0.405350000000	0.000000000000	0.009591231096	0.000000000000	18000
6	0	0.600000000000	0.000000000000	5	0.413373333333	0.000000000000	0.011644769956	0.000000000000	30000
6	1	0.600000000000	0.100000000000	1	0.208716666667	0.252766666667	0.014940200751	0.014498282664	30000
6	1	0.600000000000	0.100000000000	2	0.237766666667	0.224043333333	0.015149534557	0.014023524018	30000
6	1	0.600000000000	0.100000000000	3	0.245053333333	0.216606666667	0.022410053038	0.018518020814	30000
6	1	0.600000000000	0.100000000000	4	0.243533333333	0.218703333333	0.017296539579	0.018528829662	24000
6	1	0.600000000000	0.100000000000	5	0.223536666667	0.235616666667	0.013090582578	0.014095569303	30000
6	2	0.600000000000	0.200000000000	1	0.218290000000	0.244390000000	0.015126291836	0.014753568721	30000
6	2	0.600000000000	0.200000000000	2	0.211746666667	0.251853333333	0.016812979399	0.020908320568	14000
6	2	0.600000000000	0.200000000000	3	0.241190000000	0.223470000000	0.010110913659	0.013939873986	14000
6	2	0.600000000000	0.200000000000	4	0.255423333333	0.199286666667	0.018925029020	0.020734538255	30000
6	2	0.600000000000	0.200000000000	5	0.246566666667	0.213886666667	0.019686990059	0.014922199899	30000
6	3	0.600000000000	0.300000000000	1	0.222846666667	0.231570000000	0.011609773093	0.011992638067	30000
6	3	0.600000000000	0.300000000000	2	0.216910000000	0.243220000000	0.011688535203	0.013610255739	10000
6	3	0.600000000000	0.300000000000	3	0.208470000000	0.253403333333	0.016300044728	0.014880444844	28000
6	3	0.600000000000	0.300000000000	4	0.228733333333	0.233146666667	0.016251964453	0.015291940473	18000
6	3	0.600000000000	0.300000000000	5	0.204686666667	0.255296666667	0.018186359642	0.015492536081	26000
6	4	0.600000000000	0.400000000000	1	0.231310000000	0.228886666667	0.022682557140	0.017742847315	30000
6	4	0.600000000000	0.400000000000	2	0.234076666667	0.229150000000	0.017277518191	0.018515107293	10000
6	4	0.600000000000	0.400000000000	3	0.225893333333	0.226380000000	0.017474953397	0.019169906299	30000
6	4	0.600000000000	0.400000000000	4	0.233786666667	0.229186666667	0.016605327231	0.015359288068	30000
6	4	0.600000000000	0.400000000000	5	0.248920000000	0.212706666667	0.022419302264	0.018208207702	30000
6	5	0.600000000000	0.500000000000	1	0.242613333333	0.215183333333	0.015388544317	0.016020151571	30000
6	5	0.600000000000	0.500000000000	2	0.234850000000	0.223416666667	0.025954361997	0.025015260608	30000
6	5	0.600000000000	0.500000000000	3	0.242903333333	0.218946666667	0.014768581136	0.018689147053	30000
6	5	0.600000000000	0.500000000000	4	0.237406666667	0.221213333333	0.022731089630	0.022229104040	30000
6	5	0.600000000000	0.500000000000	5	0.219446666667	0.243880000000	0.019760675761	0.017981535037	30000
6	6	0.600000000000	0.600000000000	1	0.223920000000	0.242270000000	0.016039596205	0.016425427618	30000
6	6	0.600000000000	0.600000000000	2	0.231960000000	0.232680000000	0.021818213365	0.022199083048	12000
6	6	0.600000000000	0.600000000000	3	0.243746666667	0.219470000000	0.015243773788	0.012555612692	30000
6	6	0.600000000000	0.600000000000	4	0.233046666667	0.227670000000	0.014023909862	0.013900355227	30000
6	6	0.600000000000	0.600000000000	5	0.239673333333	0.215606666667	0.013437363600	0.012928830797	30000
6	7	0.600000000000	0.700000000000	1	0.223883333333	0.237980000000	0.012893036767	0.013977898566	30000
6	7	0.600000000000	0.700000000000	2	0.224730000000	0.235376666667	0.016011979374	0.012975354152	30000
6	7	0.600000000000	0.700000000000	3	0.220590000000	0.237186666667	0.024044334676	0.024695602972	30000
6	7	0.600000000000	0.700000000000	4	0.214466666667	0.252576666667	0.017338927769	0.016881653460	30000
6	7	0.600000000000	0.700000000000	5	0.216573333333	0.250010000000	0.014693402392	0.015964519316	30000
6	8	0.600000000000	0.800000000000	1	0.236420000000	0.224583333333	0.012054322232	0.012538174386	30000
6	8	0.600000000000	0.800000000000	2	0.226140000000	0.229426666667	0.012632144798	0.012299065019	30000
6	8	0.600000000000	0.800000000000	3	0.249000000000	0.221526666667	0.014983771297	0.011953193481	30000
6	8	0.600000000000	0.800000000000	4	0.218650000000	0.244153333333	0.012988952211	0.011629299996	30000
6	8	0.600000000000	0.800000000000	5	0.217836666667	0.247566666667	0.010859922965	0.010425866808	30000
6	9	0.600000000000	0.900000000000	1	0.231520000000	0.231520000000	0.015231160656	0.014791797936	30000
6	9	0.600000000000	0.900000000000	2	0.224043333333	0.231770000000	0.012399582640	0.011898543693	30000
6	9	0.600000000000	0.900000000000	3	0.227836666667	0.237126666667	0.017920410989	0.015386235646	30000
6	9	0.600000000000	0.900000000000	4	0.247693333333	0.217320000000	0.009851040481	0.009835474507	6000
6	9	0.600000000000	0.900000000000	5	0.267333333333	0.193620000000	0.012352117107	0.013482896559	30000
6	10	0.600000000000	1.000000000000	1	0.000000000000	1.000000000000	0.000000000000	0.000000000000	6000
6	10	0.600000000000	1.000000000000	2	0.000000000000	1.000000000000	0.000000000000	0.000000000000	6000
6	10	0.600000000000	1.000000000000	3	0.000000000000	1.000000000000	0.000000000000	0.000000000000	6000
6	10	0.600000000000	1.000000000000	4	0.000000000000	1.000000000000	0.000000000000	0.000000000000	6000
6	10	0.600000000000	1.000000000000	5	0.000000000000	1.000000000000	0.000000000000	0.000000000000	6000
7	0	0.700000000000	0.000000000000	1	0.411660000000	0.000000000000	0.010056008208	0.000000000000	10000
7	0	0.700000000000	0.000000000000	2	0.410010000000	0.000000000000	0.009889271849	0.000000000000	12000
7	0	0.700000000000	0.000000000000	3	0.406193333333	0.000000000000	0.008316022059	0.000000000000	8000
7	0	0.700000000000	0.000000000000	4	0.411580000000	0.000000000000	0.009642320889	0.000000000000	22000
7	0	0.700000000000	0.000000000000	5	0.409736666667	0.000000000000	0.009754384953	0.000000000000	10000
7	1	0.700000000000	0.100000000000	1	0.251703333333	0.209676666667	0.016785323032	0.015889309234	18000
7	1	0.700000000000	0.100000000000	2	0.233223333333	0.230033333333	0.019930898029	0.017107581243	30000
7	1	0.700000000000	0.100000000000	3	0.226056666667	0.235390000000	0.018292568809	0.016257681637	30000
7	1	0.700000000000	0.100000000000	4	0.226533333333	0.237240000000	0.021315432930	0.016918161240	14000
7	1	0.700000000000	0.100000000000	5	0.213116666667	0.237963333333	0.015788607077	0.015532543754	30000
7	2	0.700000000000	0.200000000000	1	0.207700000000	0.250840000000	0.014763888948	0.013092798667	26000
7	2	0.700000000000	0.200000000000	2	0.236683333333	0.227920000000	0.018670936818	0.018183136382	30000
7	2	0.700000000000	0.200000000000	3	0.205383333333	0.256506666667	0.013993807916	0.014195395119	30000
7	2	0.700000000000	0.200000000000	4	0.248353333333	0.215203333333	0.009026687160	0.012541679595	30000
7	2	0.700000000000	0.200000000000	5	0.232170000000	0.235190000000	0.011985234957	0.013573394046	30000
7	3	0.700000000000	0.300000000000	1	0.195506666667	0.259673333333	0.014783837484	0.015612079487	30000
7	3	0.700000000000	0.300000000000	2	0.217380000000	0.243916666667	0.014782824821	0.019508581481	16000
7	3	0.700000000000	0.300000000000	3	0.224213333333	0.245746666667	0.015474658803	0.015980128913	30000
7	3	0.700000000000	0.300000000000	4	0.242430000000	0.214263333333	0.022999799074	0.018079631749	30000
7	3	0.700000000000	0.300000000000	5	0.240363333333	0.218290000000	0.011547544289	0.010282318343	6000
7	4	0.700000000000	0.400000000000	1	0.211030000000	0.246293333333	0.019049111142	0.014711648799	16000
7	4	0.700000000000	0.400000000000	2	0.247176666667	0.211693333333	0.021796112637	0.018503678538	30000
7	4	0.700000000000	0.400000000000	3	0.239470000000	0.224413333333	0.014329534070	0.012116213305	30000
7	4	0.700000000000	0.400000000000	4	0.218503333333	0.242336666667	0.012189600199	0.012006745129	30000
7	4	0.700000000000	0.400000000000	5	0.214443333333	0.249946666667	0.016544467268	0.014271211922	30000
7	5	0.700000000000	0.500000000000	1	0.217253333333	0.246696666667	0.023340487964	0.023325209273	30000
7	5	0.700000000000	0.500000000000	2	0.214330000000	0.244716666667	0.016267013116	0.017671974637	30000
7	5	0.700000000000	0.500000000000	3	0.235120000000	0.228760000000	0.019774252590	0.024075294340	30000
7	5	0.700000000000	0.500000000000	4	0.232243333333	0.230343333333	0.010465779649	0.013166452738	30000
7	5	0.700000000000	0.500000000000	5	0.231676666667	0.226450000000	0.015231864215	0.014612777131	30000
7	6	0.700000000000	0.600000000000	1	0.216580000000	0.241270000000	0.023233573864	0.024728497702	30000
7	6	0.700000000000	0.600000000000	2	0.236086666667	0.228986666667	0.012277934721	0.009540426135	30000
7	6	0.700000000000	0.600000000000	3	0.255130000000	0.202533333333	0.024189331932	0.026216673714	30000
7	6	0.700000000000	0.600000000000	4	0.243436666667	0.222310000000	0.022789564323	0.022083337520	30000
7	6	0.700000000000	0.600000000000	5	0.237170000000	0.231680000000	0.013426517470	0.011905526607	30000
7	7	0.700000000000	0.700000000000	1	0.252390000000	0.212446666667	0.014705393332	0.011778384029	30000
7	7	0.700000000000	0.700000000000	2	0.239073333333	0.229090000000	0.013040970491	0.011678444410	18000
7	7	0.700000000000	0.700000000000	3	0.228810000000	0.237810000000	0.010712339136	0.008964487705	14000
7	7	0.700000000000	0.700000000000	4	0.233243333333	0.224316666667	0.011767532420	0.010493323213	30000
7	7	0.700000000000	0.700000000000	5	0.231050000000	0.227626666667	0.015339474115	0.015997947816	30000
7	8	0.700000000000	0.800000000000	1	0.224956666667	0.233130000000	0.013960807193	0.012773219799	30000
7	8	0.700000000000	0.800000000000	2	0.232830000000	0.231866666667	0.021619503866	0.016006755331	30000
7	8	0.700000000000	0.800000000000	3	0.252346666667	0.212046666667	0.018038745235	0.016413155039	30000
7	8	0.700000000000	0.800000000000	4	0.239083333333	0.228250000000	0.011849055758	0.012723532417	30000
7	8	0.700000000000	0.800000000000	5	0.233750000000	0.220736666667	0.016736050106	0.013718234457	30000
7	9	0.700000000000	0.900000000000	1	0.231316666667	0.230926666667	0.018042010011	0.013783974518	8000
7	9	0.700000000000	0.900000000000	2	0.250386666667	0.206196666667	0.020803176438	0.024458345078	30000
7	9	0.700000000000	0.900000000000	3	0.221716666667	0.238756666667	0.018785199415	0.019187091727	30000
7	9	0.700000000000	0.900000000000	4	0.209276666667	0.257706666667	0.027476425624	0.024615530145	26000
7	9	0.700000000000	0.900000000000	5	0.214260000000	0.248646666667	0.016004085509	0.011734828294	30000
7	10	0.700000000000	1.000000000000	1	0.000000000000	1.000000000000	0.000000000000	0.000000000000	6000
7	10	0.700000000000	1.000000000000	2	0.000000000000	1.000000000000	0.000000000000	0.000000000000	6000
7	10	0.700000000000	1.000000000000	3	0.000000000000	1.000000000000	0.000000000000	0.000000000000	6000
7	10	0.700000000000	1.000000000000	4	0.000000000000	1.000000000000	0.000000000000	0.000000000000	6000
7	10	0.700000000000	1.000000000000	5	0.000000000000	1.000000000000	0.000000000000	0.000000000000	6000
